frame, face_id, timestamp, confidence, success, AU01_r, AU02_r, AU04_r, AU05_r, AU06_r, AU07_r, AU09_r, AU10_r, AU12_r, AU14_r, AU15_r, AU17_r, AU20_r, AU23_r, AU25_r, AU26_r, AU45_r, AU01_c, AU02_c, AU04_c, AU05_c, AU06_c, AU07_c, AU09_c, AU10_c, AU12_c, AU14_c, AU15_c, AU17_c, AU20_c, AU23_c, AU25_c, AU26_c, AU28_c, AU45_c
1,  0,  0.000,  0.98,  1, 0.01, 0.00, 0.86, 0.00, 0.37, 0.41, 0.00, 0.63, 0.61, 1.07, 0.00, 0.00, 0.00, 0.00, 0.58, 1.11, 0.00, 0.00, 0.00, 1.00, 0.00, 0.00, 1.00, 0.00, 0.00, 0.00, 1.00, 0.00, 0.00, 0.00, 0.00, 1.00, 0.00, 0.00, 1.00
2,  0,  0.017,  0.98,  1, 0.25, 0.00, 1.08, 0.00, 0.40, 0.22, 0.02, 0.56, 0.50, 0.81, 0.12, 0.01, 0.00, 0.00, 0.21, 0.79, 0.20, 0.00, 0.00, 1.00, 0.00, 0.00, 0.00, 0.00, 0.00, 0.00, 1.00, 0.00, 0.00, 0.00, 1.00, 0.00, 0.00, 0.00, 1.00
3,  0,  0.033,  0.98,  1, 0.37, 0.00, 1.15, 0.00, 0.42, 0.08, 0.02, 0.63, 0.52, 0.80, 0.16, 0.13, 0.00, 0.00, 0.02, 0.78, 0.33, 0.00, 0.00, 1.00, 0.00, 0.00, 0.00, 0.00, 0.00, 0.00, 1.00, 0.00, 0.00, 0.00, 1.00, 0.00, 0.00, 0.00, 1.00
4,  0,  0.050,  0.98,  1, 0.50, 0.00, 1.16, 0.00, 0.49, 0.06, 0.04, 0.71, 0.59, 0.97, 0.30, 0.21, 0.00, 0.00, 0.00, 0.71, 0.21, 0.00, 0.00, 1.00, 0.00, 0.00, 0.00, 0.00, 0.00, 0.00, 1.00, 0.00, 0.00, 0.00, 1.00, 0.00, 0.00, 0.00, 1.00
5,  0,  0.067,  0.98,  1, 0.47, 0.00, 0.99, 0.00, 0.58, 0.07, 0.04, 0.72, 0.65, 1.13, 0.18, 0.29, 0.00, 0.00, 0.11, 0.79, 0.21, 0.00, 0.00, 1.00, 0.00, 0.00, 0.00, 0.00, 0.00, 0.00, 1.00, 0.00, 0.00, 0.00, 1.00, 0.00, 0.00, 0.00, 1.00
6,  0,  0.083,  0.98,  1, 0.54, 0.00, 1.03, 0.00, 0.70, 0.12, 0.04, 0.67, 0.58, 1.07, 0.21, 0.32, 0.00, 0.00, 0.11, 0.46, 0.20, 0.00, 0.00, 1.00, 0.00, 0.00, 0.00, 0.00, 0.00, 0.00, 1.00, 0.00, 0.00, 0.00, 1.00, 0.00, 0.00, 0.00, 1.00
7,  0,  0.100,  0.98,  1, 0.56, 0.08, 1.02, 0.00, 0.65, 0.20, 0.07, 0.63, 0.53, 1.01, 0.12, 0.31, 0.00, 0.00, 0.13, 0.44, 0.12, 0.00, 0.00, 1.00, 0.00, 0.00, 0.00, 0.00, 0.00, 0.00, 1.00, 0.00, 0.00, 0.00, 1.00, 0.00, 0.00, 0.00, 1.00
8,  0,  0.117,  0.98,  1, 0.57, 0.08, 1.19, 0.00, 0.59, 0.13, 0.11, 0.64, 0.51, 0.99, 0.25, 0.36, 0.00, 0.00, 0.17, 0.29, 0.14, 0.00, 0.00, 1.00, 0.00, 0.00, 0.00, 0.00, 0.00, 0.00, 1.00, 0.00, 0.00, 0.00, 1.00, 0.00, 0.00, 0.00, 1.00
9,  0,  0.133,  0.98,  1, 0.57, 0.23, 1.14, 0.00, 0.46, 0.14, 0.18, 0.58, 0.54, 1.01, 0.19, 0.22, 0.00, 0.00, 0.17, 0.36, 0.08, 0.00, 0.00, 1.00, 0.00, 0.00, 0.00, 0.00, 0.00, 0.00, 1.00, 0.00, 0.00, 0.00, 1.00, 0.00, 0.00, 0.00, 1.00
10,  0,  0.150,  0.98,  1, 0.52, 0.15, 1.10, 0.00, 0.55, 0.07, 0.13, 0.58, 0.58, 1.12, 0.21, 0.25, 0.00, 0.00, 0.15, 0.27, 0.25, 1.00, 0.00, 1.00, 0.00, 0.00, 0.00, 0.00, 0.00, 0.00, 1.00, 0.00, 0.00, 0.00, 1.00, 0.00, 0.00, 0.00, 1.00
11,  0,  0.167,  0.98,  1, 0.55, 0.15, 1.00, 0.00, 0.55, 0.07, 0.07, 0.71, 0.62, 1.12, 0.08, 0.15, 0.00, 0.00, 0.18, 0.32, 0.35, 0.00, 0.00, 1.00, 0.00, 0.00, 0.00, 0.00, 0.00, 0.00, 1.00, 0.00, 0.00, 0.00, 1.00, 0.00, 0.00, 0.00, 1.00
12,  0,  0.183,  0.98,  1, 0.53, 0.12, 0.98, 0.00, 0.62, 0.08, 0.01, 0.71, 0.63, 1.19, 0.17, 0.32, 0.00, 0.00, 0.26, 0.40, 0.30, 0.00, 1.00, 1.00, 0.00, 0.00, 0.00, 0.00, 0.00, 0.00, 1.00, 0.00, 0.00, 0.00, 1.00, 0.00, 0.00, 0.00, 1.00
13,  0,  0.200,  0.98,  1, 0.51, 0.12, 0.92, 0.00, 0.64, 0.27, 0.12, 0.84, 0.67, 1.14, 0.22, 0.20, 0.00, 0.00, 0.31, 0.40, 0.12, 0.00, 1.00, 1.00, 0.00, 0.00, 0.00, 0.00, 0.00, 0.00, 1.00, 0.00, 0.00, 0.00, 1.00, 0.00, 0.00, 0.00, 1.00
14,  0,  0.217,  0.98,  1, 0.44, 0.31, 0.84, 0.00, 0.64, 0.27, 0.15, 0.67, 0.70, 1.20, 0.31, 0.28, 0.00, 0.00, 0.16, 0.39, 0.00, 0.00, 1.00, 1.00, 0.00, 0.00, 0.00, 0.00, 0.00, 0.00, 1.00, 0.00, 0.00, 0.00, 1.00, 0.00, 0.00, 0.00, 1.00
15,  0,  0.233,  0.98,  1, 0.45, 0.18, 0.99, 0.00, 0.60, 0.20, 0.14, 0.65, 0.70, 1.22, 0.30, 0.26, 0.00, 0.00, 0.08, 0.41, 0.00, 0.00, 1.00, 1.00, 0.00, 0.00, 0.00, 0.00, 0.00, 0.00, 1.00, 0.00, 0.00, 0.00, 1.00, 0.00, 0.00, 0.00, 1.00
16,  0,  0.250,  0.98,  1, 0.46, 0.18, 1.06, 0.00, 0.57, 0.01, 0.10, 0.58, 0.66, 1.34, 0.22, 0.39, 0.00, 0.00, 0.11, 0.39, 0.01, 0.00, 1.00, 1.00, 0.00, 0.00, 0.00, 0.00, 0.00, 0.00, 1.00, 0.00, 0.00, 0.00, 1.00, 0.00, 0.00, 0.00, 1.00
17,  0,  0.267,  0.98,  1, 0.52, 0.08, 1.09, 0.01, 0.66, 0.01, 0.13, 0.68, 0.61, 1.23, 0.24, 0.49, 0.00, 0.00, 0.08, 0.31, 0.01, 0.00, 1.00, 1.00, 0.00, 0.00, 0.00, 0.00, 0.00, 0.00, 1.00, 0.00, 0.00, 0.00, 1.00, 0.00, 0.00, 0.00, 1.00
18,  0,  0.283,  0.98,  1, 0.45, 0.13, 0.89, 0.01, 0.64, 0.00, 0.11, 0.73, 0.57, 1.10, 0.15, 0.45, 0.00, 0.00, 0.08, 0.22, 0.01, 0.00, 1.00, 1.00, 0.00, 0.00, 0.00, 0.00, 0.00, 0.00, 1.00, 0.00, 0.00, 0.00, 1.00, 0.00, 0.00, 0.00, 0.00
19,  0,  0.300,  0.98,  1, 0.54, 0.34, 0.96, 0.01, 0.65, 0.00, 0.14, 0.75, 0.56, 0.96, 0.12, 0.39, 0.00, 0.00, 0.00, 0.22, 0.00, 0.00, 0.00, 1.00, 0.00, 0.00, 0.00, 0.00, 0.00, 0.00, 1.00, 0.00, 0.00, 0.00, 1.00, 0.00, 0.00, 0.00, 0.00
20,  0,  0.317,  0.98,  1, 0.48, 0.34, 0.84, 0.00, 0.41, 0.00, 0.13, 0.74, 0.47, 1.11, 0.01, 0.29, 0.00, 0.00, 0.03, 0.26, 0.00, 0.00, 0.00, 1.00, 0.00, 0.00, 0.00, 0.00, 0.00, 0.00, 1.00, 0.00, 0.00, 0.00, 1.00, 0.00, 0.00, 0.00, 0.00
21,  0,  0.333,  0.98,  1, 0.36, 0.29, 0.88, 0.00, 0.41, 0.12, 0.13, 0.79, 0.56, 1.25, 0.06, 0.28, 0.00, 0.00, 0.13, 0.30, 0.00, 0.00, 0.00, 1.00, 0.00, 0.00, 0.00, 0.00, 0.00, 0.00, 1.00, 0.00, 0.00, 0.00, 1.00, 0.00, 0.00, 0.00, 0.00
22,  0,  0.350,  0.98,  1, 0.27, 0.16, 0.79, 0.00, 0.38, 0.12, 0.06, 0.76, 0.56, 1.25, 0.20, 0.34, 0.00, 0.00, 0.22, 0.36, 0.00, 0.00, 0.00, 1.00, 0.00, 0.00, 0.00, 0.00, 0.00, 0.00, 1.00, 0.00, 0.00, 0.00, 1.00, 0.00, 0.00, 0.00, 0.00
23,  0,  0.367,  0.98,  1, 0.45, 0.15, 0.90, 0.00, 0.51, 0.12, 0.02, 0.79, 0.58, 1.12, 0.20, 0.31, 0.00, 0.00, 0.30, 0.41, 0.15, 0.00, 0.00, 1.00, 0.00, 0.00, 0.00, 0.00, 0.00, 0.00, 1.00, 0.00, 0.00, 0.00, 1.00, 0.00, 0.00, 0.00, 0.00
24,  0,  0.383,  0.98,  1, 0.61, 0.27, 0.84, 0.00, 0.46, 0.00, 0.03, 0.72, 0.49, 0.99, 0.16, 0.23, 0.00, 0.00, 0.24, 0.37, 0.15, 0.00, 0.00, 1.00, 0.00, 0.00, 0.00, 0.00, 0.00, 0.00, 1.00, 0.00, 0.00, 0.00, 1.00, 0.00, 0.00, 0.00, 0.00
25,  0,  0.400,  0.98,  1, 0.68, 0.29, 0.75, 0.00, 0.41, 0.00, 0.01, 0.73, 0.53, 0.99, 0.26, 0.22, 0.00, 0.00, 0.15, 0.29, 0.15, 0.00, 0.00, 1.00, 0.00, 0.00, 0.00, 0.00, 0.00, 0.00, 1.00, 0.00, 0.00, 0.00, 1.00, 0.00, 0.00, 0.00, 0.00
26,  0,  0.417,  0.98,  1, 0.43, 0.23, 0.84, 0.05, 0.43, 0.00, 0.01, 0.54, 0.54, 0.97, 0.26, 0.15, 0.00, 0.00, 0.12, 0.26, 0.00, 0.00, 0.00, 1.00, 0.00, 0.00, 0.00, 0.00, 0.00, 0.00, 1.00, 0.00, 0.00, 0.00, 1.00, 0.00, 0.00, 0.00, 0.00
27,  0,  0.433,  0.98,  1, 0.41, 0.11, 0.82, 0.05, 0.50, 0.00, 0.00, 0.65, 0.58, 0.98, 0.32, 0.25, 0.00, 0.00, 0.29, 0.31, 0.10, 0.00, 0.00, 1.00, 0.00, 0.00, 0.00, 0.00, 0.00, 0.00, 1.00, 0.00, 0.00, 0.00, 1.00, 0.00, 0.00, 0.00, 0.00
28,  0,  0.450,  0.98,  1, 0.29, 0.01, 0.82, 0.05, 0.56, 0.00, 0.10, 0.73, 0.59, 0.92, 0.26, 0.26, 0.00, 0.00, 0.35, 0.40, 0.10, 0.00, 0.00, 1.00, 0.00, 0.00, 0.00, 0.00, 0.00, 0.00, 1.00, 0.00, 0.00, 0.00, 1.00, 0.00, 0.00, 0.00, 0.00
29,  0,  0.467,  0.98,  1, 0.33, 0.01, 0.81, 0.00, 0.52, 0.00, 0.12, 0.91, 0.58, 0.96, 0.34, 0.46, 0.00, 0.00, 0.36, 0.51, 0.10, 0.00, 0.00, 1.00, 0.00, 0.00, 0.00, 0.00, 0.00, 0.00, 1.00, 0.00, 0.00, 0.00, 1.00, 0.00, 0.00, 0.00, 0.00
30,  0,  0.483,  0.98,  1, 0.30, 0.01, 0.89, 0.00, 0.57, 0.00, 0.20, 0.81, 0.54, 1.03, 0.28, 0.42, 0.00, 0.00, 0.16, 0.35, 0.09, 0.00, 0.00, 1.00, 0.00, 0.00, 0.00, 0.00, 0.00, 0.00, 1.00, 0.00, 0.00, 0.00, 1.00, 0.00, 0.00, 0.00, 0.00
31,  0,  0.500,  0.98,  1, 0.34, 0.00, 0.90, 0.00, 0.52, 0.00, 0.11, 0.77, 0.55, 1.14, 0.09, 0.33, 0.00, 0.00, 0.09, 0.20, 0.09, 0.00, 0.00, 1.00, 0.00, 0.00, 0.00, 0.00, 0.00, 0.00, 1.00, 0.00, 0.00, 0.00, 1.00, 0.00, 0.00, 0.00, 0.00
32,  0,  0.517,  0.98,  1, 0.44, 0.07, 0.91, 0.14, 0.55, 0.19, 0.11, 0.66, 0.56, 1.08, 0.16, 0.22, 0.00, 0.00, 0.02, 0.10, 0.09, 0.00, 0.00, 1.00, 0.00, 0.00, 0.00, 0.00, 0.00, 0.00, 1.00, 0.00, 0.00, 0.00, 1.00, 0.00, 0.00, 0.00, 0.00
33,  0,  0.533,  0.98,  1, 0.50, 0.28, 0.91, 0.14, 0.49, 0.20, 0.02, 0.66, 0.61, 1.08, 0.21, 0.32, 0.00, 0.00, 0.02, 0.29, 0.00, 0.00, 0.00, 1.00, 0.00, 0.00, 0.00, 0.00, 0.00, 0.00, 1.00, 0.00, 0.00, 0.00, 1.00, 0.00, 0.00, 0.00, 0.00
34,  0,  0.550,  0.98,  1, 0.61, 0.28, 0.98, 0.14, 0.46, 0.20, 0.06, 0.60, 0.54, 0.97, 0.20, 0.39, 0.00, 0.00, 0.02, 0.35, 0.00, 0.00, 0.00, 1.00, 0.00, 0.00, 0.00, 0.00, 0.00, 0.00, 1.00, 0.00, 0.00, 0.00, 1.00, 0.00, 0.00, 0.00, 0.00
35,  0,  0.567,  0.98,  1, 0.69, 0.21, 0.87, 0.00, 0.46, 0.11, 0.07, 0.61, 0.55, 1.02, 0.06, 0.34, 0.00, 0.00, 0.05, 0.28, 0.00, 0.00, 0.00, 1.00, 0.00, 0.00, 0.00, 0.00, 0.00, 0.00, 1.00, 0.00, 0.00, 0.00, 1.00, 0.00, 0.00, 0.00, 0.00
36,  0,  0.583,  0.98,  1, 0.61, 0.06, 0.92, 0.00, 0.46, 0.14, 0.07, 0.64, 0.53, 1.05, 0.18, 0.31, 0.00, 0.00, 0.05, 0.20, 0.00, 0.00, 0.00, 1.00, 0.00, 0.00, 0.00, 0.00, 0.00, 0.00, 1.00, 0.00, 0.00, 0.00, 1.00, 0.00, 0.00, 0.00, 0.00
37,  0,  0.600,  0.98,  1, 0.49, 0.06, 0.84, 0.00, 0.46, 0.27, 0.02, 0.59, 0.55, 1.05, 0.29, 0.30, 0.00, 0.00, 0.07, 0.17, 0.00, 0.00, 0.00, 1.00, 0.00, 0.00, 0.00, 0.00, 0.00, 0.00, 1.00, 0.00, 0.00, 0.00, 1.00, 0.00, 0.00, 0.00, 0.00
38,  0,  0.617,  0.98,  1, 0.34, 0.06, 0.92, 0.07, 0.47, 0.48, 0.04, 0.63, 0.56, 1.04, 0.32, 0.33, 0.00, 0.00, 0.02, 0.16, 0.00, 0.00, 0.00, 1.00, 0.00, 0.00, 0.00, 0.00, 0.00, 0.00, 1.00, 0.00, 0.00, 0.00, 1.00, 0.00, 0.00, 0.00, 0.00
39,  0,  0.633,  0.98,  1, 0.34, 0.05, 0.88, 0.07, 0.46, 0.67, 0.08, 0.63, 0.60, 1.06, 0.19, 0.30, 0.00, 0.00, 0.02, 0.12, 0.04, 0.00, 0.00, 1.00, 0.00, 0.00, 0.00, 0.00, 0.00, 0.00, 1.00, 0.00, 0.00, 0.00, 1.00, 0.00, 0.00, 0.00, 0.00
40,  0,  0.650,  0.98,  1, 0.28, 0.08, 1.02, 0.08, 0.52, 0.54, 0.15, 0.67, 0.56, 1.06, 0.09, 0.35, 0.00, 0.00, 0.00, 0.20, 0.04, 0.00, 0.00, 1.00, 0.00, 0.00, 0.00, 0.00, 0.00, 0.00, 1.00, 0.00, 0.00, 0.00, 1.00, 0.00, 0.00, 0.00, 0.00
41,  0,  0.667,  0.98,  1, 0.37, 0.12, 1.08, 0.01, 0.51, 0.22, 0.14, 0.66, 0.43, 0.97, 0.27, 0.36, 0.00, 0.00, 0.10, 0.23, 0.04, 0.00, 0.00, 1.00, 0.00, 0.00, 0.00, 0.00, 0.00, 0.00, 1.00, 0.00, 0.00, 0.00, 1.00, 0.00, 0.00, 0.00, 0.00
42,  0,  0.683,  0.98,  1, 0.32, 0.07, 1.08, 0.04, 0.50, 0.07, 0.11, 0.60, 0.33, 0.90, 0.31, 0.30, 0.00, 0.00, 0.16, 0.26, 0.06, 0.00, 0.00, 1.00, 0.00, 0.00, 0.00, 0.00, 0.00, 0.00, 1.00, 0.00, 0.00, 0.00, 1.00, 0.00, 0.00, 0.00, 0.00
43,  0,  0.700,  0.98,  1, 0.40, 0.12, 1.04, 0.04, 0.40, 0.11, 0.10, 0.59, 0.26, 0.95, 0.39, 0.30, 0.00, 0.00, 0.16, 0.27, 0.06, 0.00, 0.00, 1.00, 0.00, 0.00, 0.00, 0.00, 0.00, 0.00, 1.00, 0.00, 0.00, 0.00, 1.00, 0.00, 0.00, 0.00, 0.00
44,  0,  0.717,  0.98,  1, 0.22, 0.12, 1.03, 0.06, 0.41, 0.33, 0.10, 0.57, 0.36, 1.03, 0.30, 0.29, 0.00, 0.00, 0.06, 0.23, 0.06, 0.00, 0.00, 1.00, 0.00, 0.00, 0.00, 0.00, 0.00, 0.00, 1.00, 0.00, 0.00, 0.00, 1.00, 0.00, 0.00, 0.00, 0.00
45,  0,  0.733,  0.98,  1, 0.39, 0.12, 1.26, 0.03, 0.49, 0.37, 0.15, 0.75, 0.42, 0.99, 0.26, 0.23, 0.00, 0.00, 0.00, 0.32, 0.00, 0.00, 0.00, 1.00, 0.00, 0.00, 0.00, 0.00, 0.00, 0.00, 1.00, 0.00, 0.00, 0.00, 1.00, 0.00, 0.00, 0.00, 0.00
46,  0,  0.750,  0.98,  1, 0.38, 0.09, 1.41, 0.03, 0.58, 0.55, 0.12, 0.72, 0.48, 1.15, 0.19, 0.24, 0.03, 0.00, 0.00, 0.24, 0.00, 0.00, 0.00, 1.00, 0.00, 0.00, 0.00, 0.00, 0.00, 0.00, 1.00, 0.00, 0.00, 0.00, 1.00, 0.00, 0.00, 0.00, 0.00
47,  0,  0.767,  0.98,  1, 0.50, 0.21, 1.40, 0.00, 0.52, 0.51, 0.18, 0.74, 0.41, 0.97, 0.28, 0.30, 0.03, 0.00, 0.15, 0.48, 0.00, 0.00, 0.00, 1.00, 0.00, 0.00, 1.00, 0.00, 0.00, 0.00, 1.00, 0.00, 0.00, 0.00, 1.00, 0.00, 0.00, 0.00, 0.00
48,  0,  0.783,  0.98,  1, 0.53, 0.21, 1.29, 0.00, 0.52, 0.59, 0.11, 0.61, 0.40, 1.14, 0.25, 0.39, 0.03, 0.00, 0.29, 0.29, 0.00, 0.00, 0.00, 1.00, 0.00, 0.00, 1.00, 0.00, 0.00, 0.00, 1.00, 0.00, 0.00, 0.00, 1.00, 0.00, 0.00, 0.00, 0.00
49,  0,  0.800,  0.98,  1, 0.51, 0.18, 1.40, 0.00, 0.45, 0.46, 0.19, 0.71, 0.39, 0.94, 0.30, 0.35, 0.00, 0.00, 0.29, 0.25, 0.00, 0.00, 0.00, 1.00, 0.00, 0.00, 1.00, 0.00, 0.00, 0.00, 1.00, 0.00, 0.00, 0.00, 1.00, 0.00, 0.00, 0.00, 0.00
50,  0,  0.817,  0.98,  1, 0.47, 0.03, 1.51, 0.00, 0.52, 0.45, 0.10, 0.64, 0.47, 1.11, 0.19, 0.36, 0.00, 0.00, 0.17, 0.12, 0.00, 0.00, 0.00, 1.00, 0.00, 0.00, 1.00, 0.00, 0.00, 0.00, 1.00, 0.00, 0.00, 0.00, 1.00, 0.00, 0.00, 0.00, 0.00
51,  0,  0.833,  0.98,  1, 0.26, 0.03, 1.46, 0.00, 0.48, 0.37, 0.11, 0.70, 0.51, 1.06, 0.17, 0.33, 0.00, 0.00, 0.26, 0.19, 0.00, 0.00, 0.00, 1.00, 0.00, 0.00, 1.00, 0.00, 0.00, 0.00, 1.00, 0.00, 0.00, 0.00, 1.00, 1.00, 0.00, 0.00, 0.00
52,  0,  0.850,  0.98,  1, 0.16, 0.00, 1.39, 0.00, 0.52, 0.44, 0.12, 0.57, 0.53, 1.16, 0.09, 0.21, 0.00, 0.00, 0.26, 0.27, 0.00, 0.00, 0.00, 1.00, 0.00, 0.00, 1.00, 0.00, 0.00, 0.00, 1.00, 0.00, 0.00, 0.00, 1.00, 1.00, 0.00, 0.00, 0.00
53,  0,  0.867,  0.98,  1, 0.17, 0.00, 1.51, 0.00, 0.57, 0.37, 0.20, 0.75, 0.52, 1.17, 0.00, 0.15, 0.00, 0.00, 0.34, 0.33, 0.00, 0.00, 0.00, 1.00, 0.00, 0.00, 1.00, 0.00, 0.00, 0.00, 1.00, 0.00, 0.00, 0.00, 1.00, 1.00, 0.00, 0.00, 0.00
54,  0,  0.883,  0.98,  1, 0.25, 0.00, 1.62, 0.03, 0.59, 0.39, 0.19, 0.66, 0.51, 1.13, 0.10, 0.24, 0.00, 0.00, 0.12, 0.33, 0.00, 0.00, 0.00, 1.00, 0.00, 0.00, 1.00, 0.00, 0.00, 0.00, 1.00, 0.00, 0.00, 0.00, 1.00, 1.00, 0.00, 0.00, 0.00
55,  0,  0.900,  0.98,  1, 0.46, 0.02, 1.71, 0.18, 0.61, 0.36, 0.14, 0.73, 0.52, 0.94, 0.10, 0.25, 0.00, 0.00, 0.15, 0.30, 0.01, 0.00, 0.00, 1.00, 0.00, 0.00, 1.00, 0.00, 0.00, 0.00, 1.00, 0.00, 0.00, 0.00, 1.00, 1.00, 0.00, 0.00, 0.00
56,  0,  0.917,  0.98,  1, 0.48, 0.06, 1.76, 0.18, 0.49, 0.40, 0.06, 0.49, 0.49, 0.89, 0.10, 0.19, 0.00, 0.00, 0.12, 0.21, 0.01, 0.00, 0.00, 1.00, 0.00, 0.00, 1.00, 0.00, 0.00, 0.00, 1.00, 0.00, 0.00, 0.00, 1.00, 1.00, 0.00, 0.00, 0.00
57,  0,  0.933,  0.98,  1, 0.50, 0.06, 1.80, 0.34, 0.56, 0.39, 0.06, 0.49, 0.46, 0.95, 0.06, 0.11, 0.00, 0.00, 0.11, 0.17, 0.01, 0.00, 0.00, 1.00, 0.00, 0.00, 1.00, 0.00, 0.00, 0.00, 1.00, 0.00, 0.00, 0.00, 1.00, 1.00, 0.00, 0.00, 0.00
58,  0,  0.950,  0.98,  1, 0.43, 0.04, 1.64, 0.18, 0.57, 0.36, 0.03, 0.45, 0.39, 1.00, 0.23, 0.23, 0.00, 0.00, 0.09, 0.16, 0.00, 0.00, 0.00, 1.00, 0.00, 0.00, 1.00, 0.00, 0.00, 0.00, 1.00, 0.00, 0.00, 0.00, 1.00, 0.00, 0.00, 0.00, 0.00
59,  0,  0.967,  0.98,  1, 0.46, 0.00, 1.58, 0.34, 0.63, 0.48, 0.08, 0.49, 0.34, 1.08, 0.26, 0.26, 0.00, 0.00, 0.09, 0.21, 0.00, 0.00, 0.00, 1.00, 0.00, 0.00, 1.00, 0.00, 0.00, 0.00, 1.00, 0.00, 0.00, 0.00, 1.00, 0.00, 0.00, 0.00, 0.00
60,  0,  0.983,  0.98,  1, 0.52, 0.00, 1.56, 0.27, 0.66, 0.65, 0.12, 0.61, 0.39, 1.12, 0.20, 0.31, 0.00, 0.00, 0.10, 0.30, 0.05, 0.00, 0.00, 1.00, 0.00, 0.00, 1.00, 0.00, 0.00, 0.00, 1.00, 0.00, 0.00, 0.00, 1.00, 0.00, 0.00, 0.00, 0.00
61,  0,  1.000,  0.98,  1, 0.55, 0.06, 1.73, 0.27, 0.68, 0.84, 0.15, 0.67, 0.44, 1.18, 0.13, 0.39, 0.00, 0.00, 0.10, 0.35, 0.05, 0.00, 0.00, 1.00, 0.00, 0.00, 1.00, 0.00, 0.00, 0.00, 1.00, 0.00, 0.00, 0.00, 1.00, 0.00, 0.00, 0.00, 0.00
62,  0,  1.017,  0.98,  1, 0.42, 0.06, 1.86, 0.26, 0.69, 0.60, 0.11, 0.84, 0.52, 1.24, 0.21, 0.52, 0.00, 0.00, 0.06, 0.45, 0.05, 0.00, 0.00, 1.00, 0.00, 0.00, 1.00, 0.00, 0.00, 0.00, 1.00, 0.00, 0.00, 0.00, 1.00, 0.00, 0.00, 0.00, 0.00
63,  0,  1.033,  0.98,  1, 0.41, 0.12, 1.77, 0.15, 0.61, 0.48, 0.10, 0.78, 0.47, 1.04, 0.21, 0.55, 0.00, 0.00, 0.04, 0.49, 0.00, 0.00, 0.00, 1.00, 0.00, 0.00, 1.00, 0.00, 0.00, 0.00, 1.00, 0.00, 0.00, 0.00, 1.00, 0.00, 0.00, 0.00, 0.00
64,  0,  1.050,  0.98,  1, 0.35, 0.09, 1.90, 0.36, 0.57, 0.49, 0.13, 0.80, 0.50, 0.97, 0.21, 0.50, 0.00, 0.00, 0.15, 0.40, 0.00, 0.00, 0.00, 1.00, 0.00, 0.00, 1.00, 0.00, 0.00, 0.00, 1.00, 0.00, 0.00, 0.00, 1.00, 0.00, 0.00, 0.00, 0.00
65,  0,  1.067,  0.98,  1, 0.35, 0.09, 1.80, 0.29, 0.61, 0.49, 0.23, 0.70, 0.51, 0.98, 0.10, 0.47, 0.00, 0.00, 0.25, 0.33, 0.00, 0.00, 0.00, 1.00, 0.00, 0.00, 1.00, 0.00, 0.00, 0.00, 1.00, 0.00, 0.00, 0.00, 1.00, 1.00, 0.00, 0.00, 0.00
66,  0,  1.083,  0.98,  1, 0.32, 0.02, 1.93, 0.35, 0.59, 0.47, 0.20, 0.76, 0.46, 1.00, 0.10, 0.35, 0.00, 0.00, 0.32, 0.24, 0.00, 0.00, 0.00, 1.00, 0.00, 0.00, 1.00, 0.00, 0.00, 0.00, 1.00, 0.00, 0.00, 0.00, 1.00, 1.00, 0.00, 0.00, 0.00
67,  0,  1.100,  0.98,  1, 0.46, 0.00, 1.91, 0.17, 0.64, 0.25, 0.21, 0.80, 0.40, 1.08, 0.00, 0.28, 0.00, 0.00, 0.23, 0.50, 0.00, 0.00, 0.00, 1.00, 0.00, 0.00, 1.00, 0.00, 0.00, 0.00, 1.00, 0.00, 0.00, 0.00, 1.00, 1.00, 0.00, 0.00, 0.00
68,  0,  1.117,  0.98,  1, 0.55, 0.00, 2.00, 0.11, 0.58, 0.27, 0.10, 0.87, 0.37, 1.00, 0.06, 0.37, 0.00, 0.00, 0.11, 0.50, 0.00, 0.00, 0.00, 1.00, 0.00, 0.00, 1.00, 0.00, 0.00, 0.00, 1.00, 0.00, 0.00, 0.00, 1.00, 1.00, 0.00, 0.00, 0.00
69,  0,  1.133,  0.98,  1, 0.53, 0.00, 1.98, 0.06, 0.64, 0.14, 0.18, 0.83, 0.50, 1.05, 0.08, 0.35, 0.00, 0.00, 0.18, 0.50, 0.00, 0.00, 0.00, 1.00, 0.00, 0.00, 1.00, 0.00, 0.00, 0.00, 1.00, 0.00, 0.00, 0.00, 1.00, 1.00, 0.00, 0.00, 0.00
70,  0,  1.150,  0.98,  1, 0.45, 0.00, 1.85, 0.03, 0.59, 0.17, 0.13, 0.75, 0.53, 1.11, 0.12, 0.36, 0.00, 0.00, 0.17, 0.27, 0.00, 0.00, 0.00, 1.00, 0.00, 0.00, 1.00, 0.00, 0.00, 0.00, 1.00, 0.00, 0.00, 0.00, 1.00, 1.00, 0.00, 0.00, 0.00
71,  0,  1.167,  0.98,  1, 0.41, 0.00, 1.63, 0.02, 0.66, 0.14, 0.18, 0.82, 0.60, 1.09, 0.11, 0.17, 0.00, 0.00, 0.14, 0.24, 0.00, 0.00, 0.00, 1.00, 0.00, 0.00, 0.00, 0.00, 0.00, 0.00, 1.00, 0.00, 0.00, 0.00, 1.00, 0.00, 0.00, 0.00, 0.00
72,  0,  1.183,  0.98,  1, 0.47, 0.02, 1.62, 0.02, 0.65, 0.19, 0.13, 0.92, 0.51, 1.02, 0.13, 0.22, 0.00, 0.00, 0.00, 0.31, 0.00, 0.00, 0.00, 1.00, 0.00, 0.00, 0.00, 0.00, 0.00, 0.00, 1.00, 0.00, 0.00, 0.00, 1.00, 0.00, 0.00, 0.00, 0.00
73,  0,  1.200,  0.98,  1, 0.48, 0.02, 1.51, 0.08, 0.61, 0.25, 0.10, 0.85, 0.50, 0.79, 0.17, 0.28, 0.00, 0.00, 0.00, 0.36, 0.00, 0.00, 0.00, 1.00, 0.00, 0.00, 1.00, 0.00, 0.00, 0.00, 1.00, 0.00, 0.00, 0.00, 1.00, 0.00, 0.00, 0.00, 0.00
74,  0,  1.217,  0.98,  1, 0.53, 0.08, 1.54, 0.06, 0.57, 0.43, 0.09, 0.80, 0.47, 0.71, 0.17, 0.34, 0.00, 0.00, 0.04, 0.28, 0.00, 0.00, 0.00, 1.00, 0.00, 0.00, 1.00, 0.00, 0.00, 0.00, 1.00, 0.00, 0.00, 0.00, 1.00, 0.00, 0.00, 0.00, 0.00
75,  0,  1.233,  0.98,  1, 0.53, 0.06, 1.59, 0.12, 0.53, 0.46, 0.07, 0.75, 0.48, 0.82, 0.23, 0.45, 0.00, 0.00, 0.04, 0.34, 0.00, 0.00, 0.00, 1.00, 0.00, 0.00, 1.00, 0.00, 0.00, 0.00, 1.00, 0.00, 0.00, 0.00, 1.00, 0.00, 0.00, 0.00, 0.00
76,  0,  1.250,  0.98,  1, 0.50, 0.15, 1.76, 0.06, 0.59, 0.30, 0.11, 0.89, 0.53, 1.08, 0.28, 0.29, 0.00, 0.00, 0.07, 0.36, 0.00, 0.00, 0.00, 1.00, 0.00, 0.00, 1.00, 0.00, 0.00, 0.00, 1.00, 0.00, 0.00, 0.00, 1.00, 0.00, 0.00, 0.00, 0.00
77,  0,  1.267,  0.98,  1, 0.44, 0.09, 1.66, 0.19, 0.59, 0.13, 0.13, 0.83, 0.52, 1.08, 0.22, 0.18, 0.00, 0.00, 0.10, 0.45, 0.00, 0.00, 0.00, 1.00, 0.00, 0.00, 1.00, 0.00, 0.00, 0.00, 1.00, 0.00, 0.00, 0.00, 1.00, 0.00, 0.00, 0.00, 0.00
78,  0,  1.283,  0.98,  1, 0.44, 0.09, 1.64, 0.13, 0.58, 0.02, 0.18, 0.82, 0.54, 0.99, 0.29, 0.04, 0.00, 0.00, 0.10, 0.24, 0.00, 0.00, 0.00, 1.00, 0.00, 0.00, 1.00, 0.00, 0.00, 0.00, 1.00, 0.00, 0.00, 0.00, 1.00, 0.00, 0.00, 0.00, 0.00
79,  0,  1.300,  0.98,  1, 0.37, 0.00, 1.51, 0.26, 0.57, 0.05, 0.15, 0.71, 0.54, 0.78, 0.26, 0.08, 0.00, 0.00, 0.09, 0.19, 0.00, 0.00, 0.00, 1.00, 0.00, 0.00, 1.00, 0.00, 0.00, 0.00, 1.00, 0.00, 0.00, 0.00, 1.00, 0.00, 0.00, 0.00, 0.00
80,  0,  1.317,  0.98,  1, 0.39, 0.00, 1.50, 0.18, 0.60, 0.12, 0.13, 0.69, 0.59, 0.84, 0.37, 0.14, 0.00, 0.00, 0.02, 0.23, 0.00, 0.00, 0.00, 1.00, 0.00, 0.00, 1.00, 0.00, 0.00, 0.00, 1.00, 0.00, 0.00, 0.00, 1.00, 0.00, 0.00, 0.00, 0.00
81,  0,  1.333,  0.98,  1, 0.30, 0.00, 1.52, 0.18, 0.58, 0.12, 0.15, 0.66, 0.51, 0.83, 0.27, 0.21, 0.00, 0.00, 0.06, 0.23, 0.00, 0.00, 0.00, 1.00, 0.00, 0.00, 1.00, 0.00, 0.00, 0.00, 1.00, 0.00, 0.00, 0.00, 1.00, 0.00, 0.00, 0.00, 0.00
82,  0,  1.350,  0.98,  1, 0.34, 0.00, 1.57, 0.04, 0.57, 0.20, 0.12, 0.73, 0.44, 0.85, 0.18, 0.24, 0.00, 0.00, 0.04, 0.34, 0.00, 0.00, 0.00, 1.00, 0.00, 0.00, 1.00, 0.00, 0.00, 0.00, 1.00, 0.00, 0.00, 0.00, 1.00, 0.00, 0.00, 0.00, 0.00
83,  0,  1.367,  0.98,  1, 0.39, 0.14, 1.75, 0.06, 0.60, 0.24, 0.11, 0.82, 0.42, 1.02, 0.07, 0.25, 0.00, 0.00, 0.04, 0.21, 0.00, 0.00, 0.00, 1.00, 0.00, 0.00, 1.00, 0.00, 0.00, 0.00, 1.00, 0.00, 0.00, 0.00, 1.00, 0.00, 0.00, 0.00, 0.00
84,  0,  1.383,  0.98,  1, 0.49, 0.14, 1.88, 0.25, 0.64, 0.45, 0.03, 0.73, 0.48, 1.18, 0.00, 0.22, 0.00, 0.00, 0.16, 0.39, 0.00, 0.00, 0.00, 1.00, 0.00, 0.00, 1.00, 0.00, 0.00, 0.00, 1.00, 0.00, 0.00, 0.00, 1.00, 0.00, 0.00, 0.00, 0.00
85,  0,  1.400,  0.98,  1, 0.52, 0.14, 1.84, 0.29, 0.67, 0.35, 0.14, 0.89, 0.61, 1.38, 0.00, 0.30, 0.00, 0.00, 0.16, 0.35, 0.00, 0.00, 0.00, 1.00, 0.00, 0.00, 1.00, 0.00, 0.00, 0.00, 1.00, 0.00, 0.00, 0.00, 1.00, 0.00, 0.00, 0.00, 0.00
86,  0,  1.417,  0.98,  1, 0.49, 0.00, 1.76, 0.24, 0.58, 0.46, 0.16, 0.85, 0.55, 1.12, 0.18, 0.20, 0.00, 0.00, 0.28, 0.33, 0.00, 0.00, 0.00, 1.00, 0.00, 0.00, 1.00, 0.00, 0.00, 0.00, 1.00, 0.00, 0.00, 0.00, 1.00, 0.00, 0.00, 0.00, 0.00
87,  0,  1.433,  0.98,  1, 0.50, 0.10, 1.63, 0.04, 0.54, 0.25, 0.25, 0.89, 0.48, 1.09, 0.24, 0.18, 0.00, 0.00, 0.11, 0.31, 0.00, 0.00, 0.00, 1.00, 0.00, 0.00, 1.00, 0.00, 0.00, 0.00, 1.00, 0.00, 0.00, 0.00, 1.00, 0.00, 0.00, 0.00, 0.00
88,  0,  1.450,  0.98,  1, 0.36, 0.10, 1.41, 0.00, 0.48, 0.22, 0.25, 0.76, 0.43, 1.02, 0.24, 0.18, 0.00, 0.00, 0.14, 0.35, 0.00, 0.00, 0.00, 1.00, 0.00, 0.00, 1.00, 0.00, 0.00, 0.00, 1.00, 0.00, 0.00, 0.00, 1.00, 0.00, 0.00, 0.00, 0.00
89,  0,  1.467,  0.98,  1, 0.28, 0.20, 1.37, 0.00, 0.49, 0.18, 0.23, 0.72, 0.44, 1.10, 0.09, 0.29, 0.00, 0.00, 0.03, 0.36, 0.00, 0.00, 0.00, 1.00, 0.00, 0.00, 1.00, 0.00, 0.00, 0.00, 1.00, 0.00, 0.00, 0.00, 1.00, 0.00, 0.00, 0.00, 0.00
90,  0,  1.483,  0.98,  1, 0.21, 0.11, 1.30, 0.00, 0.50, 0.21, 0.16, 0.82, 0.49, 0.97, 0.02, 0.34, 0.00, 0.00, 0.03, 0.33, 0.00, 0.00, 0.00, 1.00, 0.00, 0.00, 1.00, 0.00, 0.00, 0.00, 1.00, 0.00, 0.00, 0.00, 1.00, 0.00, 0.00, 0.00, 0.00
91,  0,  1.500,  0.98,  1, 0.23, 0.11, 1.38, 0.17, 0.45, 0.29, 0.05, 0.81, 0.46, 0.84, 0.02, 0.29, 0.00, 0.00, 0.05, 0.43, 0.00, 0.00, 0.00, 1.00, 0.00, 0.00, 0.00, 0.00, 0.00, 0.00, 1.00, 0.00, 0.00, 0.00, 1.00, 0.00, 0.00, 0.00, 0.00
92,  0,  1.517,  0.98,  1, 0.31, 0.00, 1.43, 0.21, 0.49, 0.31, 0.07, 0.77, 0.48, 0.86, 0.02, 0.18, 0.00, 0.00, 0.05, 0.38, 0.00, 0.00, 0.00, 1.00, 0.00, 0.00, 0.00, 0.00, 0.00, 0.00, 1.00, 0.00, 0.00, 0.00, 1.00, 0.00, 0.00, 0.00, 0.00
93,  0,  1.533,  0.98,  1, 0.40, 0.14, 1.30, 0.25, 0.46, 0.42, 0.15, 0.73, 0.49, 1.05, 0.06, 0.20, 0.00, 0.00, 0.04, 0.43, 0.00, 0.00, 0.00, 1.00, 0.00, 0.00, 0.00, 0.00, 0.00, 0.00, 1.00, 0.00, 0.00, 0.00, 1.00, 0.00, 0.00, 0.00, 0.00
94,  0,  1.550,  0.98,  1, 0.59, 0.24, 1.39, 0.14, 0.52, 0.51, 0.15, 0.67, 0.44, 1.01, 0.11, 0.22, 0.00, 0.00, 0.00, 0.24, 0.00, 0.00, 0.00, 1.00, 0.00, 0.00, 0.00, 0.00, 0.00, 0.00, 1.00, 0.00, 0.00, 0.00, 1.00, 0.00, 0.00, 0.00, 0.00
95,  0,  1.567,  0.98,  1, 0.59, 0.24, 1.38, 0.19, 0.58, 0.50, 0.11, 0.86, 0.50, 1.04, 0.14, 0.28, 0.00, 0.00, 0.00, 0.24, 0.00, 0.00, 0.00, 1.00, 0.00, 0.00, 0.00, 0.00, 0.00, 0.00, 1.00, 0.00, 0.00, 0.00, 1.00, 0.00, 0.00, 0.00, 0.00
96,  0,  1.583,  0.98,  1, 0.42, 0.10, 1.35, 0.15, 0.60, 0.37, 0.06, 0.87, 0.46, 0.92, 0.21, 0.32, 0.00, 0.00, 0.00, 0.23, 0.00, 0.00, 0.00, 1.00, 0.00, 0.00, 0.00, 0.00, 0.00, 0.00, 1.00, 0.00, 0.00, 0.00, 1.00, 0.00, 0.00, 0.00, 0.00
97,  0,  1.600,  0.98,  1, 0.34, 0.02, 1.36, 0.09, 0.58, 0.20, 0.08, 0.89, 0.53, 1.08, 0.29, 0.30, 0.00, 0.00, 0.11, 0.39, 0.00, 0.00, 0.00, 1.00, 0.00, 0.00, 0.00, 0.00, 0.00, 0.00, 1.00, 0.00, 0.00, 0.00, 1.00, 0.00, 0.00, 0.00, 0.00
98,  0,  1.617,  0.98,  1, 0.34, 0.02, 1.28, 0.00, 0.52, 0.00, 0.15, 0.80, 0.49, 1.08, 0.32, 0.24, 0.00, 0.00, 0.11, 0.42, 0.00, 0.00, 0.00, 1.00, 0.00, 0.00, 0.00, 0.00, 0.00, 0.00, 1.00, 0.00, 0.00, 0.00, 1.00, 0.00, 0.00, 0.00, 0.00
99,  0,  1.633,  0.98,  1, 0.29, 0.11, 1.33, 0.05, 0.55, 0.00, 0.09, 0.79, 0.62, 1.02, 0.35, 0.13, 0.00, 0.00, 0.11, 0.26, 0.00, 0.00, 0.00, 1.00, 0.00, 0.00, 0.00, 0.00, 0.00, 0.00, 1.00, 0.00, 0.00, 0.00, 1.00, 0.00, 0.00, 0.00, 0.00
100,  0,  1.650,  0.98,  1, 0.41, 0.18, 1.31, 0.06, 0.57, 0.32, 0.13, 0.85, 0.67, 0.92, 0.26, 0.03, 0.00, 0.00, 0.00, 0.22, 0.00, 0.00, 0.00, 1.00, 0.00, 0.00, 0.00, 0.00, 0.00, 0.00, 1.00, 0.00, 0.00, 0.00, 1.00, 0.00, 0.00, 0.00, 0.00
101,  0,  1.667,  0.98,  1, 0.39, 0.18, 1.24, 0.06, 0.48, 0.33, 0.24, 0.87, 0.61, 0.95, 0.18, 0.04, 0.00, 0.00, 0.00, 0.34, 0.00, 0.00, 0.00, 1.00, 0.00, 0.00, 0.00, 0.00, 0.00, 0.00, 1.00, 0.00, 0.00, 0.00, 1.00, 0.00, 0.00, 0.00, 0.00
102,  0,  1.683,  0.98,  1, 0.61, 0.23, 1.28, 0.01, 0.46, 0.33, 0.25, 0.87, 0.49, 0.95, 0.04, 0.08, 0.00, 0.00, 0.07, 0.39, 0.00, 0.00, 0.00, 1.00, 0.00, 0.00, 0.00, 0.00, 0.00, 0.00, 1.00, 0.00, 0.00, 0.00, 1.00, 0.00, 0.00, 0.00, 0.00
103,  0,  1.700,  0.98,  1, 0.58, 0.13, 1.21, 0.07, 0.44, 0.33, 0.24, 0.83, 0.37, 0.89, 0.11, 0.13, 0.00, 0.00, 0.15, 0.36, 0.00, 0.00, 0.00, 1.00, 0.00, 0.00, 0.00, 0.00, 0.00, 0.00, 1.00, 0.00, 0.00, 0.00, 1.00, 0.00, 0.00, 0.00, 0.00
104,  0,  1.717,  0.98,  1, 0.60, 0.13, 1.24, 0.13, 0.43, 0.42, 0.08, 0.68, 0.34, 0.71, 0.20, 0.18, 0.00, 0.00, 0.15, 0.20, 0.00, 0.00, 0.00, 1.00, 0.00, 0.00, 1.00, 0.00, 0.00, 0.00, 1.00, 0.00, 0.00, 0.00, 1.00, 0.00, 0.00, 0.00, 0.00
105,  0,  1.733,  0.98,  1, 0.44, 0.00, 1.18, 0.13, 0.45, 0.57, 0.07, 0.56, 0.34, 0.69, 0.26, 0.26, 0.00, 0.00, 0.25, 0.26, 0.00, 0.00, 0.00, 1.00, 0.00, 0.00, 0.00, 0.00, 0.00, 0.00, 1.00, 0.00, 0.00, 0.00, 1.00, 0.00, 0.00, 0.00, 0.00
106,  0,  1.750,  0.98,  1, 0.31, 0.00, 1.24, 0.06, 0.45, 0.47, 0.03, 0.57, 0.39, 0.78, 0.15, 0.25, 0.00, 0.00, 0.22, 0.18, 0.00, 0.00, 0.00, 1.00, 0.00, 0.00, 1.00, 0.00, 0.00, 0.00, 1.00, 0.00, 0.00, 0.00, 1.00, 0.00, 0.00, 0.00, 0.00
107,  0,  1.767,  0.98,  1, 0.37, 0.13, 1.31, 0.00, 0.51, 0.42, 0.04, 0.78, 0.43, 0.90, 0.06, 0.20, 0.00, 0.00, 0.32, 0.33, 0.00, 0.00, 0.00, 1.00, 0.00, 0.00, 1.00, 0.00, 0.00, 0.00, 1.00, 0.00, 0.00, 0.00, 1.00, 0.00, 0.00, 0.00, 0.00
108,  0,  1.783,  0.98,  1, 0.46, 0.20, 1.38, 0.00, 0.51, 0.40, 0.14, 0.99, 0.48, 0.96, 0.07, 0.19, 0.00, 0.00, 0.14, 0.37, 0.00, 0.00, 0.00, 1.00, 0.00, 0.00, 1.00, 0.00, 0.00, 0.00, 1.00, 0.00, 0.00, 0.00, 1.00, 0.00, 0.00, 0.00, 0.00
109,  0,  1.800,  0.98,  1, 0.55, 0.24, 1.43, 0.11, 0.46, 0.22, 0.14, 1.02, 0.47, 0.86, 0.06, 0.19, 0.00, 0.00, 0.09, 0.45, 0.00, 0.00, 0.00, 1.00, 0.00, 0.00, 1.00, 0.00, 0.00, 0.00, 1.00, 0.00, 0.00, 0.00, 1.00, 1.00, 0.00, 0.00, 0.00
110,  0,  1.817,  0.98,  1, 0.48, 0.13, 1.50, 0.11, 0.49, 0.31, 0.22, 0.98, 0.51, 0.97, 0.09, 0.31, 0.00, 0.00, 0.00, 0.37, 0.00, 0.00, 0.00, 1.00, 0.00, 0.00, 1.00, 0.00, 0.00, 0.00, 1.00, 0.00, 0.00, 0.00, 1.00, 0.00, 0.00, 0.00, 0.00
111,  0,  1.833,  0.98,  1, 0.48, 0.06, 1.58, 0.11, 0.55, 0.20, 0.11, 0.98, 0.48, 0.95, 0.11, 0.15, 0.00, 0.00, 0.10, 0.29, 0.00, 0.00, 0.00, 1.00, 0.00, 0.00, 0.00, 0.00, 0.00, 0.00, 1.00, 0.00, 0.00, 0.00, 1.00, 0.00, 0.00, 0.00, 0.00
112,  0,  1.850,  0.98,  1, 0.35, 0.02, 1.57, 0.00, 0.63, 0.46, 0.12, 0.89, 0.47, 1.10, 0.11, 0.28, 0.00, 0.00, 0.10, 0.38, 0.00, 0.00, 0.00, 1.00, 0.00, 0.00, 1.00, 0.00, 0.00, 0.00, 1.00, 0.00, 0.00, 0.00, 1.00, 0.00, 0.00, 0.00, 0.00
113,  0,  1.867,  0.98,  1, 0.33, 0.07, 1.52, 0.00, 0.57, 0.32, 0.01, 0.84, 0.36, 0.95, 0.08, 0.29, 0.00, 0.00, 0.10, 0.40, 0.00, 0.00, 0.00, 1.00, 0.00, 0.00, 1.00, 0.00, 0.00, 0.00, 1.00, 0.00, 0.00, 0.00, 1.00, 0.00, 0.00, 0.00, 0.00
114,  0,  1.883,  0.98,  1, 0.30, 0.07, 1.43, 0.00, 0.56, 0.52, 0.05, 0.78, 0.31, 0.93, 0.01, 0.42, 0.00, 0.00, 0.00, 0.40, 0.00, 0.00, 0.00, 1.00, 0.00, 0.00, 1.00, 0.00, 0.00, 0.00, 1.00, 0.00, 0.00, 0.00, 1.00, 0.00, 0.00, 0.00, 0.00
115,  0,  1.900,  0.98,  1, 0.32, 0.07, 1.34, 0.00, 0.57, 0.39, 0.10, 0.87, 0.34, 0.86, 0.06, 0.26, 0.00, 0.00, 0.05, 0.24, 0.00, 0.00, 0.00, 1.00, 0.00, 0.00, 1.00, 0.00, 0.00, 0.00, 1.00, 0.00, 0.00, 0.00, 1.00, 0.00, 0.00, 0.00, 0.00
116,  0,  1.917,  0.98,  1, 0.20, 0.00, 1.29, 0.00, 0.71, 0.94, 0.11, 0.95, 0.45, 1.06, 0.06, 0.26, 0.00, 0.00, 0.05, 0.32, 0.00, 0.00, 0.00, 1.00, 0.00, 0.00, 1.00, 0.00, 0.00, 0.00, 1.00, 0.00, 0.00, 0.00, 1.00, 0.00, 0.00, 0.00, 0.00
117,  0,  1.933,  0.98,  1, 0.12, 0.05, 1.33, 0.00, 0.68, 0.82, 0.12, 0.90, 0.51, 1.08, 0.07, 0.25, 0.00, 0.00, 0.12, 0.36, 0.00, 0.00, 0.00, 1.00, 0.00, 0.00, 1.00, 0.00, 0.00, 0.00, 1.00, 0.00, 0.00, 0.00, 1.00, 1.00, 0.00, 0.00, 0.00
118,  0,  1.950,  0.98,  1, 0.18, 0.15, 1.57, 0.00, 0.71, 0.90, 0.10, 0.92, 0.54, 1.18, 0.26, 0.29, 0.00, 0.00, 0.07, 0.29, 0.00, 0.00, 0.00, 1.00, 0.00, 0.00, 1.00, 0.00, 0.00, 0.00, 1.00, 0.00, 0.00, 0.00, 1.00, 0.00, 0.00, 0.00, 0.00
119,  0,  1.967,  0.98,  1, 0.26, 0.15, 1.74, 0.00, 0.76, 0.90, 0.15, 0.85, 0.60, 1.12, 0.55, 0.33, 0.00, 0.00, 0.07, 0.12, 0.00, 0.00, 0.00, 1.00, 0.00, 0.00, 1.00, 0.00, 0.00, 0.00, 1.00, 0.00, 0.00, 0.00, 1.00, 0.00, 0.00, 0.00, 0.00
120,  0,  1.983,  0.98,  1, 0.29, 0.10, 1.94, 0.00, 0.88, 1.53, 0.23, 0.89, 0.66, 1.04, 0.58, 0.34, 0.00, 0.00, 0.00, 0.09, 0.00, 0.00, 0.00, 1.00, 0.00, 0.00, 1.00, 0.00, 0.00, 0.00, 1.00, 0.00, 0.00, 0.00, 1.00, 0.00, 0.00, 0.00, 1.00
121,  0,  2.000,  0.98,  1, 0.23, 0.00, 1.87, 0.00, 0.98, 1.84, 0.37, 0.85, 0.62, 0.99, 0.35, 0.40, 0.00, 0.00, 0.02, 0.15, 0.03, 0.00, 0.00, 1.00, 0.00, 0.00, 1.00, 0.00, 0.00, 0.00, 1.00, 0.00, 0.00, 0.00, 1.00, 0.00, 0.00, 0.00, 1.00
122,  0,  2.017,  0.98,  1, 0.26, 0.00, 1.95, 0.00, 0.99, 1.83, 0.47, 0.89, 0.56, 0.89, 0.05, 0.27, 0.00, 0.00, 0.02, 0.15, 0.17, 0.00, 0.00, 1.00, 0.00, 0.00, 1.00, 0.00, 0.00, 0.00, 1.00, 0.00, 0.00, 0.00, 1.00, 1.00, 0.00, 0.00, 1.00
123,  0,  2.033,  0.98,  1, 0.18, 0.00, 2.02, 0.00, 0.97, 1.67, 0.47, 0.93, 0.47, 1.08, 0.12, 0.32, 0.00, 0.00, 0.07, 0.21, 0.17, 0.00, 0.00, 1.00, 0.00, 0.00, 1.00, 0.00, 0.00, 0.00, 1.00, 1.00, 0.00, 0.00, 1.00, 1.00, 0.00, 0.00, 1.00
124,  0,  2.050,  0.98,  1, 0.16, 0.00, 2.03, 0.00, 1.05, 1.72, 0.48, 0.99, 0.54, 0.93, 0.12, 0.42, 0.00, 0.00, 0.09, 0.15, 0.19, 0.00, 0.00, 1.00, 0.00, 0.00, 1.00, 0.00, 0.00, 0.00, 1.00, 1.00, 0.00, 0.00, 1.00, 0.00, 0.00, 0.00, 1.00
125,  0,  2.067,  0.98,  1, 0.18, 0.00, 1.89, 0.05, 1.09, 1.75, 0.41, 0.90, 0.55, 1.03, 0.24, 0.50, 0.00, 0.00, 0.14, 0.15, 0.06, 0.00, 0.00, 1.00, 0.00, 1.00, 1.00, 0.00, 0.00, 0.00, 1.00, 1.00, 0.00, 0.00, 1.00, 1.00, 0.00, 0.00, 1.00
126,  0,  2.083,  0.98,  1, 0.27, 0.00, 1.81, 0.05, 1.22, 2.00, 0.43, 0.95, 0.62, 0.90, 0.21, 0.51, 0.00, 0.00, 0.09, 0.00, 0.06, 0.00, 0.00, 1.00, 0.00, 1.00, 1.00, 0.00, 0.00, 0.00, 1.00, 1.00, 0.00, 0.00, 1.00, 1.00, 0.00, 0.00, 1.00
127,  0,  2.100,  0.98,  1, 0.22, 0.00, 2.02, 0.05, 1.19, 2.08, 0.42, 1.00, 0.63, 0.95, 0.35, 0.42, 0.00, 0.00, 0.05, 0.00, 0.00, 0.00, 0.00, 1.00, 0.00, 1.00, 1.00, 0.00, 0.00, 0.00, 1.00, 1.00, 0.00, 0.00, 1.00, 1.00, 0.00, 0.00, 1.00
128,  0,  2.117,  0.98,  1, 0.09, 0.00, 2.15, 0.00, 1.16, 2.08, 0.53, 1.18, 0.66, 0.76, 0.26, 0.34, 0.00, 0.00, 0.00, 0.06, 0.00, 0.00, 0.00, 1.00, 0.00, 1.00, 1.00, 0.00, 0.00, 0.00, 1.00, 1.00, 0.00, 0.00, 0.00, 1.00, 0.00, 0.00, 1.00
129,  0,  2.133,  0.98,  1, 0.19, 0.00, 2.09, 0.00, 1.11, 1.85, 0.50, 1.08, 0.53, 0.94, 0.43, 0.35, 0.00, 0.00, 0.11, 0.06, 0.00, 0.00, 0.00, 1.00, 0.00, 1.00, 1.00, 0.00, 0.00, 0.00, 1.00, 1.00, 0.00, 0.00, 0.00, 1.00, 0.00, 0.00, 1.00
130,  0,  2.150,  0.98,  1, 0.36, 0.12, 1.91, 0.00, 1.07, 1.61, 0.45, 1.05, 0.50, 1.02, 0.38, 0.23, 0.00, 0.00, 0.24, 0.06, 0.02, 0.00, 0.00, 1.00, 0.00, 1.00, 1.00, 0.00, 0.00, 0.00, 1.00, 1.00, 0.00, 0.00, 0.00, 1.00, 0.00, 0.00, 1.00
131,  0,  2.167,  0.98,  1, 0.59, 0.28, 1.95, 0.00, 1.07, 1.52, 0.41, 0.95, 0.41, 1.15, 0.42, 0.28, 0.00, 0.00, 0.38, 0.05, 0.13, 0.00, 0.00, 1.00, 0.00, 0.00, 1.00, 0.00, 0.00, 0.00, 1.00, 1.00, 0.00, 0.00, 0.00, 1.00, 0.00, 0.00, 1.00
132,  0,  2.183,  0.98,  1, 0.65, 0.28, 1.94, 0.00, 1.09, 1.59, 0.38, 0.98, 0.43, 0.86, 0.30, 0.18, 0.00, 0.00, 0.29, 0.05, 0.13, 0.00, 0.00, 1.00, 0.00, 0.00, 1.00, 0.00, 0.00, 0.00, 1.00, 1.00, 0.00, 0.00, 0.00, 1.00, 0.00, 0.00, 1.00
133,  0,  2.200,  0.98,  1, 0.52, 0.16, 1.90, 0.00, 1.06, 1.57, 0.38, 0.96, 0.40, 0.81, 0.45, 0.35, 0.00, 0.00, 0.25, 0.05, 0.11, 0.00, 0.00, 1.00, 0.00, 0.00, 1.00, 0.00, 0.00, 0.00, 1.00, 1.00, 0.00, 0.00, 0.00, 1.00, 0.00, 0.00, 1.00
134,  0,  2.217,  0.98,  1, 0.40, 0.08, 1.93, 0.00, 1.06, 1.61, 0.34, 0.86, 0.42, 0.81, 0.38, 0.33, 0.00, 0.00, 0.32, 0.00, 0.00, 0.00, 0.00, 1.00, 0.00, 0.00, 1.00, 0.00, 0.00, 0.00, 1.00, 1.00, 0.00, 0.00, 0.00, 1.00, 0.00, 0.00, 1.00
135,  0,  2.233,  0.98,  1, 0.25, 0.11, 2.04, 0.00, 0.94, 1.52, 0.40, 0.90, 0.48, 0.92, 0.35, 0.30, 0.00, 0.00, 0.50, 0.00, 0.00, 0.00, 0.00, 1.00, 0.00, 0.00, 1.00, 0.00, 0.00, 0.00, 1.00, 1.00, 0.00, 0.00, 0.00, 1.00, 0.00, 0.00, 1.00
136,  0,  2.250,  0.98,  1, 0.37, 0.19, 2.22, 0.00, 0.99, 1.67, 0.42, 1.01, 0.41, 0.93, 0.11, 0.26, 0.00, 0.00, 0.47, 0.02, 0.00, 0.00, 0.00, 1.00, 0.00, 0.00, 1.00, 0.00, 0.00, 0.00, 1.00, 1.00, 0.00, 0.00, 0.00, 1.00, 0.00, 0.00, 1.00
137,  0,  2.267,  0.98,  1, 0.25, 0.22, 2.03, 0.00, 1.03, 1.64, 0.41, 1.23, 0.41, 0.88, 0.13, 0.43, 0.00, 0.00, 0.37, 0.02, 0.00, 0.00, 0.00, 1.00, 0.00, 0.00, 1.00, 0.00, 0.00, 0.00, 1.00, 1.00, 0.00, 0.00, 0.00, 1.00, 0.00, 0.00, 1.00
138,  0,  2.283,  0.98,  1, 0.34, 0.19, 1.91, 0.00, 1.08, 1.61, 0.44, 1.22, 0.36, 1.01, 0.20, 0.53, 0.00, 0.00, 0.16, 0.08, 0.00, 0.00, 0.00, 1.00, 0.00, 1.00, 1.00, 0.00, 0.00, 0.00, 1.00, 1.00, 1.00, 0.00, 1.00, 1.00, 0.00, 0.00, 1.00
139,  0,  2.300,  0.98,  1, 0.30, 0.11, 1.74, 0.00, 1.11, 1.66, 0.32, 1.02, 0.44, 0.89, 0.31, 0.60, 0.00, 0.00, 0.32, 0.07, 0.00, 0.00, 0.00, 1.00, 0.00, 0.00, 1.00, 0.00, 0.00, 0.00, 1.00, 1.00, 1.00, 0.00, 1.00, 1.00, 0.00, 0.00, 1.00
140,  0,  2.317,  0.98,  1, 0.52, 0.03, 1.80, 0.00, 1.15, 1.79, 0.33, 0.84, 0.40, 0.92, 0.45, 0.60, 0.00, 0.00, 0.43, 0.11, 0.02, 0.00, 0.00, 1.00, 0.00, 0.00, 1.00, 0.00, 0.00, 0.00, 1.00, 1.00, 1.00, 0.00, 1.00, 1.00, 0.00, 0.00, 1.00
141,  0,  2.333,  0.98,  1, 0.57, 0.06, 1.68, 0.00, 1.11, 1.73, 0.23, 0.71, 0.35, 0.68, 0.28, 0.56, 0.00, 0.00, 0.53, 0.15, 0.02, 0.00, 0.00, 1.00, 0.00, 0.00, 1.00, 0.00, 0.00, 0.00, 1.00, 1.00, 1.00, 0.00, 1.00, 1.00, 0.00, 0.00, 1.00
142,  0,  2.350,  0.98,  1, 0.58, 0.23, 1.65, 0.00, 1.03, 1.52, 0.39, 0.74, 0.31, 0.71, 0.20, 0.55, 0.00, 0.00, 0.40, 0.15, 0.02, 0.00, 0.00, 1.00, 0.00, 1.00, 1.00, 0.00, 0.00, 0.00, 1.00, 1.00, 1.00, 0.00, 1.00, 1.00, 0.00, 0.00, 1.00
143,  0,  2.367,  0.98,  1, 0.56, 0.20, 1.55, 0.00, 1.01, 1.22, 0.28, 0.79, 0.39, 0.75, 0.19, 0.51, 0.00, 0.00, 0.38, 0.12, 0.00, 0.00, 0.00, 1.00, 0.00, 1.00, 1.00, 0.00, 0.00, 0.00, 1.00, 1.00, 1.00, 0.00, 1.00, 1.00, 0.00, 0.00, 1.00
144,  0,  2.383,  0.98,  1, 0.54, 0.28, 1.59, 0.00, 1.13, 1.19, 0.39, 0.89, 0.47, 0.86, 0.27, 0.51, 0.00, 0.00, 0.33, 0.01, 0.10, 0.00, 0.00, 1.00, 0.00, 1.00, 1.00, 0.00, 0.00, 0.00, 1.00, 1.00, 1.00, 0.00, 1.00, 1.00, 0.00, 0.00, 1.00
145,  0,  2.400,  0.98,  1, 0.67, 0.11, 1.53, 0.00, 1.24, 1.14, 0.32, 1.02, 0.48, 0.97, 0.44, 0.46, 0.00, 0.00, 0.28, 0.05, 0.19, 0.00, 0.00, 1.00, 0.00, 1.00, 1.00, 0.00, 0.00, 0.00, 1.00, 1.00, 1.00, 0.00, 1.00, 1.00, 0.00, 0.00, 1.00
146,  0,  2.417,  0.98,  1, 0.57, 0.11, 1.53, 0.00, 1.35, 1.40, 0.52, 0.97, 0.45, 1.06, 0.35, 0.37, 0.00, 0.00, 0.17, 0.16, 0.19, 0.00, 0.00, 1.00, 0.00, 1.00, 1.00, 0.00, 0.00, 0.00, 1.00, 1.00, 1.00, 0.00, 1.00, 1.00, 0.00, 0.00, 1.00
147,  0,  2.433,  0.98,  1, 0.58, 0.00, 1.57, 0.00, 1.32, 1.59, 0.48, 0.97, 0.40, 1.06, 0.44, 0.38, 0.00, 0.00, 0.13, 0.16, 0.19, 0.00, 0.00, 1.00, 0.00, 1.00, 1.00, 0.00, 0.00, 0.00, 1.00, 1.00, 1.00, 0.00, 1.00, 1.00, 0.00, 0.00, 1.00
148,  0,  2.450,  0.98,  1, 0.41, 0.00, 1.62, 0.00, 1.34, 1.99, 0.50, 0.95, 0.35, 1.01, 0.37, 0.39, 0.00, 0.00, 0.17, 0.12, 0.10, 0.00, 0.00, 1.00, 0.00, 1.00, 1.00, 0.00, 0.00, 0.00, 1.00, 1.00, 1.00, 0.00, 1.00, 1.00, 0.00, 0.00, 1.00
149,  0,  2.467,  0.98,  1, 0.53, 0.00, 1.63, 0.00, 1.31, 2.21, 0.43, 1.00, 0.26, 0.87, 0.40, 0.38, 0.00, 0.00, 0.09, 0.00, 0.12, 0.00, 0.00, 1.00, 0.00, 1.00, 1.00, 0.00, 0.00, 0.00, 1.00, 1.00, 0.00, 0.00, 1.00, 1.00, 0.00, 0.00, 1.00
150,  0,  2.483,  0.98,  1, 0.44, 0.08, 1.62, 0.00, 1.30, 2.07, 0.37, 0.90, 0.32, 0.87, 0.36, 0.36, 0.00, 0.00, 0.20, 0.00, 0.02, 0.00, 0.00, 1.00, 0.00, 1.00, 1.00, 0.00, 0.00, 0.00, 1.00, 1.00, 0.00, 0.00, 1.00, 1.00, 0.00, 0.00, 1.00
151,  0,  2.500,  0.98,  1, 0.39, 0.08, 1.57, 0.00, 1.26, 1.74, 0.35, 0.78, 0.38, 0.81, 0.35, 0.30, 0.00, 0.00, 0.29, 0.00, 0.02, 0.00, 0.00, 1.00, 0.00, 1.00, 1.00, 0.00, 0.00, 0.00, 1.00, 1.00, 0.00, 0.00, 1.00, 1.00, 0.00, 0.00, 1.00
152,  0,  2.517,  0.98,  1, 0.26, 0.08, 1.59, 0.00, 1.18, 1.26, 0.30, 0.83, 0.43, 0.75, 0.38, 0.35, 0.00, 0.00, 0.44, 0.00, 0.19, 0.00, 0.00, 1.00, 0.00, 1.00, 1.00, 0.00, 0.00, 0.00, 1.00, 1.00, 0.00, 0.00, 0.00, 1.00, 0.00, 0.00, 1.00
153,  0,  2.533,  0.98,  1, 0.15, 0.15, 1.66, 0.05, 1.18, 1.37, 0.36, 0.95, 0.47, 0.76, 0.36, 0.44, 0.00, 0.00, 0.33, 0.00, 0.37, 0.00, 0.00, 1.00, 0.00, 1.00, 1.00, 0.00, 0.00, 0.00, 1.00, 1.00, 1.00, 0.00, 0.00, 1.00, 0.00, 0.00, 1.00
154,  0,  2.550,  0.98,  1, 0.29, 0.42, 1.76, 0.05, 1.10, 1.65, 0.38, 1.05, 0.49, 0.78, 0.44, 0.60, 0.00, 0.00, 0.21, 0.00, 0.37, 0.00, 0.00, 1.00, 0.00, 0.00, 1.00, 0.00, 0.00, 0.00, 1.00, 1.00, 1.00, 0.00, 0.00, 1.00, 0.00, 0.00, 1.00
155,  0,  2.567,  0.98,  1, 0.41, 0.56, 1.78, 0.05, 1.16, 1.85, 0.34, 0.93, 0.55, 0.82, 0.32, 0.69, 0.00, 0.00, 0.17, 0.02, 0.18, 0.00, 0.00, 1.00, 0.00, 0.00, 1.00, 0.00, 0.00, 0.00, 1.00, 1.00, 1.00, 0.00, 0.00, 1.00, 0.00, 0.00, 1.00
156,  0,  2.583,  0.98,  1, 0.42, 0.41, 1.68, 0.00, 1.15, 1.97, 0.37, 0.84, 0.47, 0.83, 0.21, 0.56, 0.00, 0.00, 0.29, 0.19, 0.03, 0.00, 0.00, 1.00, 0.00, 0.00, 1.00, 0.00, 0.00, 0.00, 1.00, 1.00, 1.00, 0.00, 0.00, 1.00, 0.00, 0.00, 1.00
157,  0,  2.600,  0.98,  1, 0.40, 0.14, 1.65, 0.00, 1.15, 1.59, 0.27, 0.71, 0.46, 0.82, 0.00, 0.46, 0.00, 0.00, 0.39, 0.19, 0.10, 0.00, 0.00, 1.00, 0.00, 0.00, 1.00, 0.00, 0.00, 0.00, 1.00, 1.00, 1.00, 0.00, 1.00, 1.00, 0.00, 0.00, 1.00
158,  0,  2.617,  0.98,  1, 0.29, 0.09, 1.73, 0.00, 1.11, 1.47, 0.30, 0.76, 0.42, 0.92, 0.00, 0.33, 0.00, 0.00, 0.36, 0.22, 0.14, 0.00, 0.00, 1.00, 0.00, 1.00, 1.00, 0.00, 0.00, 0.00, 1.00, 1.00, 1.00, 0.00, 0.00, 1.00, 0.00, 0.00, 1.00
159,  0,  2.633,  0.98,  1, 0.39, 0.09, 1.73, 0.00, 1.14, 1.44, 0.17, 0.91, 0.45, 0.84, 0.12, 0.31, 0.00, 0.00, 0.38, 0.04, 0.12, 0.00, 0.00, 1.00, 0.00, 1.00, 1.00, 0.00, 0.00, 0.00, 1.00, 1.00, 1.00, 0.00, 1.00, 1.00, 0.00, 0.00, 1.00
160,  0,  2.650,  0.98,  1, 0.38, 0.15, 1.66, 0.00, 1.22, 1.56, 0.20, 0.97, 0.45, 0.93, 0.12, 0.35, 0.00, 0.00, 0.34, 0.04, 0.04, 0.00, 0.00, 1.00, 0.00, 1.00, 1.00, 0.00, 0.00, 0.00, 1.00, 1.00, 1.00, 0.00, 1.00, 1.00, 0.00, 0.00, 1.00
161,  0,  2.667,  0.98,  1, 0.44, 0.07, 1.53, 0.00, 1.28, 1.76, 0.22, 0.99, 0.53, 1.00, 0.18, 0.39, 0.00, 0.00, 0.41, 0.00, 0.00, 0.00, 0.00, 1.00, 0.00, 1.00, 1.00, 0.00, 0.00, 0.00, 1.00, 1.00, 1.00, 0.00, 1.00, 1.00, 0.00, 0.00, 1.00
162,  0,  2.683,  0.98,  1, 0.59, 0.28, 1.52, 0.00, 1.27, 1.62, 0.27, 0.88, 0.56, 1.01, 0.06, 0.49, 0.00, 0.00, 0.39, 0.00, 0.00, 0.00, 0.00, 1.00, 0.00, 1.00, 1.00, 0.00, 0.00, 0.00, 1.00, 1.00, 1.00, 0.00, 1.00, 1.00, 0.00, 0.00, 1.00
163,  0,  2.700,  0.98,  1, 0.45, 0.21, 1.59, 0.00, 1.24, 1.61, 0.31, 1.06, 0.64, 1.11, 0.12, 0.52, 0.00, 0.00, 0.37, 0.11, 0.00, 0.00, 0.00, 1.00, 0.00, 1.00, 1.00, 0.00, 0.00, 0.00, 1.00, 1.00, 1.00, 0.00, 1.00, 1.00, 0.00, 0.00, 1.00
164,  0,  2.717,  0.98,  1, 0.31, 0.33, 1.61, 0.00, 1.22, 1.61, 0.37, 1.10, 0.59, 1.04, 0.13, 0.63, 0.00, 0.00, 0.32, 0.11, 0.00, 0.00, 0.00, 1.00, 0.00, 1.00, 1.00, 0.00, 0.00, 0.00, 1.00, 1.00, 1.00, 0.00, 1.00, 1.00, 0.00, 0.00, 1.00
165,  0,  2.733,  0.98,  1, 0.20, 0.30, 1.62, 0.00, 1.20, 1.44, 0.34, 1.24, 0.58, 0.95, 0.14, 0.54, 0.00, 0.00, 0.40, 0.11, 0.00, 0.00, 0.00, 1.00, 0.00, 1.00, 1.00, 0.00, 0.00, 0.00, 1.00, 1.00, 1.00, 0.00, 1.00, 1.00, 0.00, 0.00, 1.00
166,  0,  2.750,  0.98,  1, 0.21, 0.33, 1.55, 0.00, 1.23, 1.40, 0.26, 1.22, 0.53, 0.80, 0.12, 0.44, 0.00, 0.00, 0.45, 0.00, 0.00, 0.00, 0.00, 1.00, 0.00, 1.00, 1.00, 0.00, 0.00, 0.00, 1.00, 1.00, 1.00, 0.00, 1.00, 1.00, 0.00, 0.00, 1.00
167,  0,  2.767,  0.98,  1, 0.38, 0.26, 1.57, 0.00, 1.14, 1.18, 0.15, 1.29, 0.56, 0.72, 0.06, 0.33, 0.00, 0.00, 0.47, 0.00, 0.06, 0.00, 0.00, 1.00, 0.00, 1.00, 1.00, 0.00, 0.00, 0.00, 1.00, 1.00, 1.00, 0.00, 1.00, 1.00, 0.00, 0.00, 1.00
168,  0,  2.783,  0.98,  1, 0.30, 0.26, 1.76, 0.00, 1.12, 1.46, 0.17, 1.20, 0.57, 0.95, 0.05, 0.39, 0.00, 0.00, 0.37, 0.00, 0.21, 0.00, 0.00, 1.00, 0.00, 1.00, 1.00, 0.00, 0.00, 0.00, 1.00, 1.00, 1.00, 0.00, 1.00, 1.00, 0.00, 0.00, 1.00
169,  0,  2.800,  0.98,  1, 0.36, 0.29, 1.80, 0.00, 1.05, 1.54, 0.19, 1.06, 0.58, 1.10, 0.00, 0.40, 0.00, 0.00, 0.34, 0.00, 0.21, 0.00, 0.00, 1.00, 0.00, 0.00, 1.00, 0.00, 0.00, 0.00, 1.00, 1.00, 1.00, 0.00, 0.00, 1.00, 0.00, 0.00, 1.00
170,  0,  2.817,  0.98,  1, 0.27, 0.25, 1.79, 0.00, 1.13, 1.98, 0.22, 1.05, 0.56, 1.13, 0.18, 0.38, 0.00, 0.00, 0.25, 0.00, 0.14, 0.00, 0.00, 1.00, 0.00, 0.00, 1.00, 0.00, 0.00, 0.00, 1.00, 1.00, 1.00, 0.00, 0.00, 0.00, 0.00, 0.00, 1.00
171,  0,  2.833,  0.98,  1, 0.28, 0.27, 1.52, 0.00, 1.10, 1.74, 0.18, 1.10, 0.55, 0.95, 0.18, 0.57, 0.00, 0.00, 0.24, 0.00, 0.00, 0.00, 0.00, 1.00, 0.00, 0.00, 1.00, 0.00, 0.00, 0.00, 1.00, 1.00, 1.00, 0.00, 1.00, 1.00, 0.00, 0.00, 1.00
172,  0,  2.850,  0.98,  1, 0.34, 0.23, 1.45, 0.05, 1.13, 1.69, 0.20, 1.16, 0.60, 0.93, 0.18, 0.59, 0.00, 0.00, 0.17, 0.00, 0.04, 0.00, 0.00, 1.00, 0.00, 1.00, 1.00, 0.00, 0.00, 0.00, 1.00, 1.00, 1.00, 0.00, 1.00, 0.00, 0.00, 0.00, 1.00
173,  0,  2.867,  0.98,  1, 0.40, 0.31, 1.30, 0.05, 1.05, 1.03, 0.10, 1.20, 0.65, 1.03, 0.00, 0.61, 0.00, 0.00, 0.26, 0.02, 0.20, 0.00, 0.00, 1.00, 0.00, 1.00, 1.00, 0.00, 0.00, 0.00, 1.00, 1.00, 1.00, 0.00, 1.00, 0.00, 0.00, 0.00, 1.00
174,  0,  2.883,  0.98,  1, 0.35, 0.10, 1.53, 0.05, 1.11, 1.32, 0.25, 1.20, 0.72, 1.22, 0.00, 0.46, 0.00, 0.00, 0.31, 0.02, 0.20, 0.00, 0.00, 1.00, 0.00, 1.00, 1.00, 0.00, 0.00, 0.00, 1.00, 1.00, 1.00, 0.00, 0.00, 0.00, 0.00, 0.00, 1.00
175,  0,  2.900,  0.98,  1, 0.35, 0.20, 1.50, 0.00, 1.10, 1.31, 0.23, 1.06, 0.59, 1.16, 0.00, 0.52, 0.00, 0.00, 0.58, 0.04, 0.19, 0.00, 0.00, 1.00, 0.00, 1.00, 1.00, 0.00, 0.00, 0.00, 1.00, 1.00, 1.00, 0.00, 0.00, 0.00, 0.00, 0.00, 1.00
176,  0,  2.917,  0.98,  1, 0.18, 0.12, 1.65, 0.00, 1.16, 1.80, 0.35, 0.90, 0.64, 1.08, 0.00, 0.55, 0.00, 0.00, 0.48, 0.02, 0.03, 0.00, 0.00, 1.00, 0.00, 1.00, 1.00, 0.00, 0.00, 0.00, 1.00, 1.00, 1.00, 0.00, 1.00, 0.00, 0.00, 0.00, 1.00
177,  0,  2.933,  0.98,  1, 0.31, 0.30, 1.55, 0.05, 1.11, 1.74, 0.19, 0.83, 0.60, 0.96, 0.02, 0.52, 0.00, 0.00, 0.45, 0.02, 0.03, 0.00, 0.00, 1.00, 0.00, 1.00, 1.00, 0.00, 0.00, 0.00, 1.00, 1.00, 1.00, 0.00, 0.00, 1.00, 0.00, 0.00, 1.00
178,  0,  2.950,  0.98,  1, 0.21, 0.23, 1.63, 0.05, 1.11, 1.45, 0.14, 0.86, 0.69, 1.03, 0.02, 0.47, 0.00, 0.00, 0.15, 0.02, 0.00, 0.00, 0.00, 1.00, 0.00, 1.00, 1.00, 0.00, 0.00, 0.00, 1.00, 1.00, 1.00, 0.00, 0.00, 1.00, 0.00, 0.00, 1.00
179,  0,  2.967,  0.98,  1, 0.31, 0.36, 1.61, 0.05, 1.10, 1.23, 0.11, 0.99, 0.62, 1.21, 0.02, 0.44, 0.00, 0.00, 0.25, 0.02, 0.00, 0.00, 0.00, 1.00, 0.00, 1.00, 1.00, 0.00, 0.00, 0.00, 1.00, 1.00, 1.00, 0.00, 0.00, 1.00, 0.00, 0.00, 1.00
180,  0,  2.983,  0.98,  1, 0.26, 0.28, 1.57, 0.00, 1.11, 0.93, 0.18, 1.12, 0.61, 1.34, 0.00, 0.46, 0.00, 0.00, 0.21, 0.07, 0.00, 0.00, 0.00, 1.00, 0.00, 1.00, 1.00, 0.00, 0.00, 0.00, 1.00, 1.00, 1.00, 0.00, 0.00, 1.00, 0.00, 0.00, 1.00
181,  0,  3.000,  0.98,  1, 0.44, 0.34, 1.49, 0.00, 1.10, 1.38, 0.27, 1.11, 0.56, 1.25, 0.00, 0.34, 0.00, 0.00, 0.26, 0.05, 0.00, 0.00, 0.00, 1.00, 0.00, 1.00, 1.00, 0.00, 0.00, 0.00, 1.00, 1.00, 1.00, 0.00, 0.00, 1.00, 0.00, 0.00, 1.00
182,  0,  3.017,  0.98,  1, 0.44, 0.30, 1.58, 0.00, 1.08, 1.47, 0.23, 0.92, 0.53, 1.18, 0.00, 0.39, 0.00, 0.00, 0.16, 0.05, 0.00, 0.00, 0.00, 1.00, 0.00, 1.00, 1.00, 0.00, 0.00, 0.00, 1.00, 1.00, 1.00, 0.00, 1.00, 0.00, 0.00, 0.00, 1.00
183,  0,  3.033,  0.98,  1, 0.44, 0.31, 1.52, 0.00, 1.13, 1.53, 0.23, 0.81, 0.53, 1.09, 0.06, 0.41, 0.00, 0.00, 0.18, 0.00, 0.01, 0.00, 0.00, 1.00, 0.00, 0.00, 1.00, 0.00, 0.00, 0.00, 1.00, 1.00, 1.00, 0.00, 1.00, 1.00, 0.00, 0.00, 1.00
184,  0,  3.050,  0.98,  1, 0.38, 0.53, 1.57, 0.00, 1.09, 1.32, 0.21, 0.89, 0.58, 1.12, 0.24, 0.61, 0.00, 0.00, 0.12, 0.00, 0.01, 0.00, 0.00, 1.00, 0.00, 0.00, 1.00, 0.00, 0.00, 0.00, 1.00, 1.00, 1.00, 0.00, 1.00, 0.00, 0.00, 0.00, 1.00
185,  0,  3.067,  0.98,  1, 0.39, 0.56, 1.54, 0.00, 1.09, 1.01, 0.18, 1.08, 0.61, 1.04, 0.24, 0.74, 0.00, 0.00, 0.21, 0.00, 0.01, 0.00, 0.00, 1.00, 0.00, 0.00, 1.00, 0.00, 0.00, 0.00, 1.00, 1.00, 1.00, 0.00, 1.00, 0.00, 0.00, 0.00, 1.00
186,  0,  3.083,  0.98,  1, 0.28, 0.44, 1.56, 0.00, 1.08, 0.91, 0.12, 1.05, 0.65, 1.19, 0.18, 0.74, 0.00, 0.00, 0.20, 0.07, 0.03, 0.00, 0.00, 1.00, 0.00, 0.00, 1.00, 0.00, 0.00, 0.00, 1.00, 1.00, 1.00, 0.00, 1.00, 1.00, 0.00, 0.00, 1.00
187,  0,  3.100,  0.98,  1, 0.13, 0.39, 1.52, 0.00, 1.09, 1.10, 0.14, 0.97, 0.57, 1.10, 0.02, 0.64, 0.00, 0.00, 0.27, 0.11, 0.13, 0.00, 0.00, 1.00, 0.00, 0.00, 1.00, 0.00, 0.00, 0.00, 1.00, 1.00, 1.00, 0.00, 1.00, 0.00, 0.00, 0.00, 1.00
188,  0,  3.117,  0.98,  1, 0.14, 0.28, 1.45, 0.00, 1.14, 1.36, 0.23, 0.86, 0.56, 1.05, 0.08, 0.51, 0.00, 0.00, 0.35, 0.11, 0.13, 0.00, 0.00, 1.00, 0.00, 0.00, 1.00, 0.00, 0.00, 0.00, 1.00, 1.00, 1.00, 0.00, 1.00, 0.00, 0.00, 0.00, 1.00
189,  0,  3.133,  0.98,  1, 0.21, 0.48, 1.36, 0.00, 1.18, 1.45, 0.20, 0.84, 0.49, 0.96, 0.08, 0.56, 0.00, 0.00, 0.35, 0.04, 0.10, 0.00, 0.00, 1.00, 0.00, 1.00, 1.00, 0.00, 0.00, 0.00, 1.00, 1.00, 1.00, 0.00, 0.00, 0.00, 0.00, 0.00, 1.00
190,  0,  3.150,  0.98,  1, 0.26, 0.22, 1.40, 0.00, 1.27, 1.39, 0.20, 0.83, 0.58, 1.09, 0.06, 0.58, 0.00, 0.00, 0.34, 0.04, 0.03, 0.00, 0.00, 1.00, 0.00, 1.00, 1.00, 0.00, 0.00, 0.00, 1.00, 1.00, 1.00, 0.00, 0.00, 0.00, 0.00, 0.00, 1.00
191,  0,  3.167,  0.98,  1, 0.23, 0.38, 1.33, 0.00, 1.31, 1.31, 0.15, 0.87, 0.61, 1.10, 0.00, 0.53, 0.00, 0.00, 0.29, 0.04, 0.06, 0.00, 0.00, 1.00, 0.00, 1.00, 1.00, 0.00, 0.00, 0.00, 1.00, 1.00, 1.00, 0.00, 0.00, 0.00, 0.00, 0.00, 1.00
192,  0,  3.183,  0.98,  1, 0.30, 0.18, 1.40, 0.00, 1.30, 0.92, 0.17, 0.78, 0.59, 1.12, 0.00, 0.30, 0.00, 0.00, 0.37, 0.04, 0.06, 0.00, 0.00, 1.00, 0.00, 1.00, 1.00, 0.00, 0.00, 0.00, 1.00, 1.00, 1.00, 0.00, 0.00, 0.00, 0.00, 0.00, 1.00
193,  0,  3.200,  0.98,  1, 0.33, 0.19, 1.48, 0.02, 1.23, 0.84, 0.11, 0.80, 0.61, 1.18, 0.00, 0.32, 0.00, 0.00, 0.49, 0.00, 0.28, 0.00, 0.00, 1.00, 0.00, 1.00, 1.00, 0.00, 0.00, 0.00, 1.00, 1.00, 1.00, 0.00, 0.00, 0.00, 0.00, 0.00, 1.00
194,  0,  3.217,  0.98,  1, 0.34, 0.01, 1.57, 0.02, 1.15, 1.00, 0.19, 0.66, 0.59, 1.28, 0.00, 0.22, 0.00, 0.00, 0.39, 0.00, 0.43, 0.00, 0.00, 1.00, 0.00, 1.00, 1.00, 0.00, 0.00, 0.00, 1.00, 1.00, 1.00, 0.00, 0.00, 0.00, 0.00, 0.00, 1.00
195,  0,  3.233,  0.98,  1, 0.23, 0.04, 1.49, 0.05, 1.15, 1.67, 0.19, 0.66, 0.68, 1.15, 0.00, 0.36, 0.00, 0.00, 0.31, 0.00, 0.43, 0.00, 0.00, 1.00, 0.00, 1.00, 1.00, 0.00, 0.00, 0.00, 1.00, 1.00, 0.00, 0.00, 0.00, 0.00, 0.00, 0.00, 1.00
196,  0,  3.250,  0.98,  1, 0.41, 0.15, 1.37, 0.03, 1.11, 1.60, 0.26, 0.61, 0.64, 1.15, 0.00, 0.30, 0.00, 0.00, 0.18, 0.00, 0.18, 0.00, 0.00, 1.00, 0.00, 1.00, 1.00, 0.00, 0.00, 0.00, 1.00, 1.00, 0.00, 0.00, 1.00, 0.00, 0.00, 0.00, 1.00
197,  0,  3.267,  0.98,  1, 0.40, 0.21, 1.25, 0.03, 1.10, 1.29, 0.14, 0.68, 0.62, 1.02, 0.00, 0.29, 0.00, 0.00, 0.33, 0.00, 0.06, 0.00, 0.00, 1.00, 0.00, 1.00, 1.00, 0.00, 0.00, 0.00, 1.00, 1.00, 1.00, 0.00, 1.00, 0.00, 0.00, 0.00, 1.00
198,  0,  3.283,  0.98,  1, 0.46, 0.40, 1.24, 0.00, 1.08, 0.90, 0.17, 0.76, 0.61, 1.04, 0.00, 0.21, 0.00, 0.00, 0.37, 0.00, 0.09, 0.00, 0.00, 1.00, 0.00, 1.00, 1.00, 0.00, 0.00, 0.00, 1.00, 1.00, 0.00, 0.00, 1.00, 0.00, 0.00, 0.00, 1.00
199,  0,  3.300,  0.98,  1, 0.28, 0.29, 1.37, 0.00, 1.19, 1.13, 0.16, 0.75, 0.65, 1.10, 0.01, 0.19, 0.00, 0.00, 0.34, 0.00, 0.09, 0.00, 0.00, 1.00, 0.00, 1.00, 1.00, 0.00, 0.00, 0.00, 1.00, 1.00, 0.00, 0.00, 1.00, 0.00, 0.00, 0.00, 1.00
200,  0,  3.317,  0.98,  1, 0.33, 0.24, 1.45, 0.00, 1.17, 1.18, 0.13, 0.78, 0.67, 1.26, 0.01, 0.20, 0.00, 0.00, 0.37, 0.04, 0.03, 0.00, 0.00, 1.00, 0.00, 1.00, 1.00, 0.00, 0.00, 0.00, 1.00, 1.00, 0.00, 0.00, 0.00, 0.00, 0.00, 0.00, 1.00
201,  0,  3.333,  0.98,  1, 0.35, 0.01, 1.63, 0.00, 1.15, 1.41, 0.11, 0.74, 0.68, 1.47, 0.01, 0.15, 0.00, 0.00, 0.30, 0.04, 0.00, 0.00, 0.00, 1.00, 0.00, 1.00, 1.00, 0.00, 0.00, 0.00, 1.00, 1.00, 0.00, 0.00, 1.00, 0.00, 0.00, 0.00, 1.00
202,  0,  3.350,  0.98,  1, 0.40, 0.02, 1.59, 0.00, 1.15, 1.32, 0.05, 0.77, 0.70, 1.30, 0.00, 0.17, 0.00, 0.00, 0.29, 0.04, 0.08, 0.00, 0.00, 1.00, 0.00, 1.00, 1.00, 0.00, 0.00, 0.00, 1.00, 1.00, 0.00, 0.00, 1.00, 0.00, 0.00, 0.00, 1.00
203,  0,  3.367,  0.98,  1, 0.28, 0.01, 1.54, 0.00, 1.20, 1.54, 0.15, 0.70, 0.73, 1.34, 0.00, 0.30, 0.00, 0.00, 0.20, 0.03, 0.08, 0.00, 0.00, 1.00, 0.00, 1.00, 1.00, 0.00, 0.00, 0.00, 1.00, 1.00, 1.00, 0.00, 1.00, 0.00, 0.00, 0.00, 1.00
204,  0,  3.383,  0.98,  1, 0.23, 0.12, 1.52, 0.00, 1.24, 1.43, 0.16, 0.79, 0.79, 1.22, 0.00, 0.33, 0.00, 0.00, 0.30, 0.03, 0.08, 0.00, 0.00, 1.00, 0.00, 1.00, 1.00, 0.00, 0.00, 0.00, 1.00, 1.00, 0.00, 0.00, 1.00, 0.00, 0.00, 0.00, 1.00
205,  0,  3.400,  0.98,  1, 0.08, 0.35, 1.43, 0.00, 1.13, 1.23, 0.13, 0.88, 0.75, 1.35, 0.00, 0.43, 0.00, 0.00, 0.37, 0.03, 0.06, 0.00, 0.00, 1.00, 0.00, 1.00, 1.00, 0.00, 0.00, 0.00, 1.00, 1.00, 1.00, 0.00, 0.00, 0.00, 0.00, 0.00, 1.00
206,  0,  3.417,  0.98,  1, 0.11, 0.44, 1.39, 0.00, 1.11, 1.11, 0.12, 0.80, 0.77, 1.43, 0.00, 0.32, 0.00, 0.00, 0.40, 0.06, 0.06, 0.00, 0.00, 1.00, 0.00, 1.00, 1.00, 0.00, 0.00, 0.00, 1.00, 1.00, 1.00, 0.00, 0.00, 0.00, 0.00, 0.00, 1.00
207,  0,  3.433,  0.98,  1, 0.23, 0.33, 1.24, 0.00, 1.15, 1.14, 0.15, 0.84, 0.70, 1.43, 0.00, 0.40, 0.00, 0.00, 0.37, 0.10, 0.06, 0.00, 0.00, 1.00, 0.00, 1.00, 1.00, 0.00, 0.00, 0.00, 1.00, 1.00, 1.00, 0.00, 1.00, 0.00, 0.00, 0.00, 1.00
208,  0,  3.450,  0.98,  1, 0.25, 0.25, 1.28, 0.00, 1.22, 1.02, 0.20, 0.69, 0.77, 1.21, 0.00, 0.26, 0.00, 0.00, 0.47, 0.10, 0.00, 0.00, 0.00, 1.00, 0.00, 1.00, 1.00, 0.00, 0.00, 0.00, 1.00, 1.00, 1.00, 0.00, 1.00, 0.00, 0.00, 0.00, 1.00
209,  0,  3.467,  0.98,  1, 0.33, 0.33, 1.43, 0.00, 1.30, 0.88, 0.21, 0.85, 0.78, 1.04, 0.00, 0.33, 0.00, 0.00, 0.47, 0.03, 0.00, 0.00, 0.00, 1.00, 0.00, 1.00, 1.00, 0.00, 0.00, 0.00, 1.00, 1.00, 1.00, 0.00, 0.00, 0.00, 0.00, 0.00, 1.00
210,  0,  3.483,  0.98,  1, 0.18, 0.34, 1.42, 0.00, 1.17, 0.63, 0.15, 0.77, 0.77, 1.03, 0.00, 0.44, 0.00, 0.00, 0.35, 0.00, 0.05, 0.00, 0.00, 1.00, 0.00, 1.00, 1.00, 0.00, 0.00, 0.00, 1.00, 1.00, 1.00, 0.00, 0.00, 0.00, 0.00, 0.00, 0.00
211,  0,  3.500,  0.98,  1, 0.25, 0.22, 1.29, 0.00, 1.07, 0.69, 0.14, 0.70, 0.72, 1.20, 0.00, 0.45, 0.00, 0.00, 0.27, 0.00, 0.05, 0.00, 0.00, 1.00, 0.00, 1.00, 1.00, 0.00, 0.00, 0.00, 1.00, 1.00, 1.00, 0.00, 1.00, 0.00, 0.00, 0.00, 0.00
212,  0,  3.517,  0.98,  1, 0.18, 0.22, 0.95, 0.00, 0.95, 0.87, 0.04, 0.55, 0.68, 1.20, 0.00, 0.50, 0.00, 0.00, 0.30, 0.00, 0.05, 0.00, 0.00, 1.00, 0.00, 1.00, 1.00, 0.00, 0.00, 0.00, 1.00, 1.00, 1.00, 0.00, 1.00, 0.00, 0.00, 0.00, 0.00
213,  0,  3.533,  0.98,  1, 0.19, 0.29, 0.96, 0.00, 0.91, 0.88, 0.04, 0.50, 0.73, 1.17, 0.00, 0.47, 0.00, 0.00, 0.40, 0.00, 0.00, 0.00, 0.00, 1.00, 0.00, 0.00, 1.00, 0.00, 0.00, 0.00, 1.00, 1.00, 1.00, 0.00, 1.00, 0.00, 0.00, 0.00, 0.00
214,  0,  3.550,  0.98,  1, 0.16, 0.40, 1.05, 0.00, 0.98, 1.05, 0.06, 0.66, 0.72, 1.18, 0.00, 0.58, 0.00, 0.00, 0.35, 0.00, 0.08, 0.00, 0.00, 1.00, 0.00, 0.00, 1.00, 0.00, 0.00, 0.00, 1.00, 1.00, 1.00, 0.00, 1.00, 0.00, 0.00, 0.00, 0.00
215,  0,  3.567,  0.98,  1, 0.20, 0.44, 1.28, 0.00, 0.93, 0.89, 0.07, 0.61, 0.71, 1.07, 0.00, 0.58, 0.00, 0.00, 0.18, 0.00, 0.20, 0.00, 0.00, 1.00, 0.00, 0.00, 1.00, 0.00, 0.00, 0.00, 1.00, 1.00, 1.00, 0.00, 1.00, 0.00, 0.00, 0.00, 0.00
216,  0,  3.583,  0.98,  1, 0.22, 0.41, 1.38, 0.06, 0.98, 0.94, 0.11, 0.53, 0.63, 1.08, 0.09, 0.45, 0.00, 0.00, 0.20, 0.00, 0.21, 0.00, 0.00, 1.00, 0.00, 0.00, 1.00, 0.00, 0.00, 0.00, 1.00, 1.00, 1.00, 0.00, 1.00, 0.00, 0.00, 0.00, 0.00
217,  0,  3.600,  0.98,  1, 0.27, 0.45, 1.37, 0.11, 0.90, 0.68, 0.05, 0.39, 0.56, 1.07, 0.09, 0.25, 0.00, 0.00, 0.19, 0.00, 0.19, 0.00, 0.00, 1.00, 0.00, 0.00, 1.00, 0.00, 0.00, 0.00, 1.00, 1.00, 1.00, 0.00, 1.00, 0.00, 0.00, 0.00, 0.00
218,  0,  3.617,  0.98,  1, 0.26, 0.36, 1.35, 0.11, 0.96, 0.63, 0.07, 0.54, 0.57, 1.22, 0.09, 0.16, 0.00, 0.00, 0.28, 0.00, 0.19, 0.00, 0.00, 1.00, 0.00, 0.00, 1.00, 0.00, 0.00, 0.00, 1.00, 0.00, 1.00, 0.00, 1.00, 0.00, 0.00, 0.00, 0.00
219,  0,  3.633,  0.98,  1, 0.27, 0.53, 1.39, 0.17, 0.93, 0.71, 0.03, 0.66, 0.57, 1.17, 0.00, 0.22, 0.00, 0.00, 0.39, 0.00, 0.25, 0.00, 0.00, 1.00, 0.00, 0.00, 1.00, 0.00, 0.00, 0.00, 1.00, 0.00, 1.00, 0.00, 1.00, 0.00, 0.00, 0.00, 0.00
220,  0,  3.650,  0.98,  1, 0.26, 0.56, 1.30, 0.13, 0.93, 0.67, 0.03, 0.72, 0.66, 1.26, 0.00, 0.32, 0.00, 0.00, 0.53, 0.02, 0.19, 0.00, 0.00, 1.00, 0.00, 0.00, 0.00, 0.00, 0.00, 0.00, 1.00, 0.00, 0.00, 0.00, 1.00, 0.00, 0.00, 0.00, 0.00
221,  0,  3.667,  0.98,  1, 0.20, 0.44, 1.22, 0.22, 0.89, 0.55, 0.01, 0.60, 0.69, 1.27, 0.00, 0.33, 0.00, 0.00, 0.53, 0.02, 0.07, 0.00, 0.00, 1.00, 0.00, 0.00, 0.00, 0.00, 0.00, 0.00, 1.00, 0.00, 0.00, 0.00, 1.00, 0.00, 0.00, 0.00, 0.00
222,  0,  3.683,  0.98,  1, 0.10, 0.30, 0.95, 0.21, 0.89, 0.31, 0.01, 0.57, 0.77, 1.37, 0.00, 0.24, 0.00, 0.00, 0.45, 0.02, 0.10, 0.00, 0.00, 1.00, 0.00, 0.00, 0.00, 0.00, 0.00, 0.00, 1.00, 0.00, 0.00, 0.00, 1.00, 0.00, 0.00, 0.00, 0.00
223,  0,  3.700,  0.98,  1, 0.04, 0.31, 1.07, 0.20, 0.86, 0.38, 0.02, 0.63, 0.75, 1.18, 0.00, 0.26, 0.00, 0.00, 0.41, 0.00, 0.23, 0.00, 0.00, 1.00, 0.00, 0.00, 0.00, 0.00, 0.00, 0.00, 1.00, 0.00, 1.00, 0.00, 1.00, 0.00, 0.00, 0.00, 0.00
224,  0,  3.717,  0.98,  1, 0.05, 0.35, 1.06, 0.18, 0.83, 0.60, 0.02, 0.62, 0.63, 1.01, 0.00, 0.26, 0.00, 0.00, 0.37, 0.00, 0.23, 0.00, 0.00, 1.00, 0.00, 0.00, 0.00, 0.00, 0.00, 0.00, 1.00, 0.00, 1.00, 0.00, 1.00, 0.00, 0.00, 0.00, 0.00
225,  0,  3.733,  0.98,  1, 0.16, 0.50, 1.25, 0.07, 0.84, 0.75, 0.08, 0.63, 0.55, 0.96, 0.00, 0.33, 0.00, 0.00, 0.22, 0.00, 0.13, 0.00, 0.00, 1.00, 0.00, 0.00, 1.00, 0.00, 0.00, 0.00, 1.00, 0.00, 1.00, 0.00, 1.00, 0.00, 0.00, 0.00, 0.00
226,  0,  3.750,  0.98,  1, 0.12, 0.28, 1.20, 0.07, 0.84, 0.80, 0.06, 0.56, 0.56, 1.11, 0.00, 0.32, 0.00, 0.01, 0.24, 0.01, 0.05, 0.00, 0.00, 1.00, 0.00, 0.00, 1.00, 0.00, 0.00, 0.00, 1.00, 0.00, 1.00, 0.00, 0.00, 0.00, 0.00, 0.00, 0.00
227,  0,  3.767,  0.98,  1, 0.13, 0.24, 1.24, 0.00, 0.85, 0.67, 0.06, 0.65, 0.66, 1.03, 0.00, 0.31, 0.00, 0.01, 0.33, 0.01, 0.05, 0.00, 0.00, 1.00, 0.00, 0.00, 1.00, 0.00, 0.00, 0.00, 1.00, 0.00, 1.00, 0.00, 0.00, 0.00, 0.00, 0.00, 0.00
228,  0,  3.783,  0.98,  1, 0.02, 0.09, 1.12, 0.00, 0.89, 0.48, 0.00, 0.54, 0.65, 1.07, 0.00, 0.19, 0.00, 0.01, 0.39, 0.01, 0.05, 0.00, 0.00, 1.00, 0.00, 0.00, 1.00, 0.00, 0.00, 0.00, 1.00, 0.00, 1.00, 0.00, 0.00, 0.00, 0.00, 0.00, 0.00
229,  0,  3.800,  0.98,  1, 0.08, 0.09, 1.04, 0.00, 0.92, 0.50, 0.00, 0.50, 0.62, 0.89, 0.00, 0.24, 0.00, 0.00, 0.32, 0.00, 0.00, 0.00, 0.00, 1.00, 0.00, 0.00, 1.00, 0.00, 0.00, 0.00, 1.00, 0.00, 1.00, 0.00, 0.00, 0.00, 0.00, 0.00, 0.00
230,  0,  3.817,  0.98,  1, 0.15, 0.10, 0.99, 0.00, 0.98, 0.62, 0.01, 0.49, 0.64, 0.96, 0.00, 0.21, 0.00, 0.00, 0.35, 0.00, 0.00, 0.00, 0.00, 1.00, 0.00, 0.00, 1.00, 0.00, 0.00, 0.00, 1.00, 0.00, 1.00, 0.00, 0.00, 0.00, 0.00, 0.00, 0.00
231,  0,  3.833,  0.98,  1, 0.17, 0.06, 1.04, 0.00, 0.84, 0.57, 0.01, 0.59, 0.62, 0.85, 0.00, 0.21, 0.00, 0.00, 0.47, 0.00, 0.00, 0.00, 0.00, 1.00, 0.00, 0.00, 1.00, 0.00, 0.00, 0.00, 1.00, 0.00, 0.00, 0.00, 0.00, 0.00, 0.00, 0.00, 0.00
232,  0,  3.850,  0.98,  1, 0.12, 0.06, 0.96, 0.00, 0.82, 0.74, 0.01, 0.68, 0.59, 0.97, 0.00, 0.08, 0.00, 0.00, 0.47, 0.00, 0.00, 0.00, 0.00, 1.00, 0.00, 0.00, 1.00, 0.00, 0.00, 0.00, 1.00, 0.00, 0.00, 0.00, 0.00, 0.00, 0.00, 0.00, 0.00
233,  0,  3.867,  0.98,  1, 0.21, 0.28, 0.95, 0.00, 0.73, 0.53, 0.00, 0.70, 0.62, 1.06, 0.00, 0.04, 0.00, 0.00, 0.42, 0.00, 0.00, 0.00, 0.00, 1.00, 0.00, 0.00, 1.00, 0.00, 0.00, 0.00, 1.00, 1.00, 0.00, 0.00, 0.00, 0.00, 0.00, 0.00, 0.00
234,  0,  3.883,  0.98,  1, 0.33, 0.23, 1.06, 0.00, 0.80, 0.61, 0.00, 0.53, 0.63, 0.96, 0.00, 0.10, 0.00, 0.00, 0.31, 0.00, 0.05, 0.00, 0.00, 1.00, 0.00, 0.00, 0.00, 0.00, 0.00, 0.00, 1.00, 1.00, 0.00, 0.00, 0.00, 0.00, 0.00, 0.00, 0.00
235,  0,  3.900,  0.98,  1, 0.33, 0.42, 1.23, 0.00, 0.82, 0.66, 0.00, 0.45, 0.67, 0.86, 0.00, 0.06, 0.00, 0.00, 0.33, 0.00, 0.04, 0.00, 0.00, 1.00, 0.00, 0.00, 1.00, 0.00, 0.00, 0.00, 1.00, 1.00, 0.00, 0.00, 0.00, 0.00, 0.00, 0.00, 0.00
236,  0,  3.917,  0.98,  1, 0.14, 0.32, 1.28, 0.00, 0.88, 0.66, 0.00, 0.33, 0.52, 0.72, 0.00, 0.19, 0.00, 0.00, 0.34, 0.00, 0.08, 0.00, 0.00, 1.00, 0.00, 0.00, 1.00, 0.00, 0.00, 0.00, 1.00, 1.00, 0.00, 0.00, 0.00, 0.00, 0.00, 0.00, 0.00
237,  0,  3.933,  0.98,  1, 0.00, 0.32, 1.25, 0.00, 0.89, 0.82, 0.00, 0.44, 0.59, 0.99, 0.00, 0.16, 0.00, 0.00, 0.33, 0.00, 0.03, 0.00, 0.00, 1.00, 0.00, 0.00, 1.00, 0.00, 0.00, 0.00, 1.00, 1.00, 0.00, 0.00, 0.00, 0.00, 0.00, 0.00, 0.00
238,  0,  3.950,  0.98,  1, 0.11, 0.13, 1.15, 0.00, 0.79, 0.49, 0.00, 0.29, 0.54, 1.04, 0.00, 0.22, 0.00, 0.00, 0.39, 0.00, 0.03, 0.00, 0.00, 1.00, 0.00, 0.00, 1.00, 0.00, 0.00, 0.00, 1.00, 1.00, 0.00, 0.00, 0.00, 0.00, 0.00, 0.00, 0.00
239,  0,  3.967,  0.98,  1, 0.16, 0.18, 1.27, 0.06, 0.74, 0.77, 0.00, 0.46, 0.64, 1.16, 0.04, 0.18, 0.00, 0.00, 0.49, 0.00, 0.00, 0.00, 0.00, 1.00, 0.00, 0.00, 1.00, 0.00, 0.00, 0.00, 1.00, 1.00, 0.00, 0.00, 0.00, 0.00, 0.00, 0.00, 0.00
240,  0,  3.983,  0.98,  1, 0.19, 0.21, 1.28, 0.11, 0.80, 0.90, 0.00, 0.52, 0.60, 1.13, 0.04, 0.23, 0.00, 0.00, 0.54, 0.00, 0.02, 0.00, 0.00, 1.00, 0.00, 0.00, 1.00, 0.00, 0.00, 0.00, 1.00, 1.00, 0.00, 0.00, 0.00, 0.00, 0.00, 0.00, 0.00
241,  0,  4.000,  0.98,  1, 0.08, 0.35, 1.53, 0.11, 0.89, 1.09, 0.00, 0.71, 0.64, 1.09, 0.04, 0.27, 0.00, 0.00, 0.42, 0.00, 0.02, 0.00, 0.00, 1.00, 0.00, 0.00, 1.00, 0.00, 0.00, 0.00, 1.00, 1.00, 0.00, 0.00, 0.00, 0.00, 0.00, 0.00, 0.00
242,  0,  4.017,  0.98,  1, 0.16, 0.33, 1.58, 0.05, 0.87, 0.96, 0.02, 0.61, 0.59, 1.03, 0.00, 0.23, 0.00, 0.00, 0.30, 0.04, 0.02, 0.00, 0.00, 1.00, 0.00, 0.00, 1.00, 0.00, 0.00, 0.00, 1.00, 0.00, 0.00, 0.00, 0.00, 0.00, 0.00, 0.00, 0.00
243,  0,  4.033,  0.98,  1, 0.25, 0.47, 1.53, 0.00, 0.84, 0.70, 0.02, 0.63, 0.64, 1.04, 0.00, 0.21, 0.00, 0.00, 0.19, 0.04, 0.00, 0.00, 0.00, 1.00, 0.00, 0.00, 1.00, 0.00, 0.00, 0.00, 1.00, 0.00, 0.00, 0.00, 0.00, 0.00, 0.00, 0.00, 0.00
244,  0,  4.050,  0.98,  1, 0.33, 0.51, 1.34, 0.10, 0.77, 0.57, 0.02, 0.58, 0.66, 1.06, 0.00, 0.16, 0.00, 0.00, 0.22, 0.04, 0.00, 0.00, 0.00, 1.00, 0.00, 0.00, 1.00, 0.00, 0.00, 0.00, 1.00, 0.00, 0.00, 0.00, 0.00, 0.00, 0.00, 0.00, 0.00
245,  0,  4.067,  0.98,  1, 0.20, 0.36, 1.21, 0.10, 0.79, 0.67, 0.00, 0.55, 0.70, 1.23, 0.00, 0.15, 0.00, 0.00, 0.17, 0.00, 0.00, 0.00, 0.00, 1.00, 0.00, 0.00, 1.00, 0.00, 0.00, 0.00, 1.00, 0.00, 0.00, 0.00, 0.00, 0.00, 0.00, 0.00, 0.00
246,  0,  4.083,  0.98,  1, 0.09, 0.18, 1.24, 0.10, 0.79, 0.66, 0.08, 0.51, 0.63, 1.16, 0.00, 0.11, 0.00, 0.00, 0.31, 0.00, 0.00, 0.00, 0.00, 1.00, 0.00, 0.00, 1.00, 0.00, 0.00, 0.00, 1.00, 0.00, 0.00, 0.00, 1.00, 0.00, 0.00, 0.00, 0.00
247,  0,  4.100,  0.98,  1, 0.00, 0.05, 1.30, 0.12, 0.81, 0.57, 0.10, 0.70, 0.60, 1.33, 0.00, 0.15, 0.00, 0.00, 0.22, 0.00, 0.00, 0.00, 0.00, 1.00, 0.00, 0.00, 1.00, 0.00, 0.00, 0.00, 1.00, 0.00, 0.00, 0.00, 0.00, 0.00, 0.00, 0.00, 0.00
248,  0,  4.117,  0.98,  1, 0.06, 0.06, 1.26, 0.12, 0.74, 0.34, 0.10, 0.82, 0.61, 1.31, 0.00, 0.14, 0.00, 0.00, 0.34, 0.00, 0.00, 0.00, 0.00, 1.00, 0.00, 0.00, 1.00, 0.00, 0.00, 0.00, 1.00, 0.00, 0.00, 0.00, 0.00, 0.00, 0.00, 0.00, 0.00
249,  0,  4.133,  0.98,  1, 0.11, 0.09, 1.14, 0.14, 0.65, 0.35, 0.04, 0.77, 0.65, 1.41, 0.00, 0.19, 0.00, 0.00, 0.34, 0.01, 0.00, 0.00, 0.00, 1.00, 0.00, 0.00, 1.00, 0.00, 0.00, 0.00, 1.00, 1.00, 0.00, 0.00, 1.00, 0.00, 0.00, 0.00, 0.00
250,  0,  4.150,  0.98,  1, 0.11, 0.11, 1.07, 0.28, 0.68, 0.28, 0.01, 0.67, 0.67, 1.38, 0.00, 0.10, 0.00, 0.00, 0.44, 0.01, 0.00, 0.00, 0.00, 1.00, 0.00, 0.00, 1.00, 0.00, 0.00, 0.00, 1.00, 1.00, 0.00, 0.00, 1.00, 0.00, 0.00, 0.00, 0.00
251,  0,  4.167,  0.98,  1, 0.18, 0.14, 1.14, 0.61, 0.75, 0.60, 0.01, 0.68, 0.58, 1.25, 0.00, 0.14, 0.00, 0.00, 0.35, 0.01, 0.00, 0.00, 0.00, 1.00, 0.00, 0.00, 1.00, 0.00, 0.00, 0.00, 1.00, 1.00, 0.00, 0.00, 1.00, 0.00, 0.00, 0.00, 0.00
252,  0,  4.183,  0.98,  1, 0.25, 0.36, 1.21, 0.76, 0.81, 0.75, 0.00, 0.70, 0.59, 1.19, 0.00, 0.06, 0.00, 0.00, 0.27, 0.00, 0.00, 0.00, 0.00, 1.00, 0.00, 0.00, 1.00, 0.00, 0.00, 0.00, 1.00, 0.00, 0.00, 0.00, 1.00, 0.00, 0.00, 0.00, 0.00
253,  0,  4.200,  0.98,  1, 0.38, 0.33, 1.30, 0.55, 0.81, 0.93, 0.00, 0.66, 0.65, 0.85, 0.02, 0.07, 0.00, 0.00, 0.36, 0.00, 0.00, 0.00, 0.00, 1.00, 0.00, 0.00, 1.00, 0.00, 0.00, 0.00, 1.00, 0.00, 0.00, 0.00, 1.00, 0.00, 0.00, 0.00, 0.00
254,  0,  4.217,  0.98,  1, 0.29, 0.37, 1.24, 0.45, 0.81, 0.74, 0.00, 0.60, 0.69, 0.77, 0.02, 0.24, 0.00, 0.00, 0.28, 0.00, 0.00, 0.00, 0.00, 1.00, 0.00, 0.00, 1.00, 0.00, 0.00, 0.00, 1.00, 0.00, 0.00, 0.00, 1.00, 0.00, 0.00, 0.00, 0.00
255,  0,  4.233,  0.98,  1, 0.27, 0.15, 1.13, 0.27, 0.68, 0.48, 0.00, 0.51, 0.60, 0.73, 0.02, 0.36, 0.00, 0.00, 0.30, 0.00, 0.00, 0.00, 0.00, 1.00, 0.00, 0.00, 1.00, 0.00, 0.00, 0.00, 1.00, 0.00, 0.00, 0.00, 1.00, 0.00, 0.00, 0.00, 0.00
256,  0,  4.250,  0.98,  1, 0.19, 0.10, 0.97, 0.42, 0.59, 0.39, 0.02, 0.47, 0.49, 0.98, 0.00, 0.45, 0.00, 0.00, 0.11, 0.00, 0.00, 0.00, 0.00, 1.00, 0.00, 0.00, 1.00, 0.00, 0.00, 0.00, 1.00, 0.00, 0.00, 0.00, 0.00, 0.00, 0.00, 0.00, 0.00
257,  0,  4.267,  0.98,  1, 0.16, 0.04, 1.10, 0.19, 0.57, 0.40, 0.07, 0.42, 0.50, 1.15, 0.00, 0.26, 0.00, 0.00, 0.27, 0.00, 0.00, 0.00, 0.00, 1.00, 0.00, 0.00, 1.00, 0.00, 0.00, 0.00, 1.00, 0.00, 0.00, 0.00, 0.00, 0.00, 0.00, 0.00, 0.00
258,  0,  4.283,  0.98,  1, 0.08, 0.02, 1.29, 0.19, 0.68, 0.49, 0.08, 0.54, 0.57, 1.21, 0.01, 0.13, 0.00, 0.00, 0.29, 0.00, 0.00, 0.00, 0.00, 1.00, 0.00, 0.00, 1.00, 0.00, 0.00, 0.00, 1.00, 0.00, 0.00, 0.00, 0.00, 0.00, 0.00, 0.00, 0.00
259,  0,  4.300,  0.98,  1, 0.03, 0.04, 1.39, 0.19, 0.79, 0.68, 0.06, 0.57, 0.64, 1.09, 0.01, 0.09, 0.00, 0.00, 0.40, 0.00, 0.00, 0.00, 0.00, 1.00, 0.00, 0.00, 0.00, 0.00, 0.00, 0.00, 1.00, 0.00, 0.00, 0.00, 0.00, 0.00, 0.00, 0.00, 0.00
260,  0,  4.317,  0.98,  1, 0.04, 0.04, 1.25, 0.19, 0.77, 0.49, 0.02, 0.50, 0.68, 1.11, 0.01, 0.05, 0.00, 0.00, 0.45, 0.00, 0.00, 0.00, 0.00, 1.00, 0.00, 0.00, 0.00, 0.00, 0.00, 0.00, 1.00, 0.00, 0.00, 0.00, 0.00, 0.00, 0.00, 0.00, 0.00
261,  0,  4.333,  0.98,  1, 0.08, 0.04, 1.22, 0.47, 0.72, 0.41, 0.02, 0.36, 0.58, 1.11, 0.00, 0.09, 0.00, 0.00, 0.44, 0.00, 0.00, 0.00, 0.00, 1.00, 0.00, 0.00, 0.00, 0.00, 0.00, 0.00, 1.00, 0.00, 0.00, 0.00, 0.00, 0.00, 0.00, 0.00, 0.00
262,  0,  4.350,  0.98,  1, 0.11, 0.03, 1.17, 0.28, 0.69, 0.30, 0.02, 0.50, 0.60, 1.16, 0.00, 0.20, 0.00, 0.00, 0.44, 0.00, 0.00, 0.00, 0.00, 1.00, 0.00, 0.00, 0.00, 0.00, 0.00, 0.00, 1.00, 0.00, 0.00, 0.00, 0.00, 0.00, 0.00, 0.00, 0.00
263,  0,  4.367,  0.98,  1, 0.16, 0.01, 1.34, 0.28, 0.68, 0.32, 0.02, 0.67, 0.60, 1.14, 0.00, 0.38, 0.00, 0.00, 0.33, 0.00, 0.00, 0.00, 0.00, 1.00, 0.00, 0.00, 0.00, 0.00, 0.00, 0.00, 1.00, 0.00, 0.00, 0.00, 0.00, 0.00, 0.00, 0.00, 0.00
264,  0,  4.383,  0.98,  1, 0.09, 0.02, 1.55, 0.07, 0.75, 0.62, 0.00, 0.73, 0.70, 1.23, 0.00, 0.46, 0.00, 0.00, 0.21, 0.00, 0.00, 0.00, 0.00, 1.00, 0.00, 0.00, 0.00, 0.00, 0.00, 0.00, 1.00, 0.00, 0.00, 0.00, 0.00, 0.00, 0.00, 0.00, 0.00
265,  0,  4.400,  0.98,  1, 0.08, 0.02, 1.52, 0.16, 0.81, 0.43, 0.00, 0.56, 0.69, 1.21, 0.00, 0.40, 0.00, 0.00, 0.24, 0.00, 0.00, 0.00, 0.00, 1.00, 0.00, 0.00, 0.00, 0.00, 0.00, 0.00, 1.00, 0.00, 0.00, 0.00, 0.00, 0.00, 0.00, 0.00, 0.00
266,  0,  4.417,  0.98,  1, 0.11, 0.02, 1.54, 0.16, 0.85, 0.56, 0.00, 0.54, 0.64, 1.11, 0.00, 0.24, 0.00, 0.00, 0.27, 0.00, 0.08, 0.00, 0.00, 1.00, 0.00, 0.00, 1.00, 0.00, 0.00, 0.00, 1.00, 0.00, 1.00, 0.00, 0.00, 0.00, 0.00, 0.00, 0.00
267,  0,  4.433,  0.98,  1, 0.11, 0.01, 1.44, 0.09, 0.94, 0.52, 0.05, 0.56, 0.57, 0.95, 0.00, 0.12, 0.00, 0.00, 0.28, 0.08, 0.08, 0.00, 0.00, 1.00, 0.00, 0.00, 1.00, 0.00, 0.00, 0.00, 1.00, 0.00, 0.00, 0.00, 0.00, 0.00, 0.00, 0.00, 0.00
268,  0,  4.450,  0.98,  1, 0.22, 0.00, 1.55, 0.01, 0.87, 0.50, 0.05, 0.66, 0.55, 1.07, 0.00, 0.13, 0.00, 0.00, 0.14, 0.08, 0.08, 0.00, 0.00, 1.00, 0.00, 0.00, 1.00, 0.00, 0.00, 0.00, 1.00, 0.00, 0.00, 0.00, 0.00, 0.00, 0.00, 0.00, 0.00
269,  0,  4.467,  0.98,  1, 0.16, 0.05, 1.43, 0.01, 0.77, 0.41, 0.05, 0.66, 0.66, 1.10, 0.00, 0.15, 0.00, 0.00, 0.16, 0.08, 0.00, 0.00, 0.00, 1.00, 0.00, 0.00, 1.00, 0.00, 0.00, 0.00, 1.00, 0.00, 0.00, 0.00, 0.00, 0.00, 0.00, 0.00, 0.00
270,  0,  4.483,  0.98,  1, 0.28, 0.05, 1.42, 0.01, 0.77, 0.40, 0.00, 0.71, 0.70, 1.00, 0.00, 0.19, 0.00, 0.00, 0.15, 0.00, 0.00, 0.00, 0.00, 1.00, 0.00, 0.00, 1.00, 0.00, 0.00, 0.00, 1.00, 0.00, 0.00, 0.00, 0.00, 0.00, 0.00, 0.00, 0.00
271,  0,  4.500,  0.98,  1, 0.32, 0.22, 1.47, 0.22, 0.78, 0.58, 0.04, 0.71, 0.71, 1.02, 0.00, 0.08, 0.00, 0.00, 0.22, 0.00, 0.09, 0.00, 0.00, 1.00, 0.00, 0.00, 1.00, 0.00, 0.00, 0.00, 1.00, 0.00, 0.00, 0.00, 0.00, 0.00, 0.00, 0.00, 0.00
272,  0,  4.517,  0.98,  1, 0.29, 0.23, 1.50, 0.25, 0.88, 0.71, 0.04, 0.61, 0.62, 1.12, 0.02, 0.12, 0.00, 0.01, 0.11, 0.00, 0.09, 0.00, 0.00, 1.00, 0.00, 0.00, 1.00, 0.00, 0.00, 0.00, 1.00, 0.00, 0.00, 0.00, 0.00, 0.00, 0.00, 0.00, 0.00
273,  0,  4.533,  0.98,  1, 0.26, 0.31, 1.38, 0.31, 0.72, 0.47, 0.04, 0.69, 0.67, 1.10, 0.02, 0.15, 0.00, 0.01, 0.30, 0.00, 0.09, 0.00, 0.00, 1.00, 0.00, 0.00, 0.00, 0.00, 0.00, 0.00, 1.00, 0.00, 0.00, 0.00, 0.00, 0.00, 0.00, 0.00, 0.00
274,  0,  4.550,  0.98,  1, 0.17, 0.16, 1.32, 0.18, 0.76, 0.54, 0.00, 0.63, 0.72, 0.96, 0.02, 0.15, 0.00, 0.01, 0.35, 0.00, 0.00, 0.00, 0.00, 1.00, 0.00, 0.00, 1.00, 0.00, 0.00, 0.00, 1.00, 0.00, 0.00, 0.00, 0.00, 0.00, 0.00, 0.00, 0.00
275,  0,  4.567,  0.98,  1, 0.16, 0.09, 1.34, 0.21, 0.75, 0.26, 0.00, 0.65, 0.75, 0.96, 0.00, 0.07, 0.00, 0.00, 0.31, 0.00, 0.03, 0.00, 0.00, 1.00, 0.00, 0.00, 1.00, 0.00, 0.00, 0.00, 1.00, 0.00, 0.00, 0.00, 0.00, 0.00, 0.00, 0.00, 0.00
276,  0,  4.583,  0.98,  1, 0.13, 0.03, 1.39, 0.15, 0.78, 0.33, 0.02, 0.49, 0.67, 1.00, 0.00, 0.00, 0.00, 0.01, 0.31, 0.00, 0.03, 0.00, 0.00, 1.00, 0.00, 0.00, 1.00, 0.00, 0.00, 0.00, 1.00, 0.00, 0.00, 0.00, 0.00, 0.00, 0.00, 0.00, 0.00
277,  0,  4.600,  0.98,  1, 0.09, 0.02, 1.37, 0.18, 0.82, 0.46, 0.02, 0.58, 0.61, 1.08, 0.00, 0.07, 0.00, 0.05, 0.25, 0.00, 0.03, 0.00, 0.00, 1.00, 0.00, 0.00, 1.00, 0.00, 0.00, 0.00, 1.00, 0.00, 0.00, 0.00, 0.00, 0.00, 0.00, 0.00, 0.00
278,  0,  4.617,  0.98,  1, 0.09, 0.19, 1.26, 0.12, 0.86, 0.66, 0.02, 0.61, 0.68, 1.10, 0.00, 0.10, 0.00, 0.12, 0.37, 0.00, 0.00, 0.00, 0.00, 1.00, 0.00, 0.00, 1.00, 0.00, 0.00, 0.00, 1.00, 0.00, 0.00, 0.00, 0.00, 0.00, 0.00, 0.00, 0.00
279,  0,  4.633,  0.98,  1, 0.06, 0.16, 1.20, 0.12, 0.93, 0.69, 0.00, 0.62, 0.76, 1.04, 0.00, 0.29, 0.00, 0.14, 0.37, 0.00, 0.00, 0.00, 0.00, 1.00, 0.00, 0.00, 1.00, 0.00, 0.00, 0.00, 1.00, 0.00, 0.00, 0.00, 0.00, 0.00, 0.00, 0.00, 0.00
280,  0,  4.650,  0.98,  1, 0.08, 0.45, 1.24, 0.00, 0.87, 0.44, 0.00, 0.47, 0.80, 1.21, 0.00, 0.28, 0.00, 0.14, 0.49, 0.01, 0.00, 0.00, 0.00, 1.00, 0.00, 0.00, 1.00, 0.00, 0.00, 0.00, 1.00, 0.00, 0.00, 0.00, 0.00, 0.00, 0.00, 0.00, 0.00
281,  0,  4.667,  0.98,  1, 0.17, 0.29, 1.28, 0.02, 0.84, 0.48, 0.05, 0.43, 0.70, 1.11, 0.00, 0.29, 0.00, 0.07, 0.49, 0.07, 0.00, 0.00, 0.00, 1.00, 0.00, 0.00, 1.00, 0.00, 0.00, 0.00, 1.00, 0.00, 0.00, 0.00, 0.00, 0.00, 0.00, 0.00, 0.00
282,  0,  4.683,  0.98,  1, 0.17, 0.37, 1.50, 0.07, 0.78, 0.55, 0.08, 0.47, 0.67, 1.30, 0.00, 0.26, 0.00, 0.07, 0.39, 0.07, 0.01, 0.00, 0.00, 1.00, 0.00, 0.00, 1.00, 0.00, 0.00, 0.00, 1.00, 0.00, 0.00, 0.00, 0.00, 0.00, 0.00, 0.00, 0.00
283,  0,  4.700,  0.98,  1, 0.27, 0.25, 1.55, 0.15, 0.81, 0.72, 0.08, 0.47, 0.59, 1.16, 0.00, 0.24, 0.06, 0.03, 0.37, 0.05, 0.02, 0.00, 0.00, 1.00, 0.00, 0.00, 1.00, 0.00, 0.00, 0.00, 1.00, 0.00, 0.00, 0.00, 0.00, 0.00, 0.00, 0.00, 0.00
284,  0,  4.717,  0.98,  1, 0.32, 0.46, 1.61, 0.33, 0.81, 0.65, 0.03, 0.52, 0.67, 1.18, 0.00, 0.21, 0.06, 0.03, 0.34, 0.00, 0.02, 0.00, 0.00, 1.00, 0.00, 0.00, 1.00, 0.00, 0.00, 0.00, 1.00, 0.00, 0.00, 0.00, 0.00, 0.00, 0.00, 0.00, 0.00
285,  0,  4.733,  0.98,  1, 0.39, 0.38, 1.33, 0.29, 0.78, 0.48, 0.01, 0.51, 0.64, 1.14, 0.00, 0.14, 0.06, 0.00, 0.30, 0.00, 0.01, 0.00, 0.00, 1.00, 0.00, 0.00, 1.00, 0.00, 0.00, 0.00, 1.00, 0.00, 1.00, 0.00, 0.00, 0.00, 0.00, 0.00, 0.00
286,  0,  4.750,  0.98,  1, 0.26, 0.37, 1.25, 0.20, 0.74, 0.26, 0.05, 0.53, 0.68, 1.17, 0.00, 0.20, 0.00, 0.00, 0.19, 0.00, 0.00, 0.00, 0.00, 1.00, 0.00, 0.00, 1.00, 0.00, 0.00, 0.00, 1.00, 0.00, 1.00, 0.00, 1.00, 0.00, 0.00, 0.00, 0.00
287,  0,  4.767,  0.98,  1, 0.11, 0.16, 1.17, 0.10, 0.77, 0.29, 0.06, 0.44, 0.73, 1.25, 0.00, 0.36, 0.00, 0.01, 0.12, 0.06, 0.00, 0.00, 0.00, 1.00, 0.00, 0.00, 1.00, 0.00, 0.00, 0.00, 1.00, 0.00, 1.00, 0.00, 1.00, 0.00, 0.00, 0.00, 0.00
288,  0,  4.783,  0.98,  1, 0.02, 0.16, 1.20, 0.18, 0.95, 0.66, 0.05, 0.49, 0.83, 1.26, 0.00, 0.35, 0.00, 0.04, 0.19, 0.06, 0.00, 0.00, 0.00, 1.00, 0.00, 1.00, 1.00, 0.00, 0.00, 0.00, 1.00, 0.00, 1.00, 0.00, 1.00, 0.00, 0.00, 0.00, 0.00
289,  0,  4.800,  0.98,  1, 0.00, 0.05, 1.13, 0.19, 1.10, 0.78, 0.01, 0.51, 0.95, 1.25, 0.00, 0.30, 0.00, 0.16, 0.23, 0.06, 0.00, 0.00, 0.00, 1.00, 0.00, 1.00, 1.00, 0.00, 0.00, 0.00, 1.00, 0.00, 1.00, 0.00, 0.00, 0.00, 0.00, 0.00, 0.00
290,  0,  4.817,  0.93,  1, 0.01, 0.09, 1.10, 0.19, 1.24, 0.97, 0.00, 0.78, 1.00, 1.24, 0.00, 0.13, 0.00, 0.20, 0.39, 0.00, 0.07, 0.00, 0.00, 1.00, 0.00, 1.00, 1.00, 0.00, 0.00, 0.00, 1.00, 0.00, 1.00, 0.00, 1.00, 0.00, 0.00, 0.00, 0.00
291,  0,  4.833,  0.93,  1, 0.01, 0.09, 1.13, 0.12, 1.30, 0.93, 0.01, 0.91, 1.11, 1.22, 0.00, 0.18, 0.00, 0.31, 0.47, 0.03, 0.07, 0.00, 0.00, 1.00, 0.00, 1.00, 1.00, 0.00, 0.00, 1.00, 1.00, 0.00, 1.00, 0.00, 1.00, 0.00, 0.00, 0.00, 0.00
292,  0,  4.850,  0.93,  1, 0.01, 0.10, 1.02, 0.11, 1.30, 0.90, 0.01, 1.06, 1.25, 1.31, 0.00, 0.17, 0.00, 0.34, 0.38, 0.03, 0.07, 0.00, 0.00, 1.00, 0.00, 1.00, 1.00, 0.00, 0.00, 1.00, 1.00, 0.00, 1.00, 0.00, 1.00, 0.00, 0.00, 0.00, 0.00
293,  0,  4.867,  0.93,  1, 0.01, 0.07, 1.05, 0.00, 1.33, 0.76, 0.05, 0.98, 1.36, 1.47, 0.00, 0.30, 0.00, 0.45, 0.40, 0.03, 0.00, 0.00, 0.00, 1.00, 0.00, 1.00, 1.00, 0.00, 0.00, 1.00, 1.00, 0.00, 1.00, 0.00, 1.00, 0.00, 0.00, 0.00, 0.00
294,  0,  4.883,  0.93,  1, 0.01, 0.07, 1.07, 0.01, 1.38, 0.67, 0.04, 1.01, 1.48, 1.56, 0.00, 0.19, 0.00, 0.43, 0.33, 0.00, 0.00, 0.00, 0.00, 1.00, 0.00, 1.00, 1.00, 0.00, 0.00, 1.00, 1.00, 0.00, 1.00, 0.00, 1.00, 0.00, 0.00, 0.00, 0.00
295,  0,  4.900,  0.93,  1, 0.10, 0.02, 1.22, 0.03, 1.36, 0.79, 0.04, 0.92, 1.45, 1.57, 0.00, 0.19, 0.00, 0.46, 0.41, 0.00, 0.00, 0.00, 0.00, 1.00, 0.00, 1.00, 1.00, 0.00, 0.00, 1.00, 1.00, 0.00, 1.00, 0.00, 1.00, 0.00, 0.00, 0.00, 0.00
296,  0,  4.917,  0.93,  1, 0.09, 0.07, 1.27, 0.03, 1.27, 0.68, 0.00, 0.85, 1.42, 1.58, 0.00, 0.15, 0.00, 0.49, 0.26, 0.00, 0.00, 0.00, 0.00, 1.00, 0.00, 1.00, 1.00, 0.00, 0.00, 1.00, 1.00, 0.00, 1.00, 0.00, 1.00, 0.00, 0.00, 0.00, 0.00
297,  0,  4.933,  0.93,  1, 0.10, 0.11, 1.17, 0.02, 1.27, 0.72, 0.00, 0.73, 1.39, 1.63, 0.00, 0.27, 0.00, 0.58, 0.13, 0.00, 0.00, 0.00, 0.00, 1.00, 0.00, 1.00, 1.00, 0.00, 0.00, 1.00, 1.00, 0.00, 1.00, 0.00, 1.00, 0.00, 0.00, 0.00, 0.00
298,  0,  4.950,  0.93,  1, 0.10, 0.14, 1.23, 0.00, 1.28, 0.56, 0.00, 0.69, 1.35, 1.54, 0.00, 0.24, 0.00, 0.56, 0.05, 0.00, 0.00, 0.00, 0.00, 1.00, 0.00, 1.00, 1.00, 0.00, 0.00, 1.00, 1.00, 0.00, 1.00, 0.00, 1.00, 0.00, 0.00, 0.00, 0.00
299,  0,  4.967,  0.93,  1, 0.10, 0.09, 1.20, 0.05, 1.36, 0.54, 0.00, 0.62, 1.35, 1.34, 0.00, 0.23, 0.00, 0.52, 0.17, 0.00, 0.00, 0.00, 0.00, 1.00, 0.00, 1.00, 1.00, 0.00, 0.00, 1.00, 1.00, 0.00, 1.00, 0.00, 1.00, 0.00, 0.00, 0.00, 0.00
300,  0,  4.983,  0.93,  1, 0.08, 0.04, 1.33, 0.05, 1.26, 0.39, 0.00, 0.62, 1.28, 1.31, 0.00, 0.18, 0.00, 0.44, 0.17, 0.00, 0.00, 0.00, 0.00, 1.00, 0.00, 1.00, 1.00, 0.00, 0.00, 1.00, 1.00, 0.00, 1.00, 0.00, 1.00, 0.00, 0.00, 0.00, 0.00
301,  0,  5.000,  0.93,  1, 0.03, 0.00, 1.41, 0.09, 1.29, 0.39, 0.00, 0.74, 1.29, 1.46, 0.00, 0.31, 0.00, 0.44, 0.16, 0.00, 0.00, 0.00, 0.00, 1.00, 0.00, 1.00, 1.00, 0.00, 0.00, 1.00, 1.00, 0.00, 1.00, 0.00, 1.00, 0.00, 0.00, 0.00, 0.00
302,  0,  5.017,  0.93,  1, 0.03, 0.00, 1.41, 0.07, 1.34, 0.42, 0.00, 0.74, 1.32, 1.57, 0.00, 0.34, 0.00, 0.36, 0.02, 0.00, 0.00, 0.00, 0.00, 1.00, 0.00, 1.00, 1.00, 0.00, 0.00, 1.00, 1.00, 0.00, 1.00, 0.00, 1.00, 0.00, 0.00, 0.00, 0.00
303,  0,  5.033,  0.93,  1, 0.03, 0.00, 1.29, 0.10, 1.39, 0.53, 0.00, 0.79, 1.29, 1.51, 0.00, 0.42, 0.00, 0.33, 0.05, 0.00, 0.00, 0.00, 0.00, 1.00, 0.00, 1.00, 1.00, 0.00, 0.00, 1.00, 1.00, 0.00, 1.00, 0.00, 1.00, 0.00, 0.00, 0.00, 0.00
304,  0,  5.050,  0.93,  1, 0.06, 0.16, 1.19, 0.08, 1.37, 0.62, 0.00, 0.65, 1.31, 1.42, 0.00, 0.35, 0.00, 0.29, 0.05, 0.00, 0.00, 0.00, 0.00, 1.00, 0.00, 1.00, 1.00, 0.00, 0.00, 1.00, 1.00, 0.00, 1.00, 0.00, 1.00, 0.00, 0.00, 0.00, 0.00
305,  0,  5.067,  0.93,  1, 0.14, 0.16, 1.15, 0.07, 1.32, 0.63, 0.00, 0.75, 1.27, 1.43, 0.00, 0.24, 0.00, 0.33, 0.04, 0.00, 0.00, 0.00, 0.00, 1.00, 0.00, 1.00, 1.00, 0.00, 0.00, 1.00, 1.00, 0.00, 1.00, 0.00, 1.00, 0.00, 0.00, 0.00, 0.00
306,  0,  5.083,  0.93,  1, 0.14, 0.16, 1.26, 0.05, 1.32, 0.65, 0.00, 0.72, 1.24, 1.54, 0.00, 0.23, 0.00, 0.41, 0.02, 0.00, 0.00, 0.00, 0.00, 1.00, 0.00, 1.00, 1.00, 0.00, 0.00, 1.00, 1.00, 0.00, 1.00, 0.00, 1.00, 0.00, 0.00, 0.00, 0.00
307,  0,  5.100,  0.93,  1, 0.08, 0.00, 1.33, 0.05, 1.36, 0.41, 0.00, 0.81, 1.20, 1.59, 0.00, 0.43, 0.00, 0.46, 0.05, 0.00, 0.00, 0.00, 0.00, 1.00, 0.00, 1.00, 1.00, 0.00, 0.00, 1.00, 1.00, 0.00, 1.00, 0.00, 1.00, 0.00, 0.00, 0.00, 0.00
308,  0,  5.117,  0.98,  1, 0.00, 0.00, 1.60, 0.05, 1.35, 0.47, 0.00, 0.71, 1.16, 1.68, 0.00, 0.57, 0.03, 0.49, 0.05, 0.00, 0.07, 0.00, 0.00, 1.00, 0.00, 1.00, 1.00, 0.00, 0.00, 0.00, 1.00, 0.00, 1.00, 0.00, 1.00, 0.00, 0.00, 0.00, 0.00
309,  0,  5.133,  0.98,  1, 0.01, 0.00, 1.56, 0.03, 1.18, 0.39, 0.01, 0.57, 1.12, 1.65, 0.00, 0.57, 0.03, 0.47, 0.18, 0.00, 0.07, 0.00, 0.00, 1.00, 0.00, 1.00, 0.00, 0.00, 0.00, 0.00, 1.00, 0.00, 1.00, 0.00, 0.00, 0.00, 0.00, 0.00, 0.00
310,  0,  5.150,  0.98,  1, 0.04, 0.00, 1.63, 0.03, 1.10, 0.64, 0.01, 0.52, 1.09, 1.39, 0.00, 0.40, 0.03, 0.42, 0.23, 0.00, 0.07, 0.00, 0.00, 1.00, 0.00, 1.00, 0.00, 0.00, 0.00, 0.00, 1.00, 0.00, 1.00, 0.00, 1.00, 0.00, 0.00, 0.00, 0.00
311,  0,  5.167,  0.93,  1, 0.09, 0.08, 1.58, 0.02, 1.06, 0.44, 0.01, 0.57, 1.07, 1.37, 0.00, 0.37, 0.00, 0.37, 0.30, 0.00, 0.08, 0.00, 0.00, 1.00, 0.00, 1.00, 0.00, 0.00, 0.00, 0.00, 1.00, 0.00, 1.00, 0.00, 1.00, 0.00, 0.00, 0.00, 0.00
312,  0,  5.183,  0.98,  1, 0.08, 0.08, 1.71, 0.02, 1.20, 0.66, 0.00, 0.65, 1.10, 1.26, 0.00, 0.25, 0.00, 0.24, 0.20, 0.00, 0.08, 0.00, 0.00, 1.00, 0.00, 1.00, 0.00, 0.00, 0.00, 0.00, 1.00, 0.00, 1.00, 0.00, 1.00, 0.00, 0.00, 0.00, 0.00
313,  0,  5.200,  0.98,  1, 0.04, 0.08, 1.69, 0.01, 1.20, 0.87, 0.00, 0.70, 1.06, 1.40, 0.00, 0.24, 0.00, 0.23, 0.11, 0.00, 0.08, 0.00, 0.00, 1.00, 0.00, 1.00, 0.00, 0.00, 0.00, 0.00, 1.00, 0.00, 1.00, 0.00, 1.00, 0.00, 0.00, 0.00, 0.00
314,  0,  5.217,  0.98,  1, 0.06, 0.18, 1.65, 0.01, 1.21, 1.11, 0.00, 0.61, 1.03, 1.14, 0.00, 0.14, 0.00, 0.12, 0.13, 0.03, 0.00, 0.00, 0.00, 1.00, 0.00, 1.00, 1.00, 0.00, 0.00, 0.00, 1.00, 0.00, 0.00, 0.00, 1.00, 0.00, 0.00, 0.00, 0.00
315,  0,  5.233,  0.98,  1, 0.06, 0.18, 1.69, 0.01, 1.26, 1.20, 0.02, 0.66, 1.10, 1.20, 0.00, 0.20, 0.03, 0.09, 0.09, 0.03, 0.14, 0.00, 0.00, 1.00, 0.00, 1.00, 1.00, 0.00, 0.00, 0.00, 1.00, 0.00, 0.00, 0.00, 1.00, 0.00, 0.00, 0.00, 0.00
316,  0,  5.250,  0.98,  1, 0.06, 0.18, 1.52, 0.00, 1.29, 1.26, 0.02, 0.67, 1.23, 1.22, 0.00, 0.10, 0.03, 0.00, 0.16, 0.03, 0.50, 0.00, 0.00, 1.00, 0.00, 1.00, 1.00, 0.00, 0.00, 1.00, 1.00, 0.00, 0.00, 0.00, 1.00, 0.00, 0.00, 0.00, 1.00
317,  0,  5.267,  0.98,  1, 0.03, 0.08, 1.41, 0.00, 1.37, 1.73, 0.02, 0.69, 1.25, 1.37, 0.00, 0.20, 0.12, 0.00, 0.06, 0.02, 0.73, 0.00, 0.00, 1.00, 0.00, 1.00, 1.00, 0.00, 0.00, 0.00, 1.00, 0.00, 0.00, 0.00, 1.00, 0.00, 0.00, 0.00, 1.00
318,  0,  5.283,  0.98,  1, 0.03, 0.08, 1.26, 0.00, 1.35, 1.71, 0.00, 0.69, 1.27, 1.34, 0.04, 0.21, 0.16, 0.00, 0.15, 0.02, 1.10, 0.00, 0.00, 1.00, 0.00, 1.00, 1.00, 0.00, 0.00, 0.00, 1.00, 0.00, 0.00, 0.00, 1.00, 0.00, 0.00, 0.00, 1.00
319,  0,  5.300,  0.98,  1, 0.08, 0.08, 1.40, 0.00, 1.35, 1.71, 0.00, 0.74, 1.29, 1.42, 0.04, 0.25, 0.25, 0.00, 0.19, 0.03, 1.25, 0.00, 0.00, 1.00, 0.00, 1.00, 1.00, 0.00, 0.00, 0.00, 1.00, 0.00, 0.00, 0.00, 1.00, 0.00, 0.00, 0.00, 1.00
320,  0,  5.317,  0.98,  1, 0.05, 0.00, 1.40, 0.00, 1.33, 1.70, 0.02, 0.92, 1.35, 1.52, 0.08, 0.33, 0.17, 0.00, 0.19, 0.02, 1.46, 0.00, 0.00, 1.00, 0.00, 1.00, 1.00, 0.00, 0.00, 0.00, 1.00, 0.00, 0.00, 0.00, 1.00, 0.00, 0.00, 0.00, 1.00
321,  0,  5.333,  0.98,  1, 0.05, 0.00, 1.53, 0.00, 1.33, 1.80, 0.05, 1.05, 1.29, 1.61, 0.11, 0.29, 0.09, 0.00, 0.12, 0.02, 1.25, 0.00, 0.00, 1.00, 0.00, 1.00, 1.00, 0.00, 0.00, 0.00, 1.00, 0.00, 0.00, 0.00, 1.00, 0.00, 0.00, 0.00, 1.00
322,  0,  5.350,  0.98,  1, 0.05, 0.02, 1.52, 0.10, 1.30, 1.84, 0.08, 0.99, 1.22, 1.64, 0.11, 0.32, 0.08, 0.00, 0.04, 0.01, 0.94, 0.00, 0.00, 1.00, 0.00, 1.00, 1.00, 0.00, 0.00, 0.00, 1.00, 0.00, 0.00, 0.00, 1.00, 0.00, 0.00, 0.00, 1.00
323,  0,  5.367,  0.98,  1, 0.05, 0.02, 1.43, 0.10, 1.30, 1.60, 0.06, 0.79, 1.12, 1.53, 0.07, 0.22, 0.08, 0.00, 0.04, 0.00, 0.63, 0.00, 0.00, 1.00, 0.00, 1.00, 1.00, 0.00, 0.00, 0.00, 1.00, 0.00, 0.00, 0.00, 1.00, 0.00, 0.00, 0.00, 1.00
324,  0,  5.383,  0.98,  1, 0.05, 0.02, 1.35, 0.10, 1.28, 1.38, 0.02, 0.63, 1.05, 1.38, 0.00, 0.26, 0.08, 0.10, 0.08, 0.00, 0.34, 0.00, 0.00, 1.00, 0.00, 1.00, 1.00, 0.00, 0.00, 0.00, 1.00, 0.00, 0.00, 0.00, 1.00, 0.00, 0.00, 0.00, 1.00
325,  0,  5.400,  0.98,  1, 0.00, 0.00, 1.26, 0.00, 1.30, 1.04, 0.00, 0.60, 1.07, 1.27, 0.00, 0.24, 0.00, 0.14, 0.26, 0.09, 0.16, 0.00, 0.00, 1.00, 0.00, 1.00, 1.00, 0.00, 0.00, 0.00, 1.00, 0.00, 0.00, 0.00, 1.00, 0.00, 0.00, 0.00, 1.00
326,  0,  5.417,  0.98,  1, 0.00, 0.00, 1.23, 0.00, 1.25, 0.78, 0.00, 0.67, 1.12, 1.22, 0.00, 0.21, 0.00, 0.19, 0.27, 0.09, 0.16, 0.00, 0.00, 1.00, 0.00, 1.00, 1.00, 0.00, 0.00, 0.00, 1.00, 0.00, 0.00, 0.00, 1.00, 0.00, 0.00, 0.00, 1.00
327,  0,  5.433,  0.98,  1, 0.00, 0.00, 0.98, 0.03, 1.23, 0.77, 0.02, 0.75, 1.11, 1.24, 0.00, 0.10, 0.04, 0.17, 0.22, 0.09, 0.16, 0.00, 0.00, 1.00, 0.00, 1.00, 1.00, 0.00, 0.00, 0.00, 1.00, 0.00, 0.00, 0.00, 0.00, 0.00, 0.00, 0.00, 0.00
328,  0,  5.450,  0.98,  1, 0.00, 0.05, 0.98, 0.03, 1.14, 0.62, 0.02, 0.66, 1.03, 1.26, 0.00, 0.14, 0.04, 0.22, 0.07, 0.00, 0.24, 0.00, 0.00, 1.00, 0.00, 1.00, 0.00, 0.00, 0.00, 0.00, 1.00, 0.00, 0.00, 0.00, 0.00, 0.00, 0.00, 0.00, 0.00
329,  0,  5.467,  0.98,  1, 0.00, 0.05, 1.01, 0.03, 1.10, 0.77, 0.05, 0.64, 0.98, 1.15, 0.00, 0.08, 0.04, 0.21, 0.14, 0.00, 0.11, 0.00, 0.00, 1.00, 0.00, 1.00, 0.00, 0.00, 0.00, 0.00, 1.00, 0.00, 0.00, 0.00, 0.00, 0.00, 0.00, 0.00, 0.00
330,  0,  5.483,  0.98,  1, 0.01, 0.05, 1.10, 0.00, 1.04, 0.69, 0.09, 0.58, 1.00, 1.14, 0.05, 0.14, 0.00, 0.23, 0.14, 0.00, 0.12, 0.00, 0.00, 1.00, 0.00, 1.00, 0.00, 0.00, 0.00, 0.00, 1.00, 0.00, 0.00, 0.00, 0.00, 0.00, 0.00, 0.00, 0.00
331,  0,  5.500,  0.98,  1, 0.01, 0.00, 1.07, 0.00, 1.14, 0.82, 0.09, 0.68, 1.05, 1.11, 0.05, 0.18, 0.00, 0.26, 0.07, 0.05, 0.15, 0.00, 0.00, 1.00, 0.00, 1.00, 0.00, 0.00, 0.00, 0.00, 1.00, 0.00, 0.00, 0.00, 0.00, 0.00, 0.00, 0.00, 0.00
332,  0,  5.517,  0.98,  1, 0.01, 0.00, 1.10, 0.00, 1.19, 0.58, 0.15, 0.67, 1.05, 1.26, 0.05, 0.31, 0.14, 0.30, 0.00, 0.09, 0.15, 0.00, 0.00, 1.00, 0.00, 1.00, 0.00, 0.00, 0.00, 0.00, 1.00, 0.00, 0.00, 0.00, 0.00, 0.00, 0.00, 0.00, 0.00
333,  0,  5.533,  0.98,  1, 0.00, 0.00, 1.22, 0.00, 1.19, 0.50, 0.09, 0.53, 1.04, 1.39, 0.00, 0.27, 0.23, 0.33, 0.00, 0.10, 0.26, 0.00, 0.00, 1.00, 0.00, 1.00, 0.00, 0.00, 0.00, 0.00, 1.00, 0.00, 0.00, 0.00, 0.00, 0.00, 0.00, 0.00, 0.00
334,  0,  5.550,  0.98,  1, 0.00, 0.00, 1.18, 0.00, 1.04, 0.64, 0.09, 0.48, 1.02, 1.41, 0.00, 0.20, 0.24, 0.32, 0.01, 0.06, 0.17, 0.00, 0.00, 1.00, 0.00, 0.00, 0.00, 0.00, 0.00, 0.00, 1.00, 0.00, 0.00, 0.00, 1.00, 0.00, 0.00, 0.00, 0.00
335,  0,  5.567,  0.98,  1, 0.03, 0.00, 1.21, 0.00, 0.96, 0.87, 0.03, 0.35, 1.05, 1.42, 0.00, 0.14, 0.19, 0.36, 0.01, 0.10, 0.17, 0.00, 0.00, 1.00, 0.00, 1.00, 1.00, 0.00, 0.00, 0.00, 1.00, 0.00, 0.00, 0.00, 1.00, 0.00, 0.00, 0.00, 0.00
336,  0,  5.583,  0.98,  1, 0.03, 0.00, 1.18, 0.00, 0.85, 0.83, 0.05, 0.41, 1.04, 1.25, 0.00, 0.12, 0.24, 0.29, 0.01, 0.08, 0.13, 0.00, 0.00, 1.00, 0.00, 1.00, 1.00, 0.00, 0.00, 0.00, 1.00, 0.00, 0.00, 0.00, 1.00, 0.00, 0.00, 0.00, 0.00
337,  0,  5.600,  0.98,  1, 0.03, 0.00, 1.27, 0.00, 0.89, 0.71, 0.05, 0.49, 1.01, 1.22, 0.00, 0.07, 0.42, 0.22, 0.05, 0.07, 0.19, 0.00, 0.00, 1.00, 0.00, 1.00, 1.00, 0.00, 0.00, 0.00, 1.00, 0.00, 0.00, 0.00, 1.00, 0.00, 0.00, 0.00, 0.00
338,  0,  5.617,  0.98,  1, 0.00, 0.00, 1.25, 0.00, 0.91, 0.84, 0.01, 0.63, 0.98, 1.11, 0.00, 0.00, 0.37, 0.12, 0.15, 0.00, 0.19, 0.00, 0.00, 1.00, 0.00, 1.00, 1.00, 0.00, 0.00, 0.00, 1.00, 0.00, 0.00, 0.00, 1.00, 0.00, 0.00, 0.00, 0.00
339,  0,  5.633,  0.98,  1, 0.00, 0.00, 1.11, 0.00, 1.01, 0.86, 0.04, 0.73, 1.03, 1.21, 0.00, 0.10, 0.23, 0.13, 0.21, 0.00, 0.11, 0.00, 0.00, 1.00, 0.00, 1.00, 1.00, 0.00, 0.00, 0.00, 1.00, 0.00, 0.00, 0.00, 0.00, 0.00, 0.00, 0.00, 0.00
340,  0,  5.650,  0.98,  1, 0.00, 0.00, 1.02, 0.03, 1.05, 1.16, 0.04, 0.68, 1.04, 1.19, 0.00, 0.15, 0.08, 0.15, 0.18, 0.06, 0.00, 0.00, 0.00, 1.00, 0.00, 1.00, 1.00, 0.00, 0.00, 0.00, 1.00, 0.00, 0.00, 0.00, 0.00, 0.00, 0.00, 0.00, 0.00
341,  0,  5.667,  0.98,  1, 0.00, 0.00, 1.00, 0.03, 1.04, 0.75, 0.06, 0.60, 1.06, 1.35, 0.00, 0.25, 0.04, 0.13, 0.16, 0.06, 0.00, 0.00, 0.00, 1.00, 0.00, 1.00, 1.00, 0.00, 0.00, 0.00, 1.00, 0.00, 0.00, 0.00, 0.00, 0.00, 0.00, 0.00, 0.00
342,  0,  5.683,  0.98,  1, 0.02, 0.00, 1.07, 0.03, 0.99, 0.92, 0.02, 0.51, 1.03, 1.31, 0.00, 0.21, 0.07, 0.07, 0.16, 0.13, 0.00, 0.00, 0.00, 1.00, 0.00, 1.00, 1.00, 0.00, 0.00, 0.00, 1.00, 0.00, 0.00, 0.00, 1.00, 0.00, 0.00, 0.00, 0.00
343,  0,  5.700,  0.98,  1, 0.02, 0.00, 1.11, 0.02, 1.04, 0.62, 0.02, 0.60, 0.99, 1.36, 0.00, 0.22, 0.04, 0.04, 0.16, 0.07, 0.00, 0.00, 0.00, 1.00, 0.00, 1.00, 1.00, 0.00, 0.00, 0.00, 1.00, 0.00, 0.00, 0.00, 0.00, 0.00, 0.00, 0.00, 0.00
344,  0,  5.717,  0.98,  1, 0.02, 0.00, 1.17, 0.02, 1.04, 0.82, 0.00, 0.75, 1.04, 1.33, 0.00, 0.14, 0.04, 0.08, 0.27, 0.13, 0.00, 0.00, 0.00, 1.00, 0.00, 1.00, 1.00, 0.00, 0.00, 0.00, 1.00, 0.00, 0.00, 0.00, 0.00, 0.00, 0.00, 0.00, 0.00
345,  0,  5.733,  0.98,  1, 0.00, 0.00, 1.21, 0.02, 1.12, 0.67, 0.00, 0.81, 1.08, 1.17, 0.01, 0.20, 0.03, 0.12, 0.21, 0.06, 0.00, 0.00, 0.00, 1.00, 0.00, 1.00, 1.00, 0.00, 0.00, 0.00, 1.00, 0.00, 0.00, 0.00, 0.00, 0.00, 0.00, 0.00, 0.00
346,  0,  5.750,  0.98,  1, 0.00, 0.00, 1.24, 0.00, 1.07, 0.54, 0.00, 0.66, 1.10, 1.14, 0.06, 0.16, 0.02, 0.12, 0.22, 0.06, 0.00, 0.00, 0.00, 1.00, 0.00, 1.00, 1.00, 0.00, 0.00, 0.00, 1.00, 0.00, 0.00, 0.00, 1.00, 0.00, 0.00, 0.00, 0.00
347,  0,  5.767,  0.98,  1, 0.00, 0.00, 1.12, 0.00, 1.09, 0.64, 0.07, 0.52, 1.03, 1.07, 0.06, 0.14, 0.11, 0.08, 0.09, 0.00, 0.00, 0.00, 0.00, 1.00, 0.00, 1.00, 1.00, 0.00, 0.00, 0.00, 1.00, 0.00, 0.00, 0.00, 1.00, 0.00, 0.00, 0.00, 0.00
348,  0,  5.783,  0.98,  1, 0.00, 0.00, 1.15, 0.20, 1.04, 0.54, 0.07, 0.46, 1.00, 1.20, 0.06, 0.01, 0.12, 0.04, 0.09, 0.00, 0.00, 0.00, 0.00, 1.00, 0.00, 1.00, 1.00, 0.00, 0.00, 0.00, 1.00, 0.00, 0.00, 0.00, 1.00, 0.00, 0.00, 0.00, 0.00
349,  0,  5.800,  0.98,  1, 0.00, 0.00, 0.93, 0.26, 0.99, 0.66, 0.07, 0.49, 1.01, 1.20, 0.00, 0.01, 0.24, 0.10, 0.13, 0.00, 0.00, 0.00, 0.00, 1.00, 0.00, 1.00, 1.00, 0.00, 0.00, 0.00, 1.00, 0.00, 0.00, 0.00, 0.00, 0.00, 0.00, 0.00, 0.00
350,  0,  5.817,  0.98,  1, 0.05, 0.00, 1.19, 0.35, 0.95, 0.59, 0.03, 0.66, 0.99, 1.27, 0.00, 0.03, 0.20, 0.10, 0.06, 0.02, 0.00, 0.00, 0.00, 1.00, 0.00, 1.00, 1.00, 0.00, 0.00, 0.00, 1.00, 0.00, 0.00, 0.00, 0.00, 0.00, 0.00, 0.00, 0.00
351,  0,  5.833,  0.98,  1, 0.05, 0.00, 1.18, 0.16, 0.87, 0.75, 0.03, 0.63, 0.95, 1.29, 0.00, 0.03, 0.21, 0.14, 0.09, 0.02, 0.00, 0.00, 0.00, 1.00, 0.00, 1.00, 1.00, 0.00, 0.00, 0.00, 1.00, 0.00, 0.00, 0.00, 0.00, 0.00, 0.00, 0.00, 0.00
352,  0,  5.850,  0.98,  1, 0.05, 0.00, 1.42, 0.19, 0.89, 1.03, 0.03, 0.58, 0.93, 1.25, 0.00, 0.02, 0.09, 0.07, 0.16, 0.04, 0.00, 0.00, 0.00, 1.00, 0.00, 0.00, 1.00, 0.00, 0.00, 0.00, 1.00, 0.00, 0.00, 0.00, 0.00, 0.00, 0.00, 0.00, 0.00
353,  0,  5.867,  0.98,  1, 0.00, 0.00, 1.12, 0.28, 0.96, 0.98, 0.01, 0.53, 0.97, 1.21, 0.01, 0.00, 0.11, 0.07, 0.16, 0.03, 0.00, 0.00, 0.00, 1.00, 0.00, 0.00, 1.00, 0.00, 0.00, 0.00, 1.00, 0.00, 0.00, 0.00, 0.00, 0.00, 0.00, 0.00, 0.00
354,  0,  5.883,  0.98,  1, 0.00, 0.00, 1.05, 0.34, 0.96, 0.95, 0.01, 0.70, 1.01, 1.25, 0.04, 0.00, 0.08, 0.02, 0.14, 0.03, 0.00, 0.00, 0.00, 1.00, 0.00, 0.00, 1.00, 0.00, 0.00, 0.00, 1.00, 0.00, 0.00, 0.00, 0.00, 0.00, 0.00, 0.00, 0.00
355,  0,  5.900,  0.98,  1, 0.07, 0.00, 1.05, 0.24, 0.87, 0.79, 0.01, 0.79, 0.99, 1.24, 0.04, 0.00, 0.11, 0.00, 0.17, 0.00, 0.00, 0.00, 0.00, 1.00, 0.00, 0.00, 1.00, 0.00, 0.00, 0.00, 1.00, 0.00, 0.00, 0.00, 0.00, 0.00, 0.00, 0.00, 0.00
356,  0,  5.917,  0.98,  1, 0.09, 0.12, 1.28, 0.08, 0.77, 0.58, 0.00, 0.76, 0.97, 1.28, 0.03, 0.00, 0.07, 0.00, 0.21, 0.04, 0.00, 0.00, 0.00, 1.00, 0.00, 0.00, 1.00, 0.00, 0.00, 0.00, 1.00, 0.00, 0.00, 0.00, 0.00, 0.00, 0.00, 0.00, 0.00
357,  0,  5.933,  0.93,  1, 0.09, 0.12, 1.32, 0.07, 0.84, 0.53, 0.00, 0.72, 0.96, 1.23, 0.00, 0.01, 0.05, 0.00, 0.27, 0.10, 0.11, 0.00, 0.00, 1.00, 0.00, 0.00, 1.00, 0.00, 0.00, 0.00, 1.00, 0.00, 0.00, 0.00, 0.00, 0.00, 0.00, 0.00, 0.00
358,  0,  5.950,  0.98,  1, 0.03, 0.12, 1.28, 0.07, 0.88, 0.34, 0.00, 0.68, 0.93, 1.18, 0.00, 0.01, 0.06, 0.00, 0.23, 0.17, 0.11, 0.00, 0.00, 1.00, 0.00, 0.00, 1.00, 0.00, 0.00, 0.00, 1.00, 0.00, 0.00, 0.00, 0.00, 0.00, 0.00, 0.00, 0.00
359,  0,  5.967,  0.98,  1, 0.00, 0.00, 1.15, 0.05, 0.86, 0.39, 0.01, 0.76, 0.94, 1.06, 0.00, 0.04, 0.04, 0.01, 0.23, 0.16, 0.11, 0.00, 0.00, 1.00, 0.00, 0.00, 1.00, 0.00, 0.00, 0.00, 1.00, 0.00, 0.00, 0.00, 0.00, 0.00, 0.00, 0.00, 0.00
360,  0,  5.983,  0.98,  1, 0.00, 0.00, 1.03, 0.00, 0.79, 0.22, 0.01, 0.64, 0.96, 0.93, 0.00, 0.03, 0.04, 0.03, 0.18, 0.10, 0.00, 0.00, 0.00, 1.00, 0.00, 0.00, 1.00, 0.00, 0.00, 0.00, 1.00, 0.00, 0.00, 0.00, 0.00, 0.00, 0.00, 0.00, 0.00
361,  0,  6.000,  0.98,  1, 0.00, 0.00, 1.07, 0.04, 0.77, 0.37, 0.01, 0.70, 0.96, 0.82, 0.00, 0.06, 0.00, 0.04, 0.05, 0.03, 0.07, 0.00, 0.00, 1.00, 0.00, 0.00, 1.00, 0.00, 0.00, 0.00, 1.00, 0.00, 0.00, 0.00, 0.00, 0.00, 0.00, 0.00, 0.00
362,  0,  6.017,  0.98,  1, 0.00, 0.00, 1.05, 0.04, 0.78, 0.65, 0.06, 0.67, 0.95, 1.00, 0.00, 0.03, 0.04, 0.03, 0.01, 0.15, 0.07, 0.00, 0.00, 1.00, 0.00, 0.00, 1.00, 0.00, 0.00, 0.00, 1.00, 0.00, 0.00, 0.00, 0.00, 0.00, 0.00, 0.00, 0.00
363,  0,  6.033,  0.98,  1, 0.05, 0.06, 1.18, 0.13, 0.76, 0.78, 0.06, 0.69, 0.93, 1.16, 0.00, 0.03, 0.04, 0.01, 0.11, 0.21, 0.07, 0.00, 0.00, 1.00, 0.00, 0.00, 1.00, 0.00, 0.00, 0.00, 1.00, 0.00, 0.00, 0.00, 0.00, 0.00, 0.00, 0.00, 0.00
364,  0,  6.050,  0.98,  1, 0.06, 0.21, 1.04, 0.20, 0.79, 0.75, 0.06, 0.64, 0.96, 1.29, 0.00, 0.00, 0.04, 0.00, 0.11, 0.21, 0.00, 0.00, 0.00, 1.00, 0.00, 0.00, 1.00, 0.00, 0.00, 0.00, 1.00, 0.00, 0.00, 0.00, 0.00, 0.00, 0.00, 0.00, 0.00
365,  0,  6.067,  0.93,  1, 0.06, 0.22, 1.08, 0.28, 0.82, 0.80, 0.01, 0.47, 0.99, 1.19, 0.00, 0.01, 0.00, 0.00, 0.12, 0.08, 0.06, 0.00, 0.00, 1.00, 0.00, 0.00, 1.00, 0.00, 0.00, 0.00, 1.00, 0.00, 0.00, 0.00, 0.00, 0.00, 0.00, 0.00, 0.00
366,  0,  6.083,  0.98,  1, 0.01, 0.15, 1.03, 0.19, 0.90, 0.96, 0.06, 0.46, 0.92, 1.20, 0.06, 0.01, 0.00, 0.00, 0.02, 0.02, 0.06, 0.00, 0.00, 1.00, 0.00, 0.00, 1.00, 0.00, 0.00, 0.00, 1.00, 0.00, 0.00, 0.00, 0.00, 0.00, 0.00, 0.00, 0.00
367,  0,  6.100,  0.98,  1, 0.00, 0.01, 1.09, 0.07, 0.82, 0.86, 0.06, 0.46, 0.90, 1.25, 0.06, 0.01, 0.00, 0.02, 0.02, 0.02, 0.06, 0.00, 0.00, 1.00, 0.00, 0.00, 1.00, 0.00, 0.00, 0.00, 1.00, 0.00, 0.00, 0.00, 0.00, 0.00, 0.00, 0.00, 0.00
368,  0,  6.117,  0.98,  1, 0.00, 0.00, 1.18, 0.04, 0.80, 0.78, 0.06, 0.48, 0.81, 1.23, 0.15, 0.00, 0.00, 0.02, 0.16, 0.14, 0.00, 0.00, 0.00, 1.00, 0.00, 0.00, 1.00, 0.00, 0.00, 0.00, 1.00, 0.00, 0.00, 0.00, 0.00, 0.00, 0.00, 0.00, 0.00
369,  0,  6.133,  0.98,  1, 0.00, 0.00, 1.28, 0.04, 0.82, 0.83, 0.00, 0.58, 0.88, 1.22, 0.09, 0.00, 0.00, 0.03, 0.19, 0.19, 0.00, 0.00, 0.00, 1.00, 0.00, 0.00, 1.00, 0.00, 0.00, 0.00, 1.00, 0.00, 0.00, 0.00, 1.00, 0.00, 0.00, 0.00, 0.00
370,  0,  6.150,  0.98,  1, 0.03, 0.00, 1.39, 0.20, 0.86, 0.72, 0.00, 0.54, 0.87, 1.11, 0.11, 0.05, 0.00, 0.03, 0.28, 0.19, 0.00, 0.00, 0.00, 1.00, 0.00, 0.00, 1.00, 0.00, 0.00, 0.00, 1.00, 0.00, 0.00, 0.00, 1.00, 0.00, 0.00, 0.00, 0.00
371,  0,  6.167,  0.98,  1, 0.06, 0.00, 1.35, 0.17, 0.83, 0.48, 0.00, 0.60, 0.97, 1.04, 0.02, 0.05, 0.03, 0.03, 0.26, 0.05, 0.00, 0.00, 0.00, 1.00, 0.00, 0.00, 1.00, 0.00, 0.00, 0.00, 1.00, 0.00, 0.00, 0.00, 1.00, 0.00, 0.00, 0.00, 0.00
372,  0,  6.183,  0.98,  1, 0.09, 0.11, 1.23, 0.17, 0.79, 0.38, 0.00, 0.58, 0.94, 0.88, 0.11, 0.05, 0.03, 0.03, 0.26, 0.00, 0.00, 0.00, 0.00, 1.00, 0.00, 0.00, 1.00, 0.00, 0.00, 0.00, 1.00, 0.00, 0.00, 0.00, 1.00, 0.00, 0.00, 0.00, 0.00
373,  0,  6.200,  0.98,  1, 0.06, 0.11, 1.04, 0.08, 0.81, 0.41, 0.00, 0.61, 0.96, 0.92, 0.09, 0.01, 0.03, 0.04, 0.21, 0.00, 0.00, 0.00, 0.00, 1.00, 0.00, 0.00, 1.00, 0.00, 0.00, 0.00, 1.00, 0.00, 0.00, 0.00, 1.00, 0.00, 0.00, 0.00, 0.00
374,  0,  6.217,  0.93,  1, 0.08, 0.15, 0.92, 0.24, 0.83, 0.62, 0.00, 0.62, 0.86, 0.97, 0.09, 0.14, 0.10, 0.08, 0.07, 0.00, 0.00, 0.00, 0.00, 1.00, 0.00, 0.00, 1.00, 0.00, 0.00, 0.00, 1.00, 0.00, 0.00, 0.00, 1.00, 0.00, 0.00, 0.00, 0.00
375,  0,  6.233,  0.93,  1, 0.05, 0.03, 1.04, 0.24, 0.80, 0.59, 0.00, 0.56, 0.93, 1.03, 0.00, 0.27, 0.10, 0.08, 0.06, 0.02, 0.00, 0.00, 0.00, 1.00, 0.00, 0.00, 1.00, 0.00, 0.00, 0.00, 1.00, 0.00, 0.00, 0.00, 1.00, 0.00, 0.00, 0.00, 0.00
376,  0,  6.250,  0.98,  1, 0.05, 0.03, 1.15, 0.25, 0.82, 0.87, 0.00, 0.42, 0.91, 1.04, 0.00, 0.26, 0.10, 0.08, 0.16, 0.07, 0.00, 0.00, 0.00, 1.00, 0.00, 0.00, 1.00, 0.00, 0.00, 0.00, 1.00, 0.00, 0.00, 0.00, 1.00, 0.00, 0.00, 0.00, 0.00
377,  0,  6.267,  0.93,  1, 0.00, 0.00, 1.09, 0.15, 0.76, 0.61, 0.01, 0.43, 0.91, 1.14, 0.00, 0.13, 0.08, 0.05, 0.37, 0.11, 0.00, 0.00, 0.00, 1.00, 0.00, 0.00, 1.00, 0.00, 0.00, 0.00, 1.00, 0.00, 0.00, 0.00, 1.00, 0.00, 0.00, 0.00, 0.00
378,  0,  6.283,  0.98,  1, 0.00, 0.01, 0.88, 0.15, 0.80, 0.60, 0.01, 0.40, 0.84, 1.27, 0.00, 0.02, 0.08, 0.05, 0.36, 0.08, 0.07, 0.00, 0.00, 1.00, 0.00, 0.00, 1.00, 0.00, 0.00, 0.00, 1.00, 0.00, 0.00, 0.00, 1.00, 0.00, 0.00, 0.00, 0.00
379,  0,  6.300,  0.98,  1, 0.01, 0.01, 0.96, 0.12, 0.77, 0.49, 0.01, 0.60, 0.87, 1.36, 0.00, 0.06, 0.08, 0.05, 0.23, 0.06, 0.11, 0.00, 0.00, 1.00, 0.00, 0.00, 1.00, 0.00, 0.00, 0.00, 1.00, 0.00, 0.00, 0.00, 1.00, 0.00, 0.00, 0.00, 0.00
380,  0,  6.317,  0.98,  1, 0.01, 0.01, 1.07, 0.05, 0.88, 0.69, 0.00, 0.54, 0.87, 1.30, 0.00, 0.12, 0.00, 0.10, 0.02, 0.02, 0.11, 0.00, 0.00, 1.00, 0.00, 0.00, 1.00, 0.00, 0.00, 0.00, 1.00, 0.00, 0.00, 0.00, 1.00, 0.00, 0.00, 0.00, 0.00
381,  0,  6.333,  0.98,  1, 0.04, 0.00, 1.25, 0.10, 0.88, 0.63, 0.00, 0.47, 0.87, 1.16, 0.00, 0.10, 0.09, 0.10, 0.11, 0.02, 0.03, 0.00, 0.00, 1.00, 0.00, 0.00, 1.00, 0.00, 0.00, 0.00, 1.00, 0.00, 0.00, 0.00, 0.00, 0.00, 0.00, 0.00, 0.00
382,  0,  6.350,  0.98,  1, 0.04, 0.12, 1.21, 0.12, 0.89, 0.51, 0.02, 0.33, 0.76, 1.03, 0.00, 0.09, 0.09, 0.14, 0.13, 0.00, 0.00, 0.00, 0.00, 1.00, 0.00, 0.00, 1.00, 0.00, 0.00, 0.00, 1.00, 0.00, 0.00, 0.00, 0.00, 0.00, 0.00, 0.00, 0.00
383,  0,  6.367,  0.98,  1, 0.04, 0.14, 1.04, 0.35, 0.81, 0.55, 0.02, 0.30, 0.75, 0.91, 0.00, 0.05, 0.09, 0.07, 0.19, 0.01, 0.00, 0.00, 0.00, 1.00, 0.00, 0.00, 1.00, 0.00, 0.00, 0.00, 1.00, 0.00, 0.00, 0.00, 0.00, 0.00, 0.00, 0.00, 0.00
384,  0,  6.383,  0.98,  1, 0.07, 0.34, 0.83, 0.30, 0.76, 0.56, 0.02, 0.41, 0.72, 0.97, 0.00, 0.11, 0.00, 0.07, 0.08, 0.06, 0.00, 0.00, 0.00, 1.00, 0.00, 0.00, 1.00, 0.00, 0.00, 0.00, 1.00, 0.00, 0.00, 0.00, 0.00, 0.00, 0.00, 0.00, 0.00
385,  0,  6.400,  0.98,  1, 0.07, 0.22, 0.77, 0.22, 0.76, 0.58, 0.00, 0.50, 0.83, 0.95, 0.00, 0.08, 0.08, 0.00, 0.15, 0.19, 0.00, 0.00, 0.00, 1.00, 0.00, 0.00, 1.00, 0.00, 0.00, 0.00, 1.00, 0.00, 0.00, 0.00, 0.00, 0.00, 0.00, 0.00, 0.00
386,  0,  6.417,  0.98,  1, 0.07, 0.20, 0.95, 0.00, 0.81, 0.47, 0.00, 0.49, 0.91, 1.07, 0.00, 0.14, 0.09, 0.00, 0.12, 0.28, 0.01, 0.00, 0.00, 1.00, 0.00, 0.00, 1.00, 0.00, 0.00, 0.00, 1.00, 0.00, 0.00, 0.00, 0.00, 0.00, 0.00, 0.00, 0.00
387,  0,  6.433,  0.98,  1, 0.00, 0.10, 1.04, 0.14, 0.82, 0.51, 0.00, 0.49, 0.99, 1.15, 0.00, 0.08, 0.19, 0.00, 0.12, 0.31, 0.01, 0.00, 0.00, 1.00, 0.00, 0.00, 0.00, 0.00, 0.00, 0.00, 1.00, 0.00, 0.00, 0.00, 0.00, 0.00, 0.00, 0.00, 0.00
388,  0,  6.450,  0.98,  1, 0.03, 0.15, 1.10, 0.14, 0.88, 0.68, 0.03, 0.36, 0.98, 1.27, 0.00, 0.08, 0.11, 0.00, 0.12, 0.21, 0.01, 0.00, 0.00, 1.00, 0.00, 0.00, 0.00, 0.00, 0.00, 0.00, 1.00, 0.00, 0.00, 0.00, 0.00, 0.00, 0.00, 0.00, 0.00
389,  0,  6.467,  0.98,  1, 0.03, 0.15, 1.03, 0.14, 0.81, 0.69, 0.03, 0.37, 0.94, 1.09, 0.00, 0.00, 0.11, 0.00, 0.31, 0.15, 0.00, 0.00, 0.00, 1.00, 0.00, 0.00, 0.00, 0.00, 0.00, 0.00, 1.00, 0.00, 0.00, 0.00, 0.00, 0.00, 0.00, 0.00, 0.00
390,  0,  6.483,  0.98,  1, 0.03, 0.05, 1.10, 0.00, 0.77, 0.50, 0.03, 0.30, 0.89, 0.94, 0.00, 0.00, 0.13, 0.00, 0.38, 0.20, 0.06, 0.00, 0.00, 1.00, 0.00, 0.00, 0.00, 0.00, 0.00, 0.00, 1.00, 0.00, 0.00, 0.00, 0.00, 0.00, 0.00, 0.00, 0.00
391,  0,  6.500,  0.98,  1, 0.00, 0.00, 1.04, 0.00, 0.75, 0.47, 0.01, 0.38, 0.90, 0.74, 0.00, 0.03, 0.13, 0.00, 0.29, 0.20, 0.06, 0.00, 0.00, 1.00, 0.00, 0.00, 0.00, 0.00, 0.00, 0.00, 1.00, 0.00, 0.00, 0.00, 0.00, 0.00, 0.00, 0.00, 0.00
392,  0,  6.517,  0.98,  1, 0.01, 0.17, 1.13, 0.00, 0.76, 0.43, 0.04, 0.30, 0.85, 0.86, 0.02, 0.03, 0.11, 0.02, 0.07, 0.16, 0.06, 0.00, 0.00, 1.00, 0.00, 0.00, 0.00, 0.00, 0.00, 0.00, 1.00, 0.00, 0.00, 0.00, 0.00, 0.00, 0.00, 0.00, 0.00
393,  0,  6.533,  0.98,  1, 0.01, 0.17, 1.07, 0.03, 0.85, 0.83, 0.04, 0.30, 0.87, 0.92, 0.02, 0.11, 0.09, 0.03, 0.00, 0.04, 0.00, 0.00, 0.00, 1.00, 0.00, 0.00, 0.00, 0.00, 0.00, 0.00, 1.00, 0.00, 0.00, 0.00, 0.00, 0.00, 0.00, 0.00, 0.00
394,  0,  6.550,  0.98,  1, 0.01, 0.18, 1.14, 0.03, 0.82, 0.58, 0.03, 0.32, 0.82, 1.09, 0.02, 0.08, 0.09, 0.03, 0.19, 0.02, 0.00, 0.00, 0.00, 1.00, 0.00, 0.00, 0.00, 0.00, 0.00, 0.00, 1.00, 0.00, 0.00, 0.00, 0.00, 0.00, 0.00, 0.00, 0.00
395,  0,  6.567,  0.98,  1, 0.02, 0.01, 1.20, 0.03, 0.90, 0.68, 0.00, 0.61, 0.90, 1.15, 0.00, 0.08, 0.12, 0.01, 0.24, 0.02, 0.00, 0.00, 0.00, 1.00, 0.00, 0.00, 1.00, 0.00, 0.00, 0.00, 1.00, 0.00, 0.00, 0.00, 0.00, 0.00, 0.00, 0.00, 0.00
396,  0,  6.583,  0.93,  1, 0.07, 0.01, 1.10, 0.01, 0.91, 0.63, 0.00, 0.67, 0.89, 1.12, 0.00, 0.00, 0.04, 0.00, 0.38, 0.02, 0.00, 0.00, 0.00, 1.00, 0.00, 0.00, 1.00, 0.00, 0.00, 0.00, 1.00, 0.00, 0.00, 0.00, 0.00, 0.00, 0.00, 0.00, 0.00
397,  0,  6.600,  0.98,  1, 0.07, 0.00, 1.07, 0.01, 0.88, 0.74, 0.00, 0.83, 0.96, 1.10, 0.00, 0.07, 0.04, 0.01, 0.19, 0.05, 0.00, 0.00, 0.00, 1.00, 0.00, 0.00, 1.00, 0.00, 0.00, 0.00, 1.00, 0.00, 0.00, 0.00, 0.00, 0.00, 0.00, 0.00, 0.00
398,  0,  6.617,  0.98,  1, 0.06, 0.00, 1.01, 0.01, 0.79, 0.70, 0.00, 0.75, 1.01, 0.95, 0.00, 0.17, 0.03, 0.01, 0.13, 0.13, 0.00, 0.00, 0.00, 1.00, 0.00, 0.00, 1.00, 0.00, 0.00, 0.00, 1.00, 0.00, 0.00, 0.00, 0.00, 0.00, 0.00, 0.00, 0.00
399,  0,  6.633,  0.98,  1, 0.05, 0.01, 1.18, 0.05, 0.72, 0.68, 0.00, 0.69, 1.01, 0.99, 0.08, 0.22, 0.07, 0.01, 0.11, 0.13, 0.00, 0.00, 0.00, 1.00, 0.00, 0.00, 1.00, 0.00, 0.00, 0.00, 1.00, 0.00, 0.00, 0.00, 0.00, 0.00, 0.00, 0.00, 0.00
400,  0,  6.650,  0.98,  1, 0.10, 0.07, 1.06, 0.05, 0.72, 0.78, 0.00, 0.54, 0.92, 1.10, 0.08, 0.23, 0.13, 0.00, 0.14, 0.08, 0.00, 0.00, 0.00, 1.00, 0.00, 0.00, 1.00, 0.00, 0.00, 0.00, 1.00, 0.00, 0.00, 0.00, 0.00, 0.00, 0.00, 0.00, 0.00
401,  0,  6.667,  0.98,  1, 0.10, 0.07, 0.95, 0.05, 0.73, 0.57, 0.00, 0.56, 0.84, 1.19, 0.11, 0.24, 0.10, 0.00, 0.14, 0.00, 0.00, 0.00, 0.00, 1.00, 0.00, 0.00, 1.00, 0.00, 0.00, 0.00, 1.00, 0.00, 0.00, 0.00, 0.00, 0.00, 0.00, 0.00, 0.00
402,  0,  6.683,  0.98,  1, 0.05, 0.06, 0.81, 0.10, 0.71, 0.25, 0.00, 0.53, 0.78, 1.21, 0.04, 0.24, 0.05, 0.00, 0.08, 0.00, 0.00, 0.00, 0.00, 1.00, 0.00, 0.00, 0.00, 0.00, 0.00, 0.00, 1.00, 0.00, 0.00, 0.00, 0.00, 0.00, 0.00, 0.00, 0.00
403,  0,  6.700,  0.98,  1, 0.00, 0.02, 0.85, 0.10, 0.79, 0.46, 0.05, 0.65, 0.80, 1.14, 0.04, 0.28, 0.00, 0.02, 0.05, 0.00, 0.00, 0.00, 0.00, 1.00, 0.00, 0.00, 0.00, 0.00, 0.00, 0.00, 1.00, 0.00, 0.00, 0.00, 1.00, 0.00, 0.00, 0.00, 0.00
404,  0,  6.717,  0.98,  1, 0.00, 0.02, 0.81, 0.11, 0.83, 0.61, 0.05, 0.52, 0.76, 1.16, 0.01, 0.33, 0.02, 0.08, 0.08, 0.00, 0.00, 0.00, 0.00, 1.00, 0.00, 0.00, 0.00, 0.00, 0.00, 0.00, 1.00, 0.00, 0.00, 0.00, 1.00, 0.00, 0.00, 0.00, 0.00
405,  0,  6.733,  0.98,  1, 0.00, 0.02, 0.92, 0.02, 0.93, 0.61, 0.05, 0.64, 0.77, 1.13, 0.01, 0.38, 0.02, 0.08, 0.07, 0.03, 0.03, 0.00, 0.00, 1.00, 0.00, 0.00, 0.00, 0.00, 0.00, 0.00, 1.00, 0.00, 0.00, 0.00, 1.00, 0.00, 0.00, 0.00, 0.00
406,  0,  6.750,  0.98,  1, 0.03, 0.00, 0.83, 0.02, 0.82, 0.39, 0.00, 0.37, 0.78, 1.20, 0.03, 0.32, 0.02, 0.08, 0.16, 0.03, 0.03, 0.00, 0.00, 1.00, 0.00, 0.00, 1.00, 0.00, 0.00, 0.00, 1.00, 0.00, 0.00, 0.00, 1.00, 0.00, 0.00, 0.00, 0.00
407,  0,  6.767,  0.98,  1, 0.03, 0.00, 0.92, 0.02, 0.83, 0.41, 0.00, 0.32, 0.83, 1.13, 0.02, 0.36, 0.00, 0.03, 0.13, 0.03, 0.03, 0.00, 0.00, 1.00, 0.00, 0.00, 1.00, 0.00, 0.00, 0.00, 1.00, 0.00, 0.00, 0.00, 0.00, 0.00, 0.00, 0.00, 0.00
408,  0,  6.783,  0.98,  1, 0.03, 0.00, 0.82, 0.00, 0.77, 0.59, 0.00, 0.22, 0.85, 1.26, 0.02, 0.27, 0.00, 0.03, 0.23, 0.00, 0.00, 0.00, 0.00, 1.00, 0.00, 0.00, 1.00, 0.00, 0.00, 0.00, 1.00, 0.00, 0.00, 0.00, 1.00, 0.00, 0.00, 0.00, 0.00
409,  0,  6.800,  0.98,  1, 0.00, 0.00, 0.91, 0.02, 0.81, 0.74, 0.00, 0.48, 0.89, 1.22, 0.00, 0.32, 0.05, 0.02, 0.15, 0.02, 0.04, 0.00, 0.00, 1.00, 0.00, 0.00, 1.00, 0.00, 0.00, 0.00, 1.00, 0.00, 0.00, 0.00, 1.00, 0.00, 0.00, 0.00, 0.00
410,  0,  6.817,  0.98,  1, 0.00, 0.00, 0.66, 0.02, 0.77, 0.57, 0.03, 0.52, 0.85, 1.19, 0.00, 0.13, 0.05, 0.00, 0.26, 0.02, 0.04, 0.00, 0.00, 1.00, 0.00, 0.00, 1.00, 0.00, 0.00, 0.00, 1.00, 0.00, 0.00, 0.00, 1.00, 0.00, 0.00, 0.00, 0.00
411,  0,  6.833,  0.98,  1, 0.00, 0.00, 0.79, 0.11, 0.72, 0.69, 0.03, 0.59, 0.90, 1.05, 0.00, 0.23, 0.05, 0.00, 0.12, 0.02, 0.04, 0.00, 0.00, 1.00, 0.00, 0.00, 1.00, 0.00, 0.00, 0.00, 1.00, 0.00, 0.00, 0.00, 1.00, 0.00, 0.00, 0.00, 0.00
412,  0,  6.850,  0.98,  1, 0.00, 0.00, 0.83, 0.08, 0.74, 0.49, 0.03, 0.40, 0.86, 1.06, 0.00, 0.16, 0.00, 0.00, 0.11, 0.00, 0.02, 0.00, 0.00, 1.00, 0.00, 0.00, 0.00, 0.00, 0.00, 0.00, 1.00, 0.00, 0.00, 0.00, 1.00, 0.00, 0.00, 0.00, 0.00
413,  0,  6.867,  0.98,  1, 0.00, 0.00, 0.91, 0.08, 0.76, 0.51, 0.00, 0.48, 0.84, 1.17, 0.00, 0.19, 0.01, 0.00, 0.01, 0.01, 0.02, 0.00, 0.00, 1.00, 0.00, 0.00, 0.00, 0.00, 0.00, 0.00, 1.00, 0.00, 0.00, 0.00, 1.00, 0.00, 0.00, 0.00, 0.00
414,  0,  6.883,  0.98,  1, 0.00, 0.00, 0.90, 0.00, 0.79, 0.23, 0.00, 0.51, 0.77, 1.18, 0.00, 0.14, 0.01, 0.04, 0.01, 0.13, 0.02, 0.00, 0.00, 1.00, 0.00, 0.00, 0.00, 0.00, 0.00, 0.00, 1.00, 0.00, 0.00, 0.00, 1.00, 0.00, 0.00, 0.00, 0.00
415,  0,  6.900,  0.98,  1, 0.00, 0.08, 0.76, 0.00, 0.74, 0.24, 0.00, 0.48, 0.72, 1.08, 0.02, 0.19, 0.01, 0.04, 0.05, 0.18, 0.00, 0.00, 0.00, 1.00, 0.00, 0.00, 0.00, 0.00, 0.00, 0.00, 1.00, 0.00, 0.00, 0.00, 1.00, 0.00, 0.00, 0.00, 0.00
416,  0,  6.917,  0.98,  1, 0.00, 0.15, 0.93, 0.00, 0.79, 0.26, 0.00, 0.45, 0.72, 1.15, 0.02, 0.15, 0.00, 0.04, 0.14, 0.22, 0.00, 0.00, 0.00, 1.00, 0.00, 0.00, 0.00, 0.00, 0.00, 0.00, 1.00, 0.00, 0.00, 0.00, 1.00, 0.00, 0.00, 0.00, 0.00
417,  0,  6.933,  0.98,  1, 0.00, 0.31, 0.78, 0.08, 0.78, 0.39, 0.00, 0.40, 0.73, 1.14, 0.02, 0.15, 0.00, 0.02, 0.18, 0.11, 0.00, 0.00, 0.00, 1.00, 0.00, 0.00, 1.00, 0.00, 0.00, 0.00, 1.00, 0.00, 0.00, 0.00, 1.00, 0.00, 0.00, 0.00, 0.00
418,  0,  6.950,  0.98,  1, 0.00, 0.24, 0.92, 0.08, 0.77, 0.36, 0.00, 0.47, 0.78, 1.21, 0.00, 0.26, 0.00, 0.06, 0.15, 0.06, 0.00, 0.00, 0.00, 1.00, 0.00, 0.00, 1.00, 0.00, 0.00, 0.00, 1.00, 0.00, 1.00, 0.00, 1.00, 0.00, 0.00, 0.00, 0.00
419,  0,  6.967,  0.98,  1, 0.00, 0.19, 0.95, 0.08, 0.76, 0.63, 0.00, 0.48, 0.81, 1.04, 0.00, 0.41, 0.00, 0.06, 0.07, 0.09, 0.00, 0.00, 0.00, 1.00, 0.00, 0.00, 1.00, 0.00, 0.00, 0.00, 1.00, 0.00, 1.00, 0.00, 1.00, 0.00, 0.00, 0.00, 0.00
420,  0,  6.983,  0.98,  1, 0.00, 0.02, 1.08, 0.03, 0.75, 0.56, 0.00, 0.57, 0.80, 1.03, 0.00, 0.53, 0.00, 0.03, 0.02, 0.09, 0.00, 0.00, 0.00, 1.00, 0.00, 0.00, 1.00, 0.00, 0.00, 0.00, 1.00, 0.00, 1.00, 0.00, 1.00, 0.00, 0.00, 0.00, 0.00
421,  0,  7.000,  0.98,  1, 0.00, 0.02, 0.85, 0.03, 0.70, 0.59, 0.00, 0.57, 0.79, 0.95, 0.00, 0.38, 0.06, 0.00, 0.16, 0.12, 0.00, 0.00, 0.00, 1.00, 0.00, 0.00, 1.00, 0.00, 0.00, 0.00, 1.00, 0.00, 1.00, 0.00, 1.00, 0.00, 0.00, 0.00, 0.00
422,  0,  7.017,  0.98,  1, 0.00, 0.00, 0.69, 0.08, 0.61, 0.40, 0.00, 0.61, 0.75, 0.92, 0.00, 0.39, 0.06, 0.03, 0.26, 0.04, 0.00, 0.00, 0.00, 1.00, 0.00, 0.00, 1.00, 0.00, 0.00, 0.00, 1.00, 0.00, 1.00, 0.00, 1.00, 0.00, 0.00, 0.00, 0.00
423,  0,  7.033,  0.98,  1, 0.00, 0.00, 0.73, 0.05, 0.59, 0.32, 0.00, 0.51, 0.69, 0.91, 0.00, 0.40, 0.07, 0.03, 0.26, 0.04, 0.00, 0.00, 0.00, 1.00, 0.00, 0.00, 1.00, 0.00, 0.00, 0.00, 1.00, 0.00, 1.00, 0.00, 1.00, 0.00, 0.00, 0.00, 0.00
424,  0,  7.050,  0.98,  1, 0.00, 0.00, 0.83, 0.16, 0.65, 0.12, 0.00, 0.65, 0.66, 0.84, 0.00, 0.45, 0.07, 0.03, 0.11, 0.01, 0.00, 0.00, 0.00, 1.00, 0.00, 0.00, 0.00, 0.00, 0.00, 0.00, 1.00, 0.00, 1.00, 0.00, 1.00, 0.00, 0.00, 0.00, 0.00
425,  0,  7.067,  0.98,  1, 0.00, 0.00, 0.86, 0.11, 0.59, 0.01, 0.00, 0.63, 0.64, 0.90, 0.00, 0.44, 0.07, 0.00, 0.04, 0.00, 0.00, 0.00, 0.00, 1.00, 0.00, 0.00, 0.00, 0.00, 0.00, 0.00, 1.00, 0.00, 1.00, 0.00, 1.00, 0.00, 0.00, 0.00, 0.00
426,  0,  7.083,  0.98,  1, 0.00, 0.00, 0.94, 0.11, 0.61, 0.24, 0.00, 0.57, 0.66, 0.90, 0.02, 0.49, 0.07, 0.00, 0.04, 0.00, 0.00, 0.00, 0.00, 1.00, 0.00, 0.00, 0.00, 0.00, 0.00, 0.00, 1.00, 0.00, 1.00, 0.00, 1.00, 0.00, 0.00, 0.00, 0.00
427,  0,  7.100,  0.98,  1, 0.07, 0.00, 1.08, 0.00, 0.68, 0.24, 0.00, 0.48, 0.70, 1.00, 0.08, 0.71, 0.01, 0.00, 0.06, 0.05, 0.00, 0.00, 0.00, 1.00, 0.00, 0.00, 0.00, 0.00, 0.00, 0.00, 1.00, 0.00, 1.00, 0.00, 1.00, 0.00, 0.00, 0.00, 0.00
428,  0,  7.117,  0.98,  1, 0.07, 0.01, 1.16, 0.11, 0.75, 0.57, 0.00, 0.50, 0.69, 1.14, 0.08, 0.78, 0.01, 0.00, 0.03, 0.05, 0.00, 0.00, 0.00, 1.00, 0.00, 0.00, 0.00, 0.00, 0.00, 0.00, 1.00, 0.00, 1.00, 0.00, 1.00, 0.00, 0.00, 0.00, 0.00
429,  0,  7.133,  0.98,  1, 0.07, 0.05, 1.10, 0.14, 0.74, 0.52, 0.00, 0.45, 0.64, 1.08, 0.11, 0.69, 0.00, 0.02, 0.08, 0.05, 0.00, 0.00, 0.00, 1.00, 0.00, 0.00, 0.00, 0.00, 0.00, 0.00, 1.00, 1.00, 1.00, 0.00, 1.00, 0.00, 0.00, 0.00, 0.00
430,  0,  7.150,  0.98,  1, 0.00, 0.05, 1.06, 0.25, 0.61, 0.50, 0.00, 0.47, 0.57, 1.23, 0.06, 0.54, 0.00, 0.02, 0.11, 0.00, 0.00, 0.00, 0.00, 1.00, 0.00, 0.00, 1.00, 0.00, 0.00, 0.00, 1.00, 1.00, 1.00, 0.00, 1.00, 0.00, 0.00, 0.00, 0.00
431,  0,  7.167,  0.98,  1, 0.04, 0.13, 1.06, 0.14, 0.69, 0.45, 0.00, 0.44, 0.57, 1.12, 0.15, 0.54, 0.09, 0.02, 0.11, 0.00, 0.00, 0.00, 0.00, 1.00, 0.00, 0.00, 1.00, 0.00, 0.00, 0.00, 1.00, 1.00, 1.00, 0.00, 1.00, 0.00, 0.00, 0.00, 0.00
432,  0,  7.183,  0.98,  1, 0.06, 0.12, 1.08, 0.20, 0.72, 0.31, 0.00, 0.63, 0.58, 1.22, 0.16, 0.70, 0.20, 0.00, 0.06, 0.00, 0.00, 0.00, 0.00, 1.00, 0.00, 0.00, 1.00, 0.00, 0.00, 0.00, 1.00, 1.00, 1.00, 0.00, 1.00, 0.00, 0.00, 0.00, 0.00
433,  0,  7.200,  0.98,  1, 0.06, 0.12, 1.01, 0.09, 0.82, 0.37, 0.00, 0.65, 0.53, 1.09, 0.16, 0.77, 0.21, 0.02, 0.00, 0.00, 0.00, 0.00, 0.00, 1.00, 0.00, 0.00, 1.00, 0.00, 0.00, 0.00, 1.00, 1.00, 1.00, 0.00, 1.00, 0.00, 0.00, 0.00, 0.00
434,  0,  7.217,  0.98,  1, 0.01, 0.03, 0.92, 0.09, 0.84, 0.35, 0.00, 0.61, 0.49, 1.17, 0.10, 0.74, 0.13, 0.02, 0.07, 0.03, 0.00, 0.00, 0.00, 1.00, 0.00, 0.00, 1.00, 0.00, 0.00, 0.00, 1.00, 1.00, 1.00, 0.00, 1.00, 0.00, 0.00, 0.00, 0.00
435,  0,  7.233,  0.98,  1, 0.00, 0.00, 0.97, 0.07, 0.89, 0.57, 0.00, 0.56, 0.52, 1.29, 0.10, 0.76, 0.05, 0.07, 0.07, 0.03, 0.00, 0.00, 0.00, 1.00, 0.00, 0.00, 1.00, 0.00, 0.00, 0.00, 1.00, 1.00, 1.00, 0.00, 1.00, 0.00, 0.00, 0.00, 0.00
436,  0,  7.250,  0.98,  1, 0.05, 0.08, 1.21, 0.07, 0.83, 0.55, 0.00, 0.46, 0.52, 1.20, 0.19, 0.73, 0.05, 0.05, 0.12, 0.03, 0.00, 0.00, 0.00, 1.00, 0.00, 0.00, 1.00, 0.00, 0.00, 0.00, 1.00, 1.00, 1.00, 0.00, 1.00, 0.00, 0.00, 0.00, 0.00
437,  0,  7.267,  0.98,  1, 0.05, 0.08, 1.38, 0.09, 0.77, 0.39, 0.00, 0.48, 0.47, 1.27, 0.22, 0.80, 0.04, 0.05, 0.05, 0.00, 0.01, 0.00, 0.00, 1.00, 0.00, 0.00, 1.00, 0.00, 0.00, 0.00, 1.00, 1.00, 1.00, 0.00, 1.00, 0.00, 0.00, 0.00, 0.00
438,  0,  7.283,  0.98,  1, 0.05, 0.08, 1.44, 0.03, 0.69, 0.47, 0.00, 0.60, 0.42, 1.11, 0.42, 0.76, 0.03, 0.00, 0.10, 0.00, 0.01, 0.00, 0.00, 1.00, 0.00, 0.00, 1.00, 0.00, 0.00, 0.00, 1.00, 1.00, 1.00, 0.00, 1.00, 0.00, 0.00, 0.00, 0.00
439,  0,  7.300,  0.98,  1, 0.00, 0.00, 1.45, 0.03, 0.71, 0.71, 0.00, 0.82, 0.41, 1.18, 0.46, 0.75, 0.21, 0.00, 0.17, 0.00, 0.01, 0.00, 0.00, 1.00, 0.00, 0.00, 1.00, 0.00, 0.00, 0.00, 1.00, 1.00, 1.00, 0.00, 1.00, 0.00, 0.00, 0.00, 0.00
440,  0,  7.317,  0.98,  1, 0.00, 0.00, 1.45, 0.00, 0.73, 0.84, 0.00, 0.90, 0.44, 1.04, 0.63, 0.81, 0.21, 0.01, 0.17, 0.00, 0.00, 0.00, 0.00, 1.00, 0.00, 0.00, 1.00, 0.00, 0.00, 0.00, 1.00, 1.00, 1.00, 0.00, 1.00, 0.00, 0.00, 0.00, 0.00
441,  0,  7.333,  0.98,  1, 0.03, 0.00, 1.39, 0.00, 0.83, 0.93, 0.00, 0.80, 0.46, 1.28, 0.65, 0.98, 0.19, 0.01, 0.11, 0.00, 0.01, 0.00, 0.00, 1.00, 0.00, 0.00, 1.00, 0.00, 0.00, 0.00, 1.00, 1.00, 1.00, 0.00, 1.00, 0.00, 0.00, 0.00, 0.00
442,  0,  7.350,  0.98,  1, 0.04, 0.08, 1.38, 0.11, 0.96, 1.18, 0.00, 0.77, 0.48, 1.40, 0.74, 1.14, 0.08, 0.02, 0.00, 0.00, 0.12, 0.00, 0.00, 1.00, 0.00, 0.00, 1.00, 0.00, 0.00, 0.00, 1.00, 1.00, 1.00, 0.00, 1.00, 0.00, 0.00, 0.00, 0.00
443,  0,  7.367,  0.98,  1, 0.07, 0.08, 1.37, 0.11, 1.14, 1.25, 0.01, 0.76, 0.48, 1.48, 0.54, 1.18, 0.15, 0.04, 0.00, 0.00, 0.12, 0.00, 0.00, 1.00, 0.00, 1.00, 1.00, 0.00, 1.00, 0.00, 1.00, 1.00, 1.00, 0.00, 1.00, 0.00, 0.00, 0.00, 0.00
444,  0,  7.383,  0.98,  1, 0.15, 0.18, 1.49, 0.17, 1.21, 1.25, 0.08, 0.87, 0.54, 1.45, 0.58, 1.05, 0.18, 0.04, 0.00, 0.02, 0.42, 0.00, 0.00, 1.00, 0.00, 1.00, 1.00, 0.00, 0.00, 0.00, 1.00, 1.00, 1.00, 0.00, 1.00, 0.00, 0.00, 0.00, 0.00
445,  0,  7.400,  0.98,  1, 0.27, 0.20, 1.48, 0.06, 1.29, 1.30, 0.17, 0.83, 0.54, 1.39, 0.56, 0.97, 0.11, 0.03, 0.00, 0.02, 0.66, 0.00, 0.00, 1.00, 0.00, 1.00, 1.00, 0.00, 1.00, 0.00, 1.00, 1.00, 1.00, 0.00, 1.00, 0.00, 0.00, 0.00, 1.00
446,  0,  7.417,  0.98,  1, 0.37, 0.21, 1.65, 0.06, 1.23, 1.78, 0.21, 0.93, 0.57, 1.41, 0.66, 1.03, 0.07, 0.00, 0.05, 0.02, 1.21, 0.00, 0.00, 1.00, 0.00, 1.00, 1.00, 0.00, 1.00, 0.00, 1.00, 1.00, 1.00, 0.00, 1.00, 0.00, 0.00, 0.00, 1.00
447,  0,  7.433,  0.98,  1, 0.29, 0.11, 1.47, 0.00, 1.25, 1.80, 0.23, 1.00, 0.56, 1.55, 0.61, 1.04, 0.04, 0.00, 0.05, 0.19, 1.27, 0.00, 0.00, 1.00, 0.00, 1.00, 1.00, 0.00, 1.00, 0.00, 1.00, 1.00, 1.00, 0.00, 1.00, 0.00, 0.00, 0.00, 1.00
448,  0,  7.450,  0.98,  1, 0.45, 0.09, 1.67, 0.11, 1.16, 1.93, 0.22, 1.02, 0.55, 1.60, 0.63, 1.22, 0.21, 0.00, 0.05, 0.19, 1.39, 0.00, 0.00, 1.00, 0.00, 1.00, 1.00, 0.00, 0.00, 0.00, 1.00, 1.00, 1.00, 0.00, 1.00, 0.00, 0.00, 0.00, 1.00
449,  0,  7.467,  0.98,  1, 0.46, 0.15, 1.66, 0.11, 1.15, 1.81, 0.21, 1.01, 0.60, 1.74, 0.82, 1.15, 0.22, 0.00, 0.00, 0.19, 1.24, 0.00, 0.00, 1.00, 0.00, 1.00, 1.00, 0.00, 0.00, 0.00, 1.00, 1.00, 1.00, 0.00, 1.00, 0.00, 0.00, 0.00, 1.00
450,  0,  7.483,  0.98,  1, 0.43, 0.15, 1.74, 0.11, 1.18, 1.83, 0.17, 0.94, 0.64, 1.61, 0.64, 1.00, 0.22, 0.00, 0.00, 0.00, 1.25, 0.00, 0.00, 1.00, 0.00, 1.00, 1.00, 0.00, 0.00, 0.00, 1.00, 1.00, 1.00, 0.00, 1.00, 0.00, 0.00, 0.00, 1.00
451,  0,  7.500,  0.98,  1, 0.26, 0.07, 1.66, 0.00, 1.23, 1.75, 0.18, 0.87, 0.63, 1.83, 0.64, 0.80, 0.04, 0.00, 0.00, 0.00, 1.01, 0.00, 0.00, 1.00, 0.00, 1.00, 1.00, 0.00, 0.00, 0.00, 1.00, 1.00, 1.00, 0.00, 1.00, 0.00, 0.00, 0.00, 1.00
452,  0,  7.517,  0.98,  1, 0.24, 0.00, 1.53, 0.10, 1.26, 2.03, 0.16, 0.83, 0.63, 1.78, 0.44, 0.77, 0.00, 0.00, 0.07, 0.05, 0.87, 0.00, 0.00, 1.00, 0.00, 1.00, 1.00, 0.00, 0.00, 0.00, 1.00, 1.00, 1.00, 0.00, 1.00, 0.00, 0.00, 0.00, 1.00
453,  0,  7.533,  0.98,  1, 0.35, 0.00, 1.51, 0.10, 1.29, 2.09, 0.20, 0.74, 0.64, 1.77, 0.40, 0.83, 0.01, 0.00, 0.07, 0.05, 0.76, 0.00, 0.00, 1.00, 0.00, 1.00, 1.00, 0.00, 0.00, 0.00, 1.00, 1.00, 1.00, 0.00, 1.00, 0.00, 0.00, 0.00, 1.00
454,  0,  7.550,  0.98,  1, 0.26, 0.00, 1.43, 0.14, 1.28, 1.98, 0.14, 0.84, 0.75, 1.73, 0.51, 0.94, 0.26, 0.06, 0.08, 0.05, 0.89, 0.00, 0.00, 1.00, 0.00, 1.00, 1.00, 0.00, 0.00, 0.00, 1.00, 1.00, 1.00, 0.00, 1.00, 0.00, 0.00, 0.00, 1.00
455,  0,  7.567,  0.98,  1, 0.22, 0.00, 1.49, 0.04, 1.30, 1.61, 0.23, 0.98, 0.77, 1.73, 0.41, 0.84, 0.35, 0.06, 0.01, 0.00, 0.85, 0.00, 0.00, 1.00, 0.00, 1.00, 1.00, 0.00, 0.00, 0.00, 1.00, 1.00, 1.00, 0.00, 1.00, 0.00, 0.00, 0.00, 1.00
456,  0,  7.583,  0.98,  1, 0.17, 0.00, 1.66, 0.04, 1.28, 1.69, 0.16, 1.07, 0.79, 1.70, 0.58, 0.79, 0.37, 0.09, 0.04, 0.00, 0.66, 0.00, 0.00, 1.00, 0.00, 1.00, 1.00, 0.00, 1.00, 0.00, 1.00, 1.00, 1.00, 0.00, 1.00, 0.00, 0.00, 0.00, 1.00
457,  0,  7.600,  0.98,  1, 0.13, 0.14, 1.67, 0.06, 1.20, 1.39, 0.18, 0.98, 0.68, 1.49, 0.49, 0.72, 0.21, 0.10, 0.03, 0.00, 0.33, 0.00, 0.00, 1.00, 0.00, 1.00, 1.00, 0.00, 1.00, 0.00, 1.00, 1.00, 1.00, 0.00, 1.00, 0.00, 0.00, 0.00, 1.00
458,  0,  7.617,  0.98,  1, 0.05, 0.14, 1.73, 0.08, 1.18, 1.06, 0.13, 0.97, 0.61, 1.52, 0.66, 0.70, 0.12, 0.11, 0.11, 0.06, 0.23, 0.00, 0.00, 1.00, 0.00, 1.00, 1.00, 0.00, 1.00, 0.00, 1.00, 1.00, 1.00, 0.00, 1.00, 0.00, 0.00, 0.00, 1.00
459,  0,  7.633,  0.98,  1, 0.06, 0.14, 1.56, 0.08, 1.11, 0.78, 0.14, 0.78, 0.49, 1.48, 0.56, 0.76, 0.29, 0.12, 0.08, 0.06, 0.20, 0.00, 0.00, 1.00, 0.00, 1.00, 1.00, 0.00, 0.00, 0.00, 1.00, 1.00, 1.00, 0.00, 1.00, 0.00, 0.00, 0.00, 1.00
460,  0,  7.650,  0.98,  1, 0.13, 0.00, 1.52, 0.01, 1.16, 1.06, 0.15, 0.80, 0.49, 1.61, 0.42, 0.62, 0.21, 0.11, 0.14, 0.13, 0.37, 0.00, 0.00, 1.00, 0.00, 1.00, 1.00, 0.00, 0.00, 0.00, 1.00, 1.00, 1.00, 0.00, 1.00, 0.00, 0.00, 0.00, 1.00
461,  0,  7.667,  0.98,  1, 0.17, 0.11, 1.52, 0.00, 1.09, 1.12, 0.14, 0.73, 0.46, 1.62, 0.34, 0.62, 0.20, 0.11, 0.09, 0.07, 0.23, 0.00, 0.00, 1.00, 0.00, 1.00, 1.00, 0.00, 0.00, 0.00, 1.00, 1.00, 1.00, 0.00, 1.00, 0.00, 0.00, 0.00, 0.00
462,  0,  7.683,  0.98,  1, 0.11, 0.19, 1.47, 0.06, 1.09, 1.00, 0.13, 0.89, 0.52, 1.60, 0.19, 0.49, 0.00, 0.12, 0.10, 0.18, 0.21, 0.00, 0.00, 1.00, 0.00, 1.00, 1.00, 0.00, 0.00, 0.00, 1.00, 1.00, 1.00, 0.00, 1.00, 0.00, 0.00, 0.00, 0.00
463,  0,  7.700,  0.98,  1, 0.12, 0.19, 1.41, 0.06, 1.08, 0.62, 0.11, 0.85, 0.52, 1.57, 0.10, 0.58, 0.00, 0.11, 0.04, 0.12, 0.01, 0.00, 0.00, 1.00, 0.00, 1.00, 1.00, 0.00, 0.00, 0.00, 1.00, 1.00, 1.00, 0.00, 1.00, 0.00, 0.00, 0.00, 0.00
464,  0,  7.717,  0.98,  1, 0.13, 0.10, 1.36, 0.06, 1.06, 0.63, 0.07, 0.80, 0.56, 1.31, 0.01, 0.56, 0.06, 0.13, 0.01, 0.21, 0.01, 0.00, 0.00, 1.00, 0.00, 1.00, 1.00, 0.00, 0.00, 0.00, 1.00, 1.00, 0.00, 0.00, 1.00, 0.00, 0.00, 0.00, 0.00
465,  0,  7.733,  0.98,  1, 0.13, 0.07, 1.42, 0.00, 1.06, 0.88, 0.18, 0.68, 0.52, 1.22, 0.06, 0.60, 0.28, 0.09, 0.00, 0.10, 0.08, 0.00, 0.00, 1.00, 0.00, 1.00, 1.00, 0.00, 0.00, 0.00, 1.00, 1.00, 1.00, 0.00, 1.00, 0.00, 0.00, 0.00, 0.00
466,  0,  7.750,  0.98,  1, 0.11, 0.14, 1.45, 0.00, 1.05, 1.07, 0.18, 0.77, 0.57, 1.05, 0.16, 0.46, 0.34, 0.09, 0.00, 0.09, 0.07, 0.00, 0.00, 1.00, 0.00, 0.00, 1.00, 0.00, 0.00, 0.00, 1.00, 1.00, 0.00, 0.00, 1.00, 0.00, 0.00, 0.00, 0.00
467,  0,  7.767,  0.98,  1, 0.09, 0.11, 1.52, 0.00, 1.06, 1.09, 0.21, 0.65, 0.51, 1.21, 0.36, 0.55, 0.50, 0.13, 0.00, 0.08, 0.07, 0.00, 0.00, 1.00, 0.00, 0.00, 1.00, 0.00, 0.00, 0.00, 1.00, 1.00, 0.00, 0.00, 1.00, 0.00, 0.00, 0.00, 0.00
468,  0,  7.783,  0.98,  1, 0.14, 0.06, 1.69, 0.00, 0.98, 1.17, 0.13, 0.73, 0.53, 1.22, 0.48, 0.53, 0.28, 0.13, 0.00, 0.16, 0.02, 0.00, 0.00, 1.00, 0.00, 0.00, 1.00, 0.00, 0.00, 0.00, 1.00, 1.00, 0.00, 0.00, 1.00, 0.00, 0.00, 0.00, 0.00
469,  0,  7.800,  0.98,  1, 0.08, 0.00, 1.58, 0.00, 0.93, 0.99, 0.09, 0.82, 0.50, 1.23, 0.51, 0.56, 0.30, 0.08, 0.00, 0.16, 0.02, 0.00, 0.00, 1.00, 0.00, 0.00, 1.00, 0.00, 0.00, 0.00, 1.00, 1.00, 1.00, 0.00, 1.00, 0.00, 0.00, 0.00, 0.00
470,  0,  7.817,  0.98,  1, 0.05, 0.01, 1.65, 0.00, 0.94, 0.94, 0.13, 0.91, 0.55, 1.30, 0.30, 0.52, 0.08, 0.01, 0.00, 0.08, 0.03, 0.00, 0.00, 1.00, 0.00, 0.00, 1.00, 0.00, 0.00, 0.00, 1.00, 1.00, 1.00, 0.00, 0.00, 0.00, 0.00, 0.00, 0.00
471,  0,  7.833,  0.98,  1, 0.08, 0.01, 1.60, 0.00, 0.90, 0.72, 0.14, 0.85, 0.48, 1.41, 0.17, 0.58, 0.08, 0.01, 0.00, 0.00, 0.01, 0.00, 0.00, 1.00, 0.00, 0.00, 1.00, 0.00, 0.00, 0.00, 1.00, 1.00, 1.00, 0.00, 0.00, 0.00, 0.00, 0.00, 0.00
472,  0,  7.850,  0.98,  1, 0.08, 0.01, 1.70, 0.04, 0.84, 0.85, 0.14, 0.58, 0.47, 1.34, 0.04, 0.67, 0.05, 0.01, 0.10, 0.00, 0.01, 0.00, 0.00, 1.00, 0.00, 0.00, 1.00, 0.00, 0.00, 0.00, 1.00, 1.00, 1.00, 0.00, 0.00, 0.00, 0.00, 0.00, 0.00
473,  0,  7.867,  0.98,  1, 0.15, 0.00, 1.60, 0.04, 0.89, 1.08, 0.11, 0.54, 0.44, 1.26, 0.06, 0.52, 0.13, 0.04, 0.15, 0.00, 0.01, 0.00, 0.00, 1.00, 0.00, 0.00, 1.00, 0.00, 0.00, 0.00, 1.00, 1.00, 1.00, 0.00, 1.00, 0.00, 0.00, 0.00, 0.00
474,  0,  7.883,  0.98,  1, 0.07, 0.00, 1.46, 0.13, 1.02, 1.08, 0.06, 0.55, 0.49, 1.12, 0.12, 0.44, 0.17, 0.04, 0.15, 0.00, 0.01, 0.00, 0.00, 1.00, 0.00, 0.00, 1.00, 0.00, 0.00, 0.00, 1.00, 1.00, 1.00, 0.00, 1.00, 0.00, 0.00, 0.00, 0.00
475,  0,  7.900,  0.98,  1, 0.07, 0.00, 1.44, 0.09, 1.07, 1.09, 0.11, 0.66, 0.49, 1.17, 0.12, 0.41, 0.12, 0.07, 0.05, 0.00, 0.01, 0.00, 0.00, 1.00, 0.00, 0.00, 1.00, 0.00, 0.00, 0.00, 1.00, 1.00, 1.00, 0.00, 1.00, 0.00, 0.00, 0.00, 0.00
476,  0,  7.917,  0.98,  1, 0.00, 0.00, 1.46, 0.17, 0.99, 0.87, 0.07, 0.66, 0.47, 1.20, 0.10, 0.47, 0.09, 0.05, 0.03, 0.00, 0.05, 0.00, 0.00, 1.00, 0.00, 0.00, 1.00, 0.00, 0.00, 0.00, 1.00, 1.00, 1.00, 0.00, 1.00, 0.00, 0.00, 0.00, 0.00
477,  0,  7.933,  0.98,  1, 0.00, 0.00, 1.44, 0.10, 1.00, 0.70, 0.08, 0.60, 0.53, 1.28, 0.00, 0.53, 0.05, 0.05, 0.03, 0.00, 0.05, 0.00, 0.00, 1.00, 0.00, 1.00, 1.00, 0.00, 0.00, 0.00, 1.00, 1.00, 1.00, 0.00, 1.00, 0.00, 0.00, 0.00, 0.00
478,  0,  7.950,  0.98,  1, 0.00, 0.00, 1.45, 0.18, 0.98, 0.71, 0.08, 0.58, 0.52, 1.15, 0.00, 0.40, 0.05, 0.01, 0.02, 0.11, 0.31, 0.00, 0.00, 1.00, 0.00, 1.00, 1.00, 0.00, 0.00, 0.00, 1.00, 1.00, 0.00, 0.00, 1.00, 0.00, 0.00, 0.00, 0.00
479,  0,  7.967,  0.98,  1, 0.00, 0.00, 1.49, 0.19, 1.06, 0.98, 0.08, 0.56, 0.64, 1.09, 0.00, 0.37, 0.00, 0.03, 0.00, 0.19, 0.35, 0.00, 0.00, 1.00, 0.00, 1.00, 1.00, 0.00, 0.00, 0.00, 1.00, 1.00, 1.00, 0.00, 1.00, 0.00, 0.00, 0.00, 0.00
480,  0,  7.983,  0.98,  1, 0.00, 0.00, 1.40, 0.17, 1.00, 1.01, 0.08, 0.62, 0.65, 1.00, 0.00, 0.37, 0.00, 0.08, 0.00, 0.28, 0.35, 0.00, 0.00, 1.00, 0.00, 1.00, 1.00, 0.00, 0.00, 0.00, 1.00, 1.00, 1.00, 0.00, 1.00, 0.00, 0.00, 0.00, 0.00
481,  0,  8.000,  0.98,  1, 0.00, 0.00, 1.42, 0.10, 1.05, 1.29, 0.03, 0.67, 0.67, 1.10, 0.02, 0.53, 0.00, 0.17, 0.05, 0.24, 0.11, 0.00, 0.00, 1.00, 0.00, 1.00, 1.00, 0.00, 0.00, 0.00, 1.00, 1.00, 0.00, 0.00, 1.00, 0.00, 0.00, 0.00, 0.00
482,  0,  8.017,  0.98,  1, 0.00, 0.00, 1.20, 0.01, 1.00, 1.09, 0.03, 0.66, 0.60, 1.18, 0.02, 0.53, 0.00, 0.21, 0.28, 0.16, 0.03, 0.00, 0.00, 1.00, 0.00, 1.00, 1.00, 0.00, 0.00, 0.00, 1.00, 0.00, 0.00, 0.00, 1.00, 0.00, 0.00, 0.00, 0.00
483,  0,  8.033,  0.98,  1, 0.00, 0.00, 1.31, 0.01, 1.05, 1.28, 0.00, 0.58, 0.56, 1.27, 0.02, 0.43, 0.07, 0.22, 0.32, 0.07, 0.03, 0.00, 0.00, 1.00, 0.00, 1.00, 1.00, 0.00, 0.00, 0.00, 1.00, 1.00, 0.00, 0.00, 1.00, 0.00, 0.00, 0.00, 0.00
484,  0,  8.050,  0.98,  1, 0.00, 0.00, 1.35, 0.00, 0.98, 1.22, 0.10, 0.35, 0.53, 1.37, 0.00, 0.28, 0.07, 0.21, 0.27, 0.03, 0.00, 0.00, 0.00, 1.00, 0.00, 1.00, 1.00, 0.00, 0.00, 0.00, 1.00, 1.00, 0.00, 0.00, 1.00, 0.00, 0.00, 0.00, 0.00
485,  0,  8.067,  0.98,  1, 0.00, 0.00, 1.33, 0.00, 0.88, 1.16, 0.10, 0.36, 0.55, 1.33, 0.06, 0.30, 0.16, 0.20, 0.05, 0.06, 0.00, 0.00, 0.00, 1.00, 0.00, 0.00, 1.00, 0.00, 0.00, 0.00, 1.00, 1.00, 1.00, 0.00, 1.00, 0.00, 0.00, 0.00, 0.00
486,  0,  8.083,  0.98,  1, 0.00, 0.00, 1.24, 0.04, 0.90, 1.13, 0.10, 0.43, 0.54, 1.51, 0.09, 0.34, 0.10, 0.17, 0.00, 0.08, 0.00, 0.00, 0.00, 1.00, 0.00, 0.00, 1.00, 0.00, 0.00, 0.00, 1.00, 1.00, 1.00, 0.00, 1.00, 0.00, 0.00, 0.00, 0.00
487,  0,  8.100,  0.98,  1, 0.00, 0.00, 1.27, 0.04, 0.95, 1.07, 0.04, 0.57, 0.59, 1.52, 0.09, 0.60, 0.10, 0.17, 0.00, 0.15, 0.00, 0.00, 0.00, 1.00, 0.00, 0.00, 1.00, 0.00, 0.00, 0.00, 1.00, 0.00, 1.00, 0.00, 1.00, 0.00, 0.00, 0.00, 0.00
488,  0,  8.117,  0.98,  1, 0.00, 0.00, 1.52, 0.06, 1.01, 1.02, 0.04, 0.63, 0.55, 1.48, 0.19, 0.65, 0.11, 0.19, 0.00, 0.13, 0.00, 0.00, 0.00, 1.00, 0.00, 0.00, 1.00, 0.00, 0.00, 0.00, 1.00, 0.00, 1.00, 0.00, 1.00, 0.00, 0.00, 0.00, 0.00
489,  0,  8.133,  0.98,  1, 0.00, 0.00, 1.56, 0.07, 0.87, 0.97, 0.04, 0.69, 0.55, 1.21, 0.16, 0.67, 0.10, 0.16, 0.09, 0.31, 0.00, 0.00, 0.00, 1.00, 0.00, 0.00, 1.00, 0.00, 0.00, 0.00, 1.00, 0.00, 1.00, 0.00, 1.00, 0.00, 0.00, 0.00, 0.00
490,  0,  8.150,  0.98,  1, 0.00, 0.00, 1.32, 0.09, 0.85, 0.80, 0.00, 0.73, 0.61, 1.15, 0.16, 0.52, 0.10, 0.08, 0.09, 0.27, 0.09, 0.00, 0.00, 1.00, 0.00, 0.00, 1.00, 0.00, 0.00, 0.00, 1.00, 0.00, 1.00, 0.00, 1.00, 0.00, 0.00, 0.00, 0.00
491,  0,  8.167,  0.98,  1, 0.04, 0.00, 1.24, 0.07, 0.85, 0.96, 0.00, 0.69, 0.64, 1.03, 0.01, 0.43, 0.00, 0.00, 0.09, 0.27, 0.09, 0.00, 0.00, 1.00, 0.00, 0.00, 1.00, 0.00, 0.00, 0.00, 1.00, 0.00, 1.00, 0.00, 1.00, 0.00, 0.00, 0.00, 0.00
492,  0,  8.183,  0.98,  1, 0.10, 0.00, 1.39, 0.02, 0.82, 1.05, 0.00, 0.62, 0.68, 1.14, 0.01, 0.33, 0.00, 0.00, 0.17, 0.10, 0.18, 0.00, 0.00, 1.00, 0.00, 0.00, 1.00, 0.00, 0.00, 0.00, 1.00, 0.00, 1.00, 0.00, 1.00, 0.00, 0.00, 0.00, 0.00
493,  0,  8.200,  0.98,  1, 0.10, 0.00, 1.46, 0.00, 0.91, 0.89, 0.04, 0.54, 0.64, 1.04, 0.01, 0.25, 0.00, 0.00, 0.30, 0.18, 0.11, 0.00, 0.00, 1.00, 0.00, 0.00, 1.00, 0.00, 0.00, 0.00, 1.00, 0.00, 1.00, 0.00, 1.00, 0.00, 0.00, 0.00, 0.00
494,  0,  8.217,  0.98,  1, 0.05, 0.00, 1.49, 0.00, 0.89, 0.76, 0.12, 0.46, 0.59, 0.97, 0.00, 0.21, 0.01, 0.00, 0.35, 0.37, 0.11, 0.00, 0.00, 1.00, 0.00, 0.00, 1.00, 0.00, 0.00, 0.00, 1.00, 0.00, 1.00, 0.00, 1.00, 0.00, 0.00, 0.00, 0.00
495,  0,  8.233,  0.98,  1, 0.00, 0.00, 1.29, 0.00, 0.97, 0.69, 0.12, 0.45, 0.57, 0.93, 0.00, 0.29, 0.01, 0.06, 0.25, 0.32, 0.17, 0.00, 0.00, 1.00, 0.00, 0.00, 1.00, 0.00, 0.00, 0.00, 1.00, 0.00, 1.00, 0.00, 1.00, 0.00, 0.00, 0.00, 0.00
496,  0,  8.250,  0.98,  1, 0.00, 0.00, 1.34, 0.04, 0.82, 0.80, 0.08, 0.54, 0.52, 0.92, 0.00, 0.38, 0.01, 0.06, 0.17, 0.24, 0.16, 0.00, 0.00, 1.00, 0.00, 0.00, 1.00, 0.00, 0.00, 0.00, 1.00, 0.00, 0.00, 0.00, 1.00, 0.00, 0.00, 0.00, 0.00
497,  0,  8.267,  0.98,  1, 0.06, 0.04, 1.15, 0.04, 0.82, 0.77, 0.01, 0.70, 0.55, 1.15, 0.14, 0.48, 0.00, 0.06, 0.12, 0.16, 0.16, 0.00, 0.00, 1.00, 0.00, 0.00, 1.00, 0.00, 0.00, 0.00, 1.00, 0.00, 1.00, 0.00, 1.00, 0.00, 0.00, 0.00, 0.00
498,  0,  8.283,  0.98,  1, 0.06, 0.04, 1.16, 0.18, 0.88, 0.85, 0.01, 0.73, 0.53, 1.17, 0.14, 0.56, 0.00, 0.02, 0.06, 0.25, 0.01, 0.00, 0.00, 1.00, 0.00, 0.00, 1.00, 0.00, 0.00, 0.00, 1.00, 0.00, 1.00, 0.00, 1.00, 0.00, 0.00, 0.00, 0.00
499,  0,  8.300,  0.98,  1, 0.06, 0.04, 1.03, 0.13, 0.92, 0.88, 0.01, 0.69, 0.59, 1.42, 0.18, 0.58, 0.01, 0.03, 0.09, 0.27, 0.00, 0.00, 0.00, 1.00, 0.00, 0.00, 1.00, 0.00, 0.00, 0.00, 1.00, 0.00, 1.00, 0.00, 1.00, 0.00, 0.00, 0.00, 0.00
500,  0,  8.317,  0.98,  1, 0.00, 0.00, 0.98, 0.13, 0.92, 1.01, 0.00, 0.50, 0.61, 1.31, 0.05, 0.60, 0.06, 0.06, 0.09, 0.17, 0.00, 0.00, 0.00, 1.00, 0.00, 0.00, 1.00, 0.00, 0.00, 0.00, 1.00, 0.00, 1.00, 0.00, 1.00, 0.00, 0.00, 0.00, 0.00
501,  0,  8.333,  0.98,  1, 0.00, 0.00, 1.11, 0.00, 0.85, 0.94, 0.00, 0.40, 0.61, 1.20, 0.05, 0.57, 0.06, 0.11, 0.08, 0.09, 0.00, 0.00, 0.00, 1.00, 0.00, 0.00, 1.00, 0.00, 0.00, 0.00, 1.00, 0.00, 1.00, 0.00, 1.00, 0.00, 0.00, 0.00, 0.00
502,  0,  8.350,  0.98,  1, 0.00, 0.00, 1.05, 0.00, 0.80, 0.87, 0.00, 0.29, 0.65, 1.14, 0.00, 0.50, 0.04, 0.12, 0.12, 0.13, 0.00, 0.00, 0.00, 1.00, 0.00, 0.00, 1.00, 0.00, 0.00, 0.00, 1.00, 0.00, 0.00, 0.00, 1.00, 0.00, 0.00, 0.00, 0.00
503,  0,  8.367,  0.98,  1, 0.00, 0.00, 1.17, 0.00, 0.80, 0.94, 0.00, 0.39, 0.67, 1.14, 0.09, 0.38, 0.00, 0.09, 0.13, 0.13, 0.03, 0.00, 0.00, 1.00, 0.00, 0.00, 1.00, 0.00, 0.00, 0.00, 1.00, 0.00, 0.00, 0.00, 1.00, 0.00, 0.00, 0.00, 0.00
504,  0,  8.383,  0.98,  1, 0.00, 0.00, 1.19, 0.15, 0.79, 0.88, 0.00, 0.36, 0.69, 1.15, 0.09, 0.21, 0.00, 0.03, 0.18, 0.19, 0.03, 0.00, 0.00, 1.00, 0.00, 0.00, 1.00, 0.00, 0.00, 0.00, 1.00, 0.00, 0.00, 0.00, 1.00, 0.00, 0.00, 0.00, 0.00
505,  0,  8.400,  0.98,  1, 0.00, 0.00, 1.44, 0.14, 0.85, 0.71, 0.00, 0.41, 0.63, 1.11, 0.14, 0.16, 0.00, 0.00, 0.13, 0.27, 0.03, 0.00, 0.00, 1.00, 0.00, 0.00, 1.00, 0.00, 0.00, 0.00, 1.00, 0.00, 0.00, 0.00, 1.00, 0.00, 0.00, 0.00, 0.00
506,  0,  8.417,  0.98,  1, 0.00, 0.00, 1.37, 0.14, 0.87, 0.57, 0.00, 0.59, 0.60, 1.01, 0.05, 0.20, 0.00, 0.00, 0.12, 0.25, 0.00, 0.00, 0.00, 1.00, 0.00, 0.00, 1.00, 0.00, 0.00, 0.00, 1.00, 0.00, 0.00, 0.00, 1.00, 0.00, 0.00, 0.00, 0.00
507,  0,  8.433,  0.98,  1, 0.00, 0.00, 1.18, 0.00, 0.86, 0.59, 0.00, 0.63, 0.58, 1.08, 0.05, 0.32, 0.01, 0.00, 0.07, 0.26, 0.21, 0.00, 0.00, 1.00, 0.00, 0.00, 1.00, 0.00, 0.00, 0.00, 1.00, 0.00, 0.00, 0.00, 1.00, 0.00, 0.00, 0.00, 0.00
508,  0,  8.450,  0.98,  1, 0.03, 0.03, 1.04, 0.00, 0.82, 0.62, 0.00, 0.60, 0.55, 0.90, 0.01, 0.35, 0.06, 0.03, 0.08, 0.13, 0.21, 0.00, 0.00, 1.00, 0.00, 0.00, 1.00, 0.00, 0.00, 0.00, 1.00, 0.00, 0.00, 0.00, 1.00, 0.00, 0.00, 0.00, 0.00
509,  0,  8.467,  0.98,  1, 0.03, 0.03, 1.17, 0.00, 0.79, 0.63, 0.03, 0.41, 0.52, 1.06, 0.10, 0.42, 0.06, 0.03, 0.08, 0.24, 0.24, 0.00, 0.00, 1.00, 0.00, 0.00, 1.00, 0.00, 0.00, 0.00, 1.00, 0.00, 0.00, 0.00, 1.00, 0.00, 0.00, 0.00, 0.00
510,  0,  8.483,  0.98,  1, 0.16, 0.03, 1.38, 0.00, 0.86, 0.82, 0.04, 0.45, 0.56, 1.09, 0.10, 0.30, 0.05, 0.03, 0.08, 0.17, 0.19, 0.00, 0.00, 1.00, 0.00, 0.00, 1.00, 0.00, 0.00, 0.00, 1.00, 0.00, 0.00, 0.00, 1.00, 0.00, 0.00, 0.00, 0.00
511,  0,  8.500,  0.98,  1, 0.13, 0.00, 1.47, 0.00, 0.94, 1.27, 0.04, 0.42, 0.59, 1.11, 0.14, 0.26, 0.23, 0.00, 0.11, 0.27, 0.49, 0.00, 0.00, 1.00, 0.00, 0.00, 1.00, 0.00, 0.00, 0.00, 1.00, 0.00, 0.00, 0.00, 1.00, 0.00, 0.00, 0.00, 1.00
512,  0,  8.517,  0.98,  1, 0.19, 0.00, 1.49, 0.00, 1.00, 1.47, 0.02, 0.40, 0.65, 1.10, 0.20, 0.13, 0.23, 0.00, 0.11, 0.17, 0.94, 0.00, 0.00, 1.00, 0.00, 0.00, 1.00, 0.00, 0.00, 0.00, 1.00, 0.00, 0.00, 0.00, 1.00, 0.00, 0.00, 0.00, 1.00
513,  0,  8.533,  0.98,  1, 0.06, 0.00, 1.50, 0.00, 0.98, 1.56, 0.09, 0.47, 0.65, 1.01, 0.24, 0.13, 0.44, 0.00, 0.16, 0.31, 1.42, 0.00, 0.00, 1.00, 0.00, 0.00, 1.00, 0.00, 0.00, 0.00, 1.00, 0.00, 0.00, 0.00, 1.00, 0.00, 0.00, 0.00, 1.00
514,  0,  8.550,  0.98,  1, 0.14, 0.00, 1.36, 0.00, 0.93, 1.65, 0.09, 0.62, 0.64, 0.98, 0.24, 0.12, 0.32, 0.00, 0.17, 0.33, 1.80, 0.00, 0.00, 1.00, 0.00, 0.00, 1.00, 0.00, 0.00, 0.00, 1.00, 0.00, 0.00, 0.00, 1.00, 0.00, 0.00, 0.00, 1.00
515,  0,  8.567,  0.98,  1, 0.19, 0.00, 1.16, 0.00, 0.89, 1.70, 0.09, 0.60, 0.59, 0.88, 0.17, 0.17, 0.43, 0.00, 0.39, 0.48, 1.85, 0.00, 0.00, 1.00, 0.00, 0.00, 1.00, 0.00, 0.00, 0.00, 1.00, 0.00, 0.00, 0.00, 1.00, 0.00, 0.00, 0.00, 1.00
516,  0,  8.583,  0.98,  1, 0.30, 0.00, 1.10, 0.00, 0.83, 1.63, 0.00, 0.57, 0.53, 0.87, 0.25, 0.21, 0.27, 0.00, 0.39, 0.48, 1.76, 0.00, 0.00, 1.00, 0.00, 0.00, 1.00, 0.00, 0.00, 0.00, 1.00, 0.00, 0.00, 0.00, 1.00, 0.00, 0.00, 0.00, 1.00
517,  0,  8.600,  0.98,  1, 0.48, 0.05, 1.18, 0.00, 0.84, 1.46, 0.00, 0.65, 0.59, 1.02, 0.19, 0.18, 0.16, 0.00, 0.45, 0.44, 1.66, 0.00, 0.00, 1.00, 0.00, 0.00, 1.00, 0.00, 0.00, 0.00, 1.00, 0.00, 0.00, 0.00, 1.00, 0.00, 0.00, 0.00, 1.00
518,  0,  8.617,  0.98,  1, 0.43, 0.08, 1.29, 0.00, 0.89, 1.43, 0.03, 0.67, 0.61, 1.14, 0.12, 0.15, 0.13, 0.00, 0.28, 0.46, 1.60, 0.00, 0.00, 1.00, 0.00, 0.00, 1.00, 0.00, 0.00, 0.00, 1.00, 0.00, 0.00, 0.00, 1.00, 0.00, 0.00, 0.00, 1.00
519,  0,  8.633,  0.98,  1, 0.37, 0.08, 1.25, 0.00, 0.98, 1.35, 0.06, 0.66, 0.69, 1.25, 0.00, 0.30, 0.12, 0.00, 0.24, 0.69, 1.14, 0.00, 0.00, 1.00, 0.00, 0.00, 1.00, 0.00, 0.00, 0.00, 1.00, 0.00, 0.00, 0.00, 1.00, 0.00, 0.00, 0.00, 1.00
520,  0,  8.650,  0.98,  1, 0.19, 0.04, 1.43, 0.00, 1.04, 1.25, 0.06, 0.46, 0.60, 1.22, 0.09, 0.30, 0.12, 0.00, 0.06, 0.80, 0.90, 0.00, 0.00, 1.00, 0.00, 0.00, 1.00, 0.00, 0.00, 0.00, 1.00, 0.00, 0.00, 0.00, 1.00, 0.00, 0.00, 0.00, 1.00
521,  0,  8.667,  0.98,  1, 0.14, 0.00, 1.42, 0.00, 1.00, 1.31, 0.03, 0.52, 0.53, 1.25, 0.18, 0.40, 0.03, 0.00, 0.01, 0.70, 0.77, 0.00, 0.00, 1.00, 0.00, 0.00, 1.00, 0.00, 0.00, 0.00, 1.00, 0.00, 0.00, 0.00, 1.00, 0.00, 0.00, 0.00, 1.00
522,  0,  8.683,  0.98,  1, 0.13, 0.00, 1.44, 0.00, 0.98, 1.60, 0.01, 0.56, 0.46, 1.18, 0.18, 0.28, 0.00, 0.00, 0.07, 0.36, 0.78, 0.00, 0.00, 1.00, 0.00, 0.00, 1.00, 0.00, 0.00, 0.00, 1.00, 0.00, 0.00, 0.00, 1.00, 0.00, 0.00, 0.00, 1.00
523,  0,  8.700,  0.98,  1, 0.04, 0.00, 1.21, 0.00, 0.98, 1.77, 0.01, 0.66, 0.48, 1.14, 0.09, 0.39, 0.11, 0.00, 0.06, 0.20, 0.63, 0.00, 0.00, 1.00, 0.00, 0.00, 1.00, 0.00, 0.00, 0.00, 1.00, 0.00, 0.00, 0.00, 1.00, 0.00, 0.00, 0.00, 1.00
524,  0,  8.717,  0.98,  1, 0.10, 0.00, 1.16, 0.00, 0.93, 1.40, 0.01, 0.58, 0.49, 1.06, 0.06, 0.37, 0.11, 0.00, 0.06, 0.32, 0.33, 0.00, 0.00, 1.00, 0.00, 0.00, 1.00, 0.00, 0.00, 0.00, 1.00, 0.00, 0.00, 0.00, 1.00, 0.00, 0.00, 0.00, 1.00
525,  0,  8.733,  0.98,  1, 0.06, 0.00, 1.13, 0.00, 0.91, 1.07, 0.00, 0.57, 0.51, 1.09, 0.10, 0.40, 0.11, 0.00, 0.05, 0.47, 0.30, 0.00, 0.00, 1.00, 0.00, 0.00, 1.00, 0.00, 0.00, 0.00, 1.00, 0.00, 0.00, 0.00, 1.00, 0.00, 0.00, 0.00, 1.00
526,  0,  8.750,  0.98,  1, 0.06, 0.00, 1.17, 0.00, 0.79, 0.83, 0.00, 0.59, 0.53, 1.06, 0.10, 0.34, 0.09, 0.00, 0.05, 0.49, 0.39, 0.00, 0.00, 1.00, 0.00, 0.00, 1.00, 0.00, 0.00, 0.00, 1.00, 0.00, 0.00, 0.00, 1.00, 0.00, 0.00, 0.00, 1.00
527,  0,  8.767,  0.98,  1, 0.00, 0.00, 1.11, 0.03, 0.81, 0.91, 0.00, 0.73, 0.57, 0.95, 0.04, 0.31, 0.09, 0.00, 0.07, 0.38, 0.41, 0.00, 0.00, 1.00, 0.00, 0.00, 1.00, 0.00, 0.00, 0.00, 1.00, 0.00, 0.00, 0.00, 1.00, 0.00, 0.00, 0.00, 1.00
528,  0,  8.783,  0.98,  1, 0.00, 0.00, 1.17, 0.03, 0.73, 0.74, 0.00, 0.64, 0.55, 0.91, 0.05, 0.20, 0.09, 0.00, 0.05, 0.38, 0.50, 0.00, 0.00, 1.00, 0.00, 0.00, 1.00, 0.00, 0.00, 0.00, 1.00, 0.00, 0.00, 0.00, 1.00, 0.00, 0.00, 0.00, 1.00
529,  0,  8.800,  0.98,  1, 0.00, 0.00, 1.14, 0.05, 0.87, 0.67, 0.00, 0.66, 0.56, 1.01, 0.05, 0.19, 0.06, 0.00, 0.09, 0.38, 0.24, 0.00, 0.00, 1.00, 0.00, 0.00, 1.00, 0.00, 0.00, 0.00, 1.00, 0.00, 0.00, 0.00, 1.00, 0.00, 0.00, 0.00, 1.00
530,  0,  8.817,  0.98,  1, 0.03, 0.00, 1.29, 0.02, 0.87, 0.51, 0.00, 0.54, 0.52, 1.17, 0.05, 0.22, 0.06, 0.00, 0.07, 0.39, 0.27, 0.00, 0.00, 1.00, 0.00, 0.00, 1.00, 0.00, 0.00, 0.00, 1.00, 0.00, 0.00, 0.00, 1.00, 0.00, 0.00, 0.00, 1.00
531,  0,  8.833,  0.98,  1, 0.03, 0.00, 1.25, 0.02, 0.90, 0.69, 0.02, 0.56, 0.47, 1.19, 0.00, 0.27, 0.19, 0.00, 0.06, 0.25, 0.10, 0.00, 0.00, 1.00, 0.00, 0.00, 1.00, 0.00, 0.00, 0.00, 1.00, 0.00, 0.00, 0.00, 1.00, 0.00, 0.00, 0.00, 0.00
532,  0,  8.850,  0.98,  1, 0.03, 0.00, 1.20, 0.00, 0.81, 0.91, 0.01, 0.54, 0.47, 1.11, 0.00, 0.28, 0.20, 0.00, 0.02, 0.27, 0.15, 0.00, 0.00, 1.00, 0.00, 0.00, 1.00, 0.00, 0.00, 0.00, 1.00, 0.00, 0.00, 0.00, 1.00, 0.00, 0.00, 0.00, 0.00
533,  0,  8.867,  0.98,  1, 0.00, 0.01, 1.24, 0.00, 0.89, 1.15, 0.01, 0.65, 0.55, 1.11, 0.00, 0.20, 0.20, 0.00, 0.06, 0.35, 0.13, 0.00, 0.00, 1.00, 0.00, 0.00, 1.00, 0.00, 0.00, 0.00, 1.00, 0.00, 0.00, 0.00, 1.00, 0.00, 0.00, 0.00, 0.00
534,  0,  8.883,  0.98,  1, 0.00, 0.01, 1.19, 0.00, 0.84, 0.84, 0.00, 0.65, 0.61, 1.22, 0.00, 0.21, 0.21, 0.00, 0.18, 0.47, 0.27, 0.00, 0.00, 1.00, 0.00, 0.00, 1.00, 0.00, 0.00, 0.00, 1.00, 0.00, 0.00, 0.00, 1.00, 0.00, 0.00, 0.00, 0.00
535,  0,  8.900,  0.98,  1, 0.00, 0.10, 1.17, 0.00, 0.84, 0.65, 0.00, 0.61, 0.60, 1.22, 0.00, 0.22, 0.14, 0.00, 0.29, 0.60, 0.20, 0.00, 0.00, 1.00, 0.00, 0.00, 1.00, 0.00, 0.00, 0.00, 1.00, 0.00, 0.00, 0.00, 1.00, 0.00, 0.00, 0.00, 0.00
536,  0,  8.917,  0.98,  1, 0.00, 0.09, 1.11, 0.18, 0.73, 0.43, 0.00, 0.53, 0.58, 1.09, 0.08, 0.35, 0.14, 0.00, 0.31, 0.64, 0.14, 0.00, 0.00, 1.00, 0.00, 0.00, 1.00, 0.00, 0.00, 0.00, 1.00, 0.00, 0.00, 0.00, 1.00, 0.00, 0.00, 0.00, 0.00
537,  0,  8.933,  0.98,  1, 0.07, 0.09, 1.04, 0.18, 0.77, 0.93, 0.00, 0.56, 0.54, 1.00, 0.08, 0.38, 0.04, 0.00, 0.30, 0.69, 0.00, 0.00, 0.00, 1.00, 0.00, 0.00, 1.00, 0.00, 0.00, 0.00, 1.00, 0.00, 0.00, 0.00, 1.00, 0.00, 0.00, 0.00, 0.00
538,  0,  8.950,  0.98,  1, 0.07, 0.00, 1.30, 0.18, 0.74, 0.95, 0.00, 0.59, 0.53, 1.21, 0.21, 0.46, 0.04, 0.00, 0.25, 0.60, 0.12, 0.00, 0.00, 1.00, 0.00, 0.00, 1.00, 0.00, 0.00, 0.00, 1.00, 0.00, 0.00, 0.00, 1.00, 0.00, 0.00, 0.00, 0.00
539,  0,  8.967,  0.98,  1, 0.07, 0.00, 1.32, 0.03, 0.77, 1.14, 0.00, 0.55, 0.55, 1.41, 0.12, 0.23, 0.11, 0.00, 0.24, 0.48, 0.26, 0.00, 0.00, 1.00, 0.00, 0.00, 1.00, 0.00, 0.00, 0.00, 1.00, 0.00, 0.00, 0.00, 1.00, 0.00, 0.00, 0.00, 0.00
540,  0,  8.983,  0.98,  1, 0.00, 0.00, 1.38, 0.08, 0.72, 0.69, 0.00, 0.56, 0.58, 1.29, 0.22, 0.27, 0.07, 0.00, 0.12, 0.42, 0.26, 0.00, 0.00, 1.00, 0.00, 0.00, 1.00, 0.00, 0.00, 0.00, 1.00, 0.00, 0.00, 0.00, 1.00, 0.00, 0.00, 0.00, 0.00
541,  0,  9.000,  0.98,  1, 0.01, 0.11, 1.13, 0.08, 0.65, 0.92, 0.00, 0.52, 0.60, 1.07, 0.18, 0.19, 0.07, 0.00, 0.15, 0.42, 0.14, 0.00, 0.00, 1.00, 0.00, 0.00, 1.00, 0.00, 0.00, 0.00, 1.00, 0.00, 0.00, 0.00, 1.00, 0.00, 0.00, 0.00, 0.00
542,  0,  9.017,  0.98,  1, 0.01, 0.11, 1.24, 0.05, 0.55, 0.71, 0.00, 0.48, 0.59, 1.06, 0.22, 0.31, 0.00, 0.00, 0.13, 0.43, 0.00, 0.00, 0.00, 1.00, 0.00, 0.00, 1.00, 0.00, 0.00, 0.00, 1.00, 0.00, 0.00, 0.00, 1.00, 0.00, 0.00, 0.00, 0.00
543,  0,  9.033,  0.98,  1, 0.03, 0.18, 1.17, 0.00, 0.58, 0.83, 0.00, 0.49, 0.62, 1.19, 0.13, 0.29, 0.00, 0.00, 0.14, 0.28, 0.05, 0.00, 0.00, 1.00, 0.00, 0.00, 1.00, 0.00, 0.00, 0.00, 1.00, 0.00, 0.00, 0.00, 1.00, 0.00, 0.00, 0.00, 0.00
544,  0,  9.050,  0.98,  1, 0.02, 0.07, 1.24, 0.00, 0.69, 0.58, 0.00, 0.53, 0.60, 1.24, 0.04, 0.24, 0.02, 0.00, 0.05, 0.25, 0.07, 0.00, 0.00, 1.00, 0.00, 0.00, 1.00, 0.00, 0.00, 0.00, 1.00, 0.00, 0.00, 0.00, 1.00, 0.00, 0.00, 0.00, 0.00
545,  0,  9.067,  0.98,  1, 0.02, 0.07, 1.11, 0.00, 0.81, 0.72, 0.02, 0.60, 0.59, 1.07, 0.00, 0.17, 0.03, 0.01, 0.09, 0.15, 0.06, 0.00, 0.00, 1.00, 0.00, 0.00, 1.00, 0.00, 0.00, 0.00, 1.00, 0.00, 0.00, 0.00, 1.00, 0.00, 0.00, 0.00, 0.00
546,  0,  9.083,  0.98,  1, 0.00, 0.00, 1.09, 0.00, 0.83, 0.80, 0.02, 0.62, 0.59, 1.09, 0.00, 0.12, 0.03, 0.01, 0.21, 0.33, 0.02, 0.00, 0.00, 1.00, 0.00, 0.00, 1.00, 0.00, 0.00, 0.00, 1.00, 0.00, 0.00, 0.00, 1.00, 0.00, 0.00, 0.00, 0.00
547,  0,  9.100,  0.98,  1, 0.01, 0.00, 1.04, 0.00, 0.72, 0.67, 0.02, 0.47, 0.51, 1.12, 0.09, 0.31, 0.02, 0.01, 0.27, 0.32, 0.00, 0.00, 0.00, 1.00, 0.00, 0.00, 1.00, 0.00, 0.00, 0.00, 1.00, 0.00, 0.00, 0.00, 1.00, 0.00, 0.00, 0.00, 0.00
548,  0,  9.117,  0.98,  1, 0.01, 0.00, 1.02, 0.00, 0.64, 0.39, 0.00, 0.41, 0.47, 1.12, 0.27, 0.43, 0.00, 0.00, 0.21, 0.43, 0.00, 0.00, 0.00, 1.00, 0.00, 0.00, 1.00, 0.00, 0.00, 0.00, 1.00, 0.00, 0.00, 0.00, 1.00, 0.00, 0.00, 0.00, 0.00
549,  0,  9.133,  0.98,  1, 0.01, 0.00, 1.10, 0.10, 0.67, 0.08, 0.00, 0.43, 0.46, 1.11, 0.27, 0.44, 0.00, 0.01, 0.19, 0.29, 0.00, 0.00, 0.00, 1.00, 0.00, 0.00, 1.00, 0.00, 0.00, 0.00, 1.00, 0.00, 0.00, 0.00, 1.00, 0.00, 0.00, 0.00, 0.00
550,  0,  9.150,  0.98,  1, 0.03, 0.11, 1.21, 0.25, 0.68, 0.37, 0.02, 0.51, 0.55, 1.05, 0.18, 0.26, 0.00, 0.01, 0.15, 0.23, 0.00, 0.00, 0.00, 1.00, 0.00, 0.00, 1.00, 0.00, 0.00, 0.00, 1.00, 0.00, 0.00, 0.00, 1.00, 0.00, 0.00, 0.00, 0.00
551,  0,  9.167,  0.98,  1, 0.07, 0.11, 1.28, 0.32, 0.78, 0.65, 0.02, 0.60, 0.56, 1.15, 0.00, 0.07, 0.14, 0.01, 0.16, 0.19, 0.10, 0.00, 0.00, 1.00, 0.00, 0.00, 1.00, 0.00, 0.00, 0.00, 1.00, 0.00, 0.00, 0.00, 1.00, 0.00, 0.00, 0.00, 0.00
552,  0,  9.183,  0.98,  1, 0.16, 0.11, 1.43, 0.22, 0.75, 0.94, 0.02, 0.46, 0.56, 1.13, 0.04, 0.12, 0.15, 0.00, 0.04, 0.30, 0.10, 0.00, 0.00, 1.00, 0.00, 0.00, 1.00, 0.00, 0.00, 0.00, 1.00, 0.00, 0.00, 0.00, 1.00, 0.00, 0.00, 0.00, 0.00
553,  0,  9.200,  0.98,  1, 0.13, 0.00, 1.51, 0.07, 0.85, 0.95, 0.00, 0.36, 0.51, 1.09, 0.04, 0.19, 0.15, 0.00, 0.02, 0.26, 0.10, 0.00, 0.00, 1.00, 0.00, 0.00, 1.00, 0.00, 0.00, 0.00, 1.00, 0.00, 0.00, 0.00, 1.00, 0.00, 0.00, 0.00, 0.00
554,  0,  9.217,  0.98,  1, 0.09, 0.00, 1.39, 0.00, 0.74, 0.91, 0.00, 0.37, 0.53, 1.15, 0.04, 0.40, 0.01, 0.00, 0.00, 0.35, 0.09, 0.00, 0.00, 1.00, 0.00, 0.00, 1.00, 0.00, 0.00, 0.00, 1.00, 0.00, 0.00, 0.00, 1.00, 0.00, 0.00, 0.00, 0.00
555,  0,  9.233,  0.98,  1, 0.11, 0.06, 1.32, 0.05, 0.67, 0.76, 0.00, 0.42, 0.52, 1.11, 0.00, 0.30, 0.00, 0.00, 0.07, 0.36, 0.09, 0.00, 0.00, 1.00, 0.00, 0.00, 1.00, 0.00, 0.00, 0.00, 1.00, 0.00, 0.00, 0.00, 1.00, 0.00, 0.00, 0.00, 0.00
556,  0,  9.250,  0.98,  1, 0.16, 0.06, 1.16, 0.05, 0.63, 0.56, 0.00, 0.43, 0.56, 1.23, 0.00, 0.21, 0.00, 0.00, 0.11, 0.44, 0.09, 0.00, 0.00, 1.00, 0.00, 0.00, 1.00, 0.00, 0.00, 0.00, 1.00, 0.00, 0.00, 0.00, 1.00, 0.00, 0.00, 0.00, 0.00
557,  0,  9.267,  0.98,  1, 0.16, 0.07, 1.38, 0.05, 0.69, 0.56, 0.00, 0.41, 0.55, 1.17, 0.09, 0.07, 0.00, 0.00, 0.11, 0.42, 0.00, 0.00, 0.00, 1.00, 0.00, 0.00, 1.00, 0.00, 0.00, 0.00, 1.00, 0.00, 0.00, 0.00, 1.00, 0.00, 0.00, 0.00, 0.00
558,  0,  9.283,  0.98,  1, 0.05, 0.00, 1.39, 0.00, 0.78, 0.70, 0.00, 0.47, 0.55, 1.08, 0.09, 0.14, 0.04, 0.00, 0.11, 0.39, 0.00, 0.00, 0.00, 1.00, 0.00, 0.00, 1.00, 0.00, 0.00, 0.00, 1.00, 0.00, 0.00, 0.00, 1.00, 0.00, 0.00, 0.00, 0.00
559,  0,  9.300,  0.98,  1, 0.01, 0.00, 1.31, 0.00, 0.78, 0.82, 0.00, 0.64, 0.61, 1.18, 0.09, 0.14, 0.04, 0.00, 0.13, 0.34, 0.00, 0.00, 0.00, 1.00, 0.00, 0.00, 1.00, 0.00, 0.00, 0.00, 1.00, 0.00, 0.00, 0.00, 1.00, 0.00, 0.00, 0.00, 0.00
560,  0,  9.317,  0.98,  1, 0.04, 0.16, 1.09, 0.00, 0.79, 0.82, 0.01, 0.69, 0.53, 1.17, 0.00, 0.07, 0.14, 0.00, 0.24, 0.22, 0.00, 0.00, 0.00, 1.00, 0.00, 0.00, 1.00, 0.00, 0.00, 0.00, 1.00, 0.00, 0.00, 0.00, 1.00, 0.00, 0.00, 0.00, 0.00
561,  0,  9.333,  0.98,  1, 0.04, 0.16, 1.04, 0.14, 0.88, 0.84, 0.03, 0.60, 0.50, 1.22, 0.00, 0.07, 0.11, 0.00, 0.25, 0.23, 0.00, 0.00, 0.00, 1.00, 0.00, 0.00, 1.00, 0.00, 0.00, 0.00, 1.00, 0.00, 0.00, 0.00, 1.00, 0.00, 0.00, 0.00, 0.00
562,  0,  9.350,  0.98,  1, 0.06, 0.25, 1.14, 0.35, 0.90, 0.92, 0.03, 0.46, 0.49, 1.10, 0.01, 0.19, 0.14, 0.00, 0.30, 0.31, 0.04, 0.00, 0.00, 1.00, 0.00, 0.00, 1.00, 0.00, 0.00, 0.00, 1.00, 0.00, 0.00, 0.00, 1.00, 0.00, 0.00, 0.00, 0.00
563,  0,  9.367,  0.98,  1, 0.03, 0.09, 0.99, 0.35, 0.81, 0.68, 0.02, 0.41, 0.54, 1.11, 0.03, 0.19, 0.08, 0.00, 0.31, 0.32, 0.04, 0.00, 0.00, 1.00, 0.00, 0.00, 1.00, 0.00, 0.00, 0.00, 1.00, 0.00, 0.00, 0.00, 1.00, 0.00, 0.00, 0.00, 0.00
564,  0,  9.383,  0.98,  1, 0.07, 0.09, 1.03, 0.20, 0.72, 0.60, 0.00, 0.42, 0.58, 1.15, 0.05, 0.27, 0.20, 0.00, 0.36, 0.24, 0.04, 0.00, 0.00, 1.00, 0.00, 0.00, 1.00, 0.00, 0.00, 0.00, 1.00, 0.00, 0.00, 0.00, 1.00, 0.00, 0.00, 0.00, 0.00
565,  0,  9.400,  0.98,  1, 0.04, 0.00, 1.10, 0.00, 0.70, 0.61, 0.00, 0.56, 0.53, 1.00, 0.03, 0.18, 0.16, 0.00, 0.34, 0.28, 0.00, 0.00, 0.00, 1.00, 0.00, 0.00, 1.00, 0.00, 0.00, 0.00, 1.00, 0.00, 0.00, 0.00, 1.00, 0.00, 0.00, 0.00, 0.00
566,  0,  9.417,  0.98,  1, 0.04, 0.00, 1.43, 0.00, 0.81, 0.80, 0.05, 0.61, 0.59, 0.94, 0.07, 0.21, 0.12, 0.00, 0.33, 0.31, 0.00, 0.00, 0.00, 1.00, 0.00, 0.00, 1.00, 0.00, 0.00, 0.00, 1.00, 0.00, 0.00, 0.00, 1.00, 0.00, 0.00, 0.00, 0.00
567,  0,  9.433,  0.98,  1, 0.04, 0.00, 1.41, 0.00, 0.81, 0.89, 0.05, 0.63, 0.58, 0.90, 0.05, 0.20, 0.08, 0.00, 0.25, 0.36, 0.00, 0.00, 0.00, 1.00, 0.00, 0.00, 1.00, 0.00, 0.00, 0.00, 1.00, 0.00, 0.00, 0.00, 1.00, 0.00, 0.00, 0.00, 0.00
568,  0,  9.450,  0.98,  1, 0.10, 0.00, 1.35, 0.00, 0.86, 0.78, 0.05, 0.56, 0.62, 1.11, 0.05, 0.29, 0.09, 0.00, 0.31, 0.31, 0.00, 0.00, 0.00, 1.00, 0.00, 0.00, 1.00, 0.00, 0.00, 0.00, 1.00, 0.00, 0.00, 0.00, 1.00, 0.00, 0.00, 0.00, 0.00
569,  0,  9.467,  0.98,  1, 0.12, 0.00, 1.34, 0.00, 0.84, 0.76, 0.00, 0.42, 0.60, 1.15, 0.12, 0.36, 0.09, 0.00, 0.27, 0.29, 0.00, 0.00, 0.00, 1.00, 0.00, 0.00, 1.00, 0.00, 0.00, 0.00, 1.00, 0.00, 0.00, 0.00, 1.00, 0.00, 0.00, 0.00, 0.00
570,  0,  9.483,  0.98,  1, 0.08, 0.00, 1.35, 0.00, 0.87, 0.83, 0.01, 0.45, 0.67, 1.05, 0.19, 0.33, 0.01, 0.04, 0.35, 0.32, 0.00, 0.00, 0.00, 1.00, 0.00, 0.00, 1.00, 0.00, 0.00, 0.00, 1.00, 0.00, 0.00, 0.00, 1.00, 0.00, 0.00, 0.00, 0.00
571,  0,  9.500,  0.98,  1, 0.01, 0.00, 1.46, 0.10, 0.78, 0.91, 0.01, 0.49, 0.64, 0.93, 0.28, 0.24, 0.00, 0.04, 0.20, 0.30, 0.00, 0.00, 0.00, 1.00, 0.00, 0.00, 1.00, 0.00, 0.00, 0.00, 1.00, 0.00, 0.00, 0.00, 1.00, 0.00, 0.00, 0.00, 0.00
572,  0,  9.517,  0.98,  1, 0.00, 0.00, 1.40, 0.10, 0.76, 1.05, 0.01, 0.48, 0.67, 0.73, 0.16, 0.26, 0.00, 0.04, 0.13, 0.25, 0.00, 0.00, 0.00, 1.00, 0.00, 0.00, 1.00, 0.00, 0.00, 0.00, 1.00, 0.00, 0.00, 0.00, 1.00, 0.00, 0.00, 0.00, 0.00
573,  0,  9.533,  0.98,  1, 0.05, 0.00, 1.36, 0.10, 0.78, 0.92, 0.00, 0.40, 0.59, 0.87, 0.08, 0.22, 0.01, 0.01, 0.10, 0.23, 0.00, 0.00, 0.00, 1.00, 0.00, 0.00, 1.00, 0.00, 0.00, 0.00, 1.00, 0.00, 0.00, 0.00, 1.00, 0.00, 0.00, 0.00, 0.00
574,  0,  9.550,  0.98,  1, 0.06, 0.00, 1.18, 0.00, 0.80, 0.84, 0.00, 0.35, 0.52, 0.89, 0.00, 0.24, 0.01, 0.04, 0.22, 0.25, 0.01, 0.00, 0.00, 1.00, 0.00, 0.00, 1.00, 0.00, 0.00, 0.00, 1.00, 0.00, 0.00, 0.00, 1.00, 0.00, 0.00, 0.00, 0.00
575,  0,  9.567,  0.98,  1, 0.16, 0.00, 1.06, 0.00, 0.87, 0.93, 0.00, 0.55, 0.53, 1.18, 0.03, 0.31, 0.01, 0.09, 0.37, 0.54, 0.01, 0.00, 0.00, 1.00, 0.00, 0.00, 1.00, 0.00, 0.00, 0.00, 1.00, 0.00, 0.00, 0.00, 1.00, 0.00, 0.00, 0.00, 0.00
576,  0,  9.583,  0.98,  1, 0.11, 0.00, 1.06, 0.00, 0.78, 0.94, 0.00, 0.50, 0.55, 1.10, 0.07, 0.37, 0.00, 0.08, 0.31, 0.49, 0.01, 0.00, 0.00, 1.00, 0.00, 0.00, 1.00, 0.00, 0.00, 0.00, 1.00, 0.00, 0.00, 0.00, 1.00, 0.00, 0.00, 0.00, 0.00
577,  0,  9.600,  0.98,  1, 0.11, 0.00, 1.11, 0.00, 0.76, 0.88, 0.00, 0.46, 0.71, 1.15, 0.07, 0.47, 0.11, 0.06, 0.19, 0.61, 0.02, 0.00, 0.00, 1.00, 0.00, 0.00, 1.00, 0.00, 0.00, 0.00, 1.00, 0.00, 0.00, 0.00, 1.00, 0.00, 0.00, 0.00, 0.00
578,  0,  9.617,  0.98,  1, 0.01, 0.00, 1.22, 0.00, 0.71, 0.76, 0.00, 0.31, 0.67, 1.10, 0.04, 0.29, 0.18, 0.05, 0.07, 0.38, 0.12, 0.00, 0.00, 1.00, 0.00, 0.00, 1.00, 0.00, 0.00, 0.00, 1.00, 0.00, 0.00, 0.00, 1.00, 0.00, 0.00, 0.00, 0.00
579,  0,  9.633,  0.98,  1, 0.01, 0.00, 1.21, 0.00, 0.71, 0.74, 0.00, 0.48, 0.65, 1.25, 0.04, 0.28, 0.27, 0.09, 0.08, 0.50, 0.12, 0.00, 0.00, 1.00, 0.00, 0.00, 1.00, 0.00, 0.00, 0.00, 1.00, 0.00, 0.00, 0.00, 1.00, 0.00, 0.00, 0.00, 0.00
580,  0,  9.650,  0.98,  1, 0.00, 0.00, 1.20, 0.00, 0.73, 0.67, 0.00, 0.58, 0.61, 1.35, 0.04, 0.15, 0.15, 0.08, 0.08, 0.38, 0.11, 0.00, 0.00, 1.00, 0.00, 0.00, 1.00, 0.00, 0.00, 0.00, 1.00, 0.00, 0.00, 0.00, 1.00, 0.00, 0.00, 0.00, 0.00
581,  0,  9.667,  0.98,  1, 0.00, 0.00, 1.19, 0.00, 0.77, 0.53, 0.00, 0.54, 0.60, 1.44, 0.04, 0.28, 0.10, 0.07, 0.10, 0.38, 0.00, 0.00, 0.00, 1.00, 0.00, 0.00, 1.00, 0.00, 0.00, 0.00, 1.00, 0.00, 0.00, 0.00, 1.00, 0.00, 0.00, 0.00, 0.00
582,  0,  9.683,  0.98,  1, 0.00, 0.00, 1.17, 0.00, 0.72, 0.52, 0.01, 0.50, 0.61, 1.36, 0.00, 0.17, 0.01, 0.03, 0.14, 0.30, 0.00, 0.00, 0.00, 1.00, 0.00, 0.00, 1.00, 0.00, 0.00, 0.00, 1.00, 0.00, 0.00, 0.00, 1.00, 0.00, 0.00, 0.00, 0.00
583,  0,  9.700,  0.98,  1, 0.01, 0.00, 1.25, 0.00, 0.76, 0.88, 0.01, 0.61, 0.55, 1.25, 0.00, 0.21, 0.01, 0.03, 0.14, 0.34, 0.04, 0.00, 0.00, 1.00, 0.00, 0.00, 1.00, 0.00, 0.00, 0.00, 1.00, 0.00, 0.00, 0.00, 0.00, 0.00, 0.00, 0.00, 0.00
584,  0,  9.717,  0.98,  1, 0.01, 0.00, 1.25, 0.00, 0.75, 1.03, 0.01, 0.66, 0.55, 1.07, 0.00, 0.08, 0.03, 0.00, 0.17, 0.45, 0.04, 0.00, 0.00, 1.00, 0.00, 0.00, 1.00, 0.00, 0.00, 0.00, 1.00, 0.00, 0.00, 0.00, 0.00, 0.00, 0.00, 0.00, 0.00
585,  0,  9.733,  0.98,  1, 0.00, 0.00, 1.23, 0.00, 0.79, 0.93, 0.00, 0.49, 0.55, 1.07, 0.03, 0.18, 0.03, 0.00, 0.17, 0.51, 0.16, 0.00, 0.00, 1.00, 0.00, 0.00, 1.00, 0.00, 0.00, 0.00, 1.00, 0.00, 0.00, 0.00, 0.00, 0.00, 0.00, 0.00, 0.00
586,  0,  9.750,  0.98,  1, 0.00, 0.00, 1.14, 0.00, 0.73, 0.57, 0.00, 0.37, 0.50, 1.10, 0.03, 0.15, 0.05, 0.00, 0.17, 0.50, 0.14, 0.00, 0.00, 1.00, 0.00, 0.00, 1.00, 0.00, 0.00, 0.00, 1.00, 0.00, 0.00, 0.00, 1.00, 0.00, 0.00, 0.00, 0.00
587,  0,  9.767,  0.98,  1, 0.00, 0.00, 1.05, 0.00, 0.65, 0.51, 0.00, 0.52, 0.49, 1.12, 0.04, 0.28, 0.02, 0.00, 0.08, 0.32, 0.14, 0.00, 0.00, 1.00, 0.00, 0.00, 1.00, 0.00, 0.00, 0.00, 1.00, 0.00, 0.00, 0.00, 1.00, 0.00, 0.00, 0.00, 0.00
588,  0,  9.783,  0.98,  1, 0.00, 0.00, 1.08, 0.00, 0.62, 0.56, 0.00, 0.66, 0.53, 1.06, 0.03, 0.36, 0.04, 0.07, 0.09, 0.27, 0.15, 0.00, 0.00, 1.00, 0.00, 0.00, 1.00, 0.00, 0.00, 0.00, 1.00, 0.00, 0.00, 0.00, 1.00, 0.00, 0.00, 0.00, 0.00
589,  0,  9.800,  0.98,  1, 0.00, 0.00, 1.10, 0.00, 0.59, 0.63, 0.00, 0.66, 0.60, 1.08, 0.03, 0.35, 0.02, 0.07, 0.20, 0.26, 0.29, 0.00, 0.00, 1.00, 0.00, 0.00, 1.00, 0.00, 0.00, 0.00, 1.00, 0.00, 0.00, 0.00, 1.00, 0.00, 0.00, 0.00, 0.00
590,  0,  9.817,  0.98,  1, 0.00, 0.00, 1.18, 0.00, 0.64, 0.77, 0.01, 0.64, 0.59, 1.06, 0.06, 0.32, 0.02, 0.07, 0.22, 0.34, 0.29, 0.00, 0.00, 1.00, 0.00, 0.00, 1.00, 0.00, 0.00, 0.00, 1.00, 0.00, 0.00, 0.00, 1.00, 0.00, 0.00, 0.00, 0.00
591,  0,  9.833,  0.98,  1, 0.00, 0.00, 1.21, 0.00, 0.75, 0.90, 0.01, 0.59, 0.58, 1.12, 0.04, 0.28, 0.06, 0.01, 0.19, 0.43, 0.15, 0.00, 0.00, 1.00, 0.00, 0.00, 1.00, 0.00, 0.00, 0.00, 1.00, 0.00, 0.00, 0.00, 1.00, 0.00, 0.00, 0.00, 0.00
592,  0,  9.850,  0.98,  1, 0.07, 0.00, 1.21, 0.00, 0.74, 0.92, 0.01, 0.59, 0.57, 0.90, 0.04, 0.24, 0.06, 0.01, 0.23, 0.33, 0.13, 0.00, 0.00, 1.00, 0.00, 0.00, 1.00, 0.00, 0.00, 0.00, 1.00, 0.00, 0.00, 0.00, 1.00, 0.00, 0.00, 0.00, 0.00
593,  0,  9.867,  0.98,  1, 0.07, 0.00, 1.24, 0.00, 0.75, 0.65, 0.00, 0.49, 0.60, 0.97, 0.09, 0.33, 0.06, 0.01, 0.20, 0.35, 0.25, 0.00, 0.00, 1.00, 0.00, 0.00, 1.00, 0.00, 0.00, 0.00, 1.00, 0.00, 0.00, 0.00, 1.00, 0.00, 0.00, 0.00, 0.00
594,  0,  9.883,  0.98,  1, 0.11, 0.00, 1.24, 0.00, 0.71, 0.51, 0.00, 0.60, 0.63, 0.93, 0.09, 0.22, 0.00, 0.00, 0.14, 0.36, 0.25, 0.00, 0.00, 1.00, 0.00, 0.00, 1.00, 0.00, 0.00, 0.00, 1.00, 0.00, 0.00, 0.00, 1.00, 0.00, 0.00, 0.00, 0.00
595,  0,  9.900,  0.98,  1, 0.05, 0.00, 1.20, 0.00, 0.75, 0.69, 0.03, 0.68, 0.64, 1.21, 0.09, 0.29, 0.08, 0.00, 0.08, 0.46, 0.31, 0.00, 0.00, 1.00, 0.00, 0.00, 1.00, 0.00, 0.00, 0.00, 1.00, 0.00, 0.00, 0.00, 1.00, 0.00, 0.00, 0.00, 0.00
596,  0,  9.917,  0.98,  1, 0.05, 0.00, 1.07, 0.00, 0.69, 0.65, 0.03, 0.69, 0.65, 1.13, 0.00, 0.28, 0.14, 0.00, 0.10, 0.40, 0.19, 0.00, 0.00, 1.00, 0.00, 0.00, 1.00, 0.00, 0.00, 0.00, 1.00, 0.00, 0.00, 0.00, 1.00, 0.00, 0.00, 0.00, 0.00
597,  0,  9.933,  0.98,  1, 0.00, 0.00, 1.16, 0.00, 0.68, 0.68, 0.03, 0.70, 0.62, 1.14, 0.12, 0.38, 0.14, 0.00, 0.19, 0.30, 0.34, 0.00, 0.00, 1.00, 0.00, 0.00, 1.00, 0.00, 0.00, 0.00, 1.00, 0.00, 0.00, 0.00, 1.00, 0.00, 0.00, 0.00, 0.00
598,  0,  9.950,  0.98,  1, 0.00, 0.00, 1.34, 0.00, 0.67, 0.48, 0.00, 0.60, 0.56, 1.06, 0.12, 0.36, 0.06, 0.00, 0.12, 0.17, 0.28, 0.00, 0.00, 1.00, 0.00, 0.00, 1.00, 0.00, 0.00, 0.00, 1.00, 0.00, 0.00, 0.00, 1.00, 0.00, 0.00, 0.00, 0.00
599,  0,  9.967,  0.98,  1, 0.00, 0.00, 1.45, 0.00, 0.71, 0.49, 0.00, 0.68, 0.61, 1.16, 0.12, 0.25, 0.00, 0.00, 0.14, 0.29, 0.28, 0.00, 0.00, 1.00, 0.00, 0.00, 1.00, 0.00, 0.00, 0.00, 1.00, 0.00, 0.00, 0.00, 1.00, 0.00, 0.00, 0.00, 0.00
600,  0,  9.983,  0.98,  1, 0.00, 0.00, 1.35, 0.00, 0.77, 0.53, 0.00, 0.63, 0.67, 1.17, 0.06, 0.17, 0.00, 0.00, 0.04, 0.32, 0.23, 0.00, 0.00, 1.00, 0.00, 0.00, 1.00, 0.00, 0.00, 0.00, 1.00, 0.00, 0.00, 0.00, 1.00, 0.00, 0.00, 0.00, 0.00
601,  0,  10.000,  0.98,  1, 0.00, 0.00, 1.31, 0.00, 0.73, 0.61, 0.00, 0.71, 0.65, 1.14, 0.06, 0.30, 0.00, 0.00, 0.09, 0.50, 0.11, 0.00, 0.00, 1.00, 0.00, 0.00, 1.00, 0.00, 0.00, 0.00, 1.00, 0.00, 0.00, 0.00, 1.00, 0.00, 0.00, 0.00, 0.00
602,  0,  10.017,  0.98,  1, 0.00, 0.00, 1.27, 0.00, 0.71, 0.80, 0.00, 0.67, 0.61, 1.10, 0.06, 0.32, 0.17, 0.00, 0.05, 0.40, 0.11, 0.00, 0.00, 1.00, 0.00, 0.00, 1.00, 0.00, 0.00, 0.00, 1.00, 0.00, 0.00, 0.00, 1.00, 0.00, 0.00, 0.00, 0.00
603,  0,  10.033,  0.98,  1, 0.05, 0.00, 1.31, 0.00, 0.65, 0.99, 0.00, 0.74, 0.55, 1.20, 0.00, 0.27, 0.23, 0.00, 0.05, 0.35, 0.00, 0.00, 0.00, 1.00, 0.00, 0.00, 1.00, 0.00, 0.00, 0.00, 1.00, 0.00, 0.00, 0.00, 1.00, 0.00, 0.00, 0.00, 0.00
604,  0,  10.050,  0.98,  1, 0.18, 0.09, 1.29, 0.00, 0.65, 0.96, 0.00, 0.72, 0.67, 1.22, 0.02, 0.20, 0.23, 0.00, 0.00, 0.19, 0.00, 0.00, 0.00, 1.00, 0.00, 0.00, 1.00, 0.00, 0.00, 0.00, 1.00, 0.00, 0.00, 0.00, 1.00, 0.00, 0.00, 0.00, 0.00
605,  0,  10.067,  0.98,  1, 0.20, 0.09, 1.28, 0.00, 0.71, 0.78, 0.00, 0.81, 0.68, 1.20, 0.02, 0.30, 0.14, 0.00, 0.00, 0.29, 0.00, 0.00, 0.00, 1.00, 0.00, 0.00, 1.00, 0.00, 0.00, 0.00, 1.00, 0.00, 0.00, 0.00, 1.00, 0.00, 0.00, 0.00, 0.00
606,  0,  10.083,  0.98,  1, 0.16, 0.09, 1.24, 0.00, 0.73, 0.53, 0.00, 0.66, 0.70, 1.04, 0.04, 0.45, 0.10, 0.01, 0.00, 0.43, 0.00, 0.00, 0.00, 1.00, 0.00, 0.00, 1.00, 0.00, 0.00, 0.00, 1.00, 0.00, 0.00, 0.00, 1.00, 0.00, 0.00, 0.00, 0.00
607,  0,  10.100,  0.98,  1, 0.05, 0.00, 1.22, 0.00, 0.76, 0.56, 0.01, 0.76, 0.68, 1.07, 0.10, 0.45, 0.10, 0.01, 0.01, 0.64, 0.08, 0.00, 0.00, 1.00, 0.00, 0.00, 1.00, 0.00, 0.00, 0.00, 1.00, 0.00, 0.00, 0.00, 1.00, 0.00, 0.00, 0.00, 0.00
608,  0,  10.117,  0.98,  1, 0.03, 0.00, 1.44, 0.00, 0.75, 0.60, 0.01, 0.64, 0.67, 1.11, 0.11, 0.35, 0.02, 0.00, 0.06, 0.78, 0.09, 0.00, 0.00, 1.00, 0.00, 0.00, 1.00, 0.00, 0.00, 0.00, 1.00, 0.00, 0.00, 0.00, 1.00, 0.00, 0.00, 0.00, 0.00
609,  0,  10.133,  0.98,  1, 0.02, 0.00, 1.36, 0.00, 0.77, 0.55, 0.01, 0.87, 0.74, 1.28, 0.20, 0.31, 0.06, 0.00, 0.06, 0.64, 0.09, 0.00, 0.00, 1.00, 0.00, 0.00, 1.00, 0.00, 0.00, 0.00, 1.00, 0.00, 0.00, 0.00, 1.00, 0.00, 0.00, 0.00, 0.00
610,  0,  10.150,  0.98,  1, 0.01, 0.01, 1.38, 0.00, 0.75, 0.54, 0.00, 0.79, 0.75, 1.23, 0.12, 0.34, 0.06, 0.00, 0.05, 0.43, 0.01, 0.00, 0.00, 1.00, 0.00, 0.00, 1.00, 0.00, 0.00, 0.00, 1.00, 0.00, 0.00, 0.00, 1.00, 0.00, 0.00, 0.00, 0.00
611,  0,  10.167,  0.98,  1, 0.01, 0.01, 1.14, 0.00, 0.73, 0.48, 0.00, 0.81, 0.73, 1.14, 0.10, 0.29, 0.06, 0.00, 0.05, 0.16, 0.05, 0.00, 0.00, 1.00, 0.00, 0.00, 1.00, 0.00, 0.00, 0.00, 1.00, 0.00, 0.00, 0.00, 1.00, 0.00, 0.00, 0.00, 0.00
612,  0,  10.183,  0.98,  1, 0.03, 0.01, 1.20, 0.00, 0.76, 0.73, 0.00, 0.78, 0.66, 1.20, 0.08, 0.33, 0.10, 0.00, 0.05, 0.25, 0.05, 0.00, 0.00, 1.00, 0.00, 0.00, 1.00, 0.00, 0.00, 0.00, 1.00, 0.00, 0.00, 0.00, 1.00, 0.00, 0.00, 0.00, 0.00
613,  0,  10.200,  0.98,  1, 0.02, 0.00, 1.21, 0.00, 0.79, 0.62, 0.00, 0.72, 0.67, 1.29, 0.07, 0.27, 0.14, 0.00, 0.05, 0.35, 0.05, 0.00, 0.00, 1.00, 0.00, 0.00, 1.00, 0.00, 0.00, 0.00, 1.00, 0.00, 0.00, 0.00, 1.00, 0.00, 0.00, 0.00, 0.00
614,  0,  10.217,  0.98,  1, 0.06, 0.00, 1.15, 0.00, 0.78, 0.62, 0.00, 0.84, 0.64, 1.33, 0.27, 0.23, 0.14, 0.00, 0.00, 0.44, 0.00, 0.00, 0.00, 1.00, 0.00, 0.00, 1.00, 0.00, 0.00, 0.00, 1.00, 0.00, 0.00, 0.00, 1.00, 0.00, 0.00, 0.00, 0.00
615,  0,  10.233,  0.98,  1, 0.04, 0.00, 1.17, 0.00, 0.75, 0.36, 0.02, 0.75, 0.62, 1.20, 0.24, 0.29, 0.04, 0.00, 0.05, 0.30, 0.11, 0.00, 0.00, 1.00, 0.00, 0.00, 1.00, 0.00, 0.00, 0.00, 1.00, 0.00, 0.00, 0.00, 1.00, 0.00, 0.00, 0.00, 0.00
616,  0,  10.250,  0.98,  1, 0.11, 0.00, 1.32, 0.00, 0.75, 0.37, 0.02, 0.73, 0.59, 1.14, 0.27, 0.38, 0.05, 0.00, 0.05, 0.40, 0.11, 0.00, 0.00, 1.00, 0.00, 0.00, 1.00, 0.00, 0.00, 0.00, 1.00, 0.00, 0.00, 0.00, 1.00, 0.00, 0.00, 0.00, 0.00
617,  0,  10.267,  0.98,  1, 0.18, 0.00, 1.51, 0.00, 0.77, 0.58, 0.08, 0.64, 0.65, 1.22, 0.16, 0.47, 0.05, 0.00, 0.09, 0.34, 0.11, 0.00, 0.00, 1.00, 0.00, 0.00, 1.00, 0.00, 0.00, 0.00, 1.00, 0.00, 0.00, 0.00, 1.00, 0.00, 0.00, 0.00, 0.00
618,  0,  10.283,  0.98,  1, 0.18, 0.00, 1.42, 0.00, 0.74, 0.58, 0.07, 0.48, 0.66, 1.26, 0.25, 0.44, 0.05, 0.02, 0.04, 0.32, 0.00, 0.00, 0.00, 1.00, 0.00, 0.00, 1.00, 0.00, 0.00, 0.00, 1.00, 0.00, 0.00, 0.00, 1.00, 0.00, 0.00, 0.00, 0.00
619,  0,  10.300,  0.98,  1, 0.15, 0.00, 1.26, 0.00, 0.78, 0.55, 0.07, 0.63, 0.69, 1.19, 0.23, 0.30, 0.00, 0.02, 0.17, 0.29, 0.00, 0.00, 0.00, 1.00, 0.00, 0.00, 1.00, 0.00, 0.00, 0.00, 1.00, 0.00, 0.00, 0.00, 1.00, 0.00, 0.00, 0.00, 0.00
620,  0,  10.317,  0.98,  1, 0.06, 0.00, 1.27, 0.00, 0.92, 0.66, 0.00, 0.68, 0.70, 1.21, 0.14, 0.22, 0.09, 0.02, 0.13, 0.46, 0.00, 0.00, 0.00, 1.00, 0.00, 0.00, 1.00, 0.00, 0.00, 0.00, 1.00, 0.00, 0.00, 0.00, 1.00, 0.00, 0.00, 0.00, 0.00
621,  0,  10.333,  0.98,  1, 0.06, 0.00, 1.24, 0.04, 0.87, 0.75, 0.00, 0.71, 0.78, 1.18, 0.00, 0.14, 0.23, 0.00, 0.13, 0.54, 0.00, 0.00, 0.00, 1.00, 0.00, 0.00, 1.00, 0.00, 0.00, 0.00, 1.00, 0.00, 0.00, 0.00, 1.00, 0.00, 0.00, 0.00, 0.00
622,  0,  10.350,  0.98,  1, 0.01, 0.00, 1.29, 0.04, 0.86, 0.89, 0.00, 0.54, 0.70, 1.19, 0.00, 0.34, 0.23, 0.00, 0.00, 0.39, 0.03, 0.00, 0.00, 1.00, 0.00, 0.00, 1.00, 0.00, 0.00, 0.00, 1.00, 0.00, 0.00, 0.00, 1.00, 0.00, 0.00, 0.00, 0.00
623,  0,  10.367,  0.98,  1, 0.00, 0.00, 1.19, 0.09, 0.67, 0.68, 0.00, 0.46, 0.66, 1.09, 0.00, 0.33, 0.14, 0.00, 0.02, 0.27, 0.07, 0.00, 0.00, 1.00, 0.00, 0.00, 1.00, 0.00, 0.00, 0.00, 1.00, 0.00, 0.00, 0.00, 1.00, 0.00, 0.00, 0.00, 0.00
624,  0,  10.383,  0.98,  1, 0.00, 0.00, 1.24, 0.05, 0.67, 0.70, 0.00, 0.43, 0.54, 1.16, 0.07, 0.34, 0.01, 0.00, 0.02, 0.18, 0.11, 0.00, 0.00, 1.00, 0.00, 0.00, 1.00, 0.00, 0.00, 0.00, 1.00, 0.00, 0.00, 0.00, 1.00, 0.00, 0.00, 0.00, 0.00
625,  0,  10.400,  0.98,  1, 0.01, 0.00, 0.96, 0.07, 0.63, 0.56, 0.04, 0.43, 0.61, 1.22, 0.07, 0.21, 0.01, 0.00, 0.10, 0.18, 0.09, 0.00, 0.00, 1.00, 0.00, 0.00, 1.00, 0.00, 0.00, 0.00, 1.00, 0.00, 0.00, 0.00, 1.00, 0.00, 0.00, 0.00, 0.00
626,  0,  10.417,  0.98,  1, 0.02, 0.00, 1.06, 0.02, 0.73, 0.53, 0.05, 0.42, 0.59, 1.30, 0.07, 0.21, 0.07, 0.00, 0.16, 0.18, 0.14, 0.00, 0.00, 1.00, 0.00, 0.00, 1.00, 0.00, 0.00, 0.00, 1.00, 0.00, 0.00, 0.00, 1.00, 0.00, 0.00, 0.00, 0.00
627,  0,  10.433,  0.98,  1, 0.02, 0.00, 1.11, 0.02, 0.74, 0.66, 0.05, 0.51, 0.65, 1.16, 0.00, 0.09, 0.17, 0.00, 0.16, 0.19, 0.10, 0.00, 0.00, 1.00, 0.00, 0.00, 1.00, 0.00, 0.00, 0.00, 1.00, 0.00, 0.00, 0.00, 1.00, 0.00, 0.00, 0.00, 0.00
628,  0,  10.450,  0.98,  1, 0.01, 0.00, 1.21, 0.00, 0.75, 0.77, 0.01, 0.54, 0.58, 1.17, 0.00, 0.01, 0.18, 0.01, 0.28, 0.24, 0.14, 0.00, 0.00, 1.00, 0.00, 0.00, 1.00, 0.00, 0.00, 0.00, 1.00, 0.00, 0.00, 0.00, 1.00, 0.00, 0.00, 0.00, 0.00
629,  0,  10.467,  0.98,  1, 0.02, 0.00, 1.04, 0.00, 0.76, 0.88, 0.01, 0.61, 0.66, 1.00, 0.04, 0.01, 0.11, 0.01, 0.20, 0.29, 0.04, 0.00, 0.00, 1.00, 0.00, 0.00, 1.00, 0.00, 0.00, 0.00, 1.00, 0.00, 0.00, 0.00, 1.00, 0.00, 0.00, 0.00, 0.00
630,  0,  10.483,  0.98,  1, 0.02, 0.00, 0.99, 0.00, 0.85, 0.62, 0.00, 0.64, 0.69, 1.10, 0.12, 0.11, 0.01, 0.01, 0.20, 0.48, 0.04, 0.00, 0.00, 1.00, 0.00, 0.00, 1.00, 0.00, 0.00, 0.00, 1.00, 0.00, 0.00, 0.00, 1.00, 0.00, 0.00, 0.00, 0.00
631,  0,  10.500,  0.98,  1, 0.02, 0.00, 1.12, 0.00, 0.91, 0.59, 0.00, 0.70, 0.73, 1.01, 0.16, 0.14, 0.04, 0.00, 0.00, 0.59, 0.00, 0.00, 0.00, 1.00, 0.00, 0.00, 1.00, 0.00, 0.00, 0.00, 1.00, 0.00, 0.00, 0.00, 1.00, 0.00, 0.00, 0.00, 0.00
632,  0,  10.517,  0.98,  1, 0.00, 0.00, 0.94, 0.00, 0.81, 0.67, 0.00, 0.63, 0.65, 1.13, 0.13, 0.22, 0.04, 0.00, 0.07, 0.59, 0.00, 0.00, 0.00, 1.00, 0.00, 0.00, 1.00, 0.00, 0.00, 0.00, 1.00, 0.00, 0.00, 0.00, 1.00, 0.00, 0.00, 0.00, 0.00
633,  0,  10.533,  0.98,  1, 0.03, 0.00, 0.99, 0.00, 0.76, 0.89, 0.00, 0.56, 0.66, 1.14, 0.10, 0.19, 0.07, 0.00, 0.07, 0.57, 0.00, 0.00, 0.00, 1.00, 0.00, 0.00, 1.00, 0.00, 0.00, 0.00, 1.00, 0.00, 0.00, 0.00, 1.00, 0.00, 0.00, 0.00, 0.00
634,  0,  10.550,  0.98,  1, 0.03, 0.00, 0.89, 0.00, 0.75, 1.00, 0.09, 0.45, 0.66, 1.09, 0.06, 0.21, 0.05, 0.00, 0.13, 0.44, 0.06, 0.00, 0.00, 1.00, 0.00, 0.00, 1.00, 0.00, 0.00, 0.00, 1.00, 0.00, 0.00, 0.00, 1.00, 0.00, 0.00, 0.00, 0.00
635,  0,  10.567,  0.98,  1, 0.03, 0.00, 1.13, 0.00, 0.78, 0.84, 0.09, 0.38, 0.66, 1.02, 0.09, 0.13, 0.05, 0.00, 0.15, 0.27, 0.06, 0.00, 0.00, 1.00, 0.00, 0.00, 1.00, 0.00, 0.00, 0.00, 1.00, 0.00, 0.00, 0.00, 1.00, 0.00, 0.00, 0.00, 0.00
636,  0,  10.583,  0.98,  1, 0.14, 0.04, 1.27, 0.18, 0.75, 0.86, 0.09, 0.41, 0.64, 0.98, 0.03, 0.24, 0.09, 0.00, 0.23, 0.15, 0.06, 0.00, 0.00, 1.00, 0.00, 0.00, 1.00, 0.00, 0.00, 0.00, 1.00, 0.00, 0.00, 0.00, 1.00, 0.00, 0.00, 0.00, 0.00
637,  0,  10.600,  0.98,  1, 0.18, 0.04, 1.28, 0.18, 0.76, 0.92, 0.00, 0.48, 0.63, 1.18, 0.03, 0.23, 0.07, 0.03, 0.25, 0.32, 0.00, 0.00, 0.00, 1.00, 0.00, 0.00, 1.00, 0.00, 0.00, 0.00, 1.00, 0.00, 0.00, 0.00, 1.00, 0.00, 0.00, 0.00, 0.00
638,  0,  10.617,  0.98,  1, 0.18, 0.04, 1.33, 0.29, 0.71, 1.07, 0.00, 0.60, 0.69, 1.36, 0.00, 0.36, 0.07, 0.07, 0.18, 0.46, 0.00, 0.00, 0.00, 1.00, 0.00, 0.00, 1.00, 0.00, 0.00, 0.00, 1.00, 0.00, 0.00, 0.00, 1.00, 0.00, 0.00, 0.00, 0.00
639,  0,  10.633,  0.98,  1, 0.04, 0.00, 1.16, 0.22, 0.74, 1.02, 0.00, 0.62, 0.67, 1.28, 0.00, 0.33, 0.01, 0.07, 0.10, 0.56, 0.00, 0.00, 0.00, 1.00, 0.00, 0.00, 1.00, 0.00, 0.00, 0.00, 1.00, 0.00, 0.00, 0.00, 1.00, 0.00, 0.00, 0.00, 0.00
640,  0,  10.650,  0.98,  1, 0.00, 0.00, 1.12, 0.22, 0.68, 1.19, 0.00, 0.52, 0.71, 1.10, 0.00, 0.38, 0.00, 0.04, 0.02, 0.33, 0.02, 0.00, 0.00, 1.00, 0.00, 0.00, 1.00, 0.00, 0.00, 0.00, 1.00, 0.00, 0.00, 0.00, 1.00, 0.00, 0.00, 0.00, 0.00
641,  0,  10.667,  0.98,  1, 0.05, 0.00, 1.15, 0.12, 0.84, 1.16, 0.02, 0.44, 0.71, 1.03, 0.00, 0.27, 0.06, 0.00, 0.12, 0.45, 0.02, 0.00, 0.00, 1.00, 0.00, 0.00, 1.00, 0.00, 0.00, 0.00, 1.00, 0.00, 0.00, 0.00, 1.00, 0.00, 0.00, 0.00, 0.00
642,  0,  10.683,  0.98,  1, 0.14, 0.01, 1.17, 0.00, 0.85, 0.95, 0.02, 0.35, 0.70, 1.05, 0.00, 0.12, 0.11, 0.00, 0.16, 0.50, 0.02, 0.00, 0.00, 1.00, 0.00, 0.00, 1.00, 0.00, 0.00, 0.00, 1.00, 0.00, 0.00, 0.00, 1.00, 0.00, 0.00, 0.00, 0.00
643,  0,  10.700,  0.98,  1, 0.22, 0.01, 1.30, 0.00, 0.81, 0.63, 0.02, 0.30, 0.61, 1.21, 0.00, 0.02, 0.11, 0.00, 0.19, 0.61, 0.00, 0.00, 0.00, 1.00, 0.00, 0.00, 1.00, 0.00, 0.00, 0.00, 1.00, 0.00, 0.00, 0.00, 1.00, 0.00, 0.00, 0.00, 0.00
644,  0,  10.717,  0.98,  1, 0.17, 0.01, 1.27, 0.00, 0.74, 0.51, 0.01, 0.35, 0.55, 1.16, 0.00, 0.12, 0.05, 0.00, 0.07, 0.45, 0.00, 0.00, 0.00, 1.00, 0.00, 0.00, 1.00, 0.00, 0.00, 0.00, 1.00, 0.00, 0.00, 0.00, 1.00, 0.00, 0.00, 0.00, 0.00
645,  0,  10.733,  0.98,  1, 0.08, 0.00, 1.20, 0.00, 0.70, 0.43, 0.01, 0.50, 0.55, 1.26, 0.02, 0.15, 0.00, 0.00, 0.08, 0.40, 0.08, 0.00, 0.00, 1.00, 0.00, 0.00, 1.00, 0.00, 0.00, 0.00, 1.00, 0.00, 0.00, 0.00, 1.00, 0.00, 0.00, 0.00, 0.00
646,  0,  10.750,  0.98,  1, 0.01, 0.00, 1.20, 0.00, 0.77, 0.21, 0.01, 0.70, 0.63, 1.15, 0.02, 0.29, 0.00, 0.03, 0.07, 0.41, 0.08, 0.00, 0.00, 1.00, 0.00, 0.00, 1.00, 0.00, 0.00, 0.00, 1.00, 0.00, 0.00, 0.00, 1.00, 0.00, 0.00, 0.00, 0.00
647,  0,  10.767,  0.98,  1, 0.01, 0.00, 1.15, 0.02, 0.79, 0.12, 0.00, 0.67, 0.66, 1.37, 0.02, 0.16, 0.05, 0.03, 0.14, 0.31, 0.08, 0.00, 0.00, 1.00, 0.00, 0.00, 1.00, 0.00, 0.00, 0.00, 1.00, 0.00, 0.00, 0.00, 1.00, 0.00, 0.00, 0.00, 0.00
648,  0,  10.783,  0.98,  1, 0.01, 0.00, 1.21, 0.02, 0.85, 0.37, 0.00, 0.72, 0.70, 1.37, 0.16, 0.28, 0.08, 0.03, 0.14, 0.11, 0.00, 0.00, 0.00, 1.00, 0.00, 0.00, 1.00, 0.00, 0.00, 0.00, 1.00, 0.00, 0.00, 0.00, 1.00, 0.00, 0.00, 0.00, 0.00
649,  0,  10.800,  0.98,  1, 0.00, 0.00, 1.09, 0.02, 0.86, 0.50, 0.00, 0.70, 0.68, 1.51, 0.16, 0.14, 0.07, 0.00, 0.19, 0.07, 0.00, 0.00, 0.00, 1.00, 0.00, 0.00, 1.00, 0.00, 0.00, 0.00, 1.00, 0.00, 0.00, 0.00, 1.00, 0.00, 0.00, 0.00, 0.00
650,  0,  10.817,  0.98,  1, 0.05, 0.00, 1.19, 0.00, 0.86, 0.46, 0.00, 0.79, 0.69, 1.32, 0.16, 0.16, 0.03, 0.00, 0.12, 0.15, 0.00, 0.00, 0.00, 1.00, 0.00, 0.00, 1.00, 0.00, 0.00, 0.00, 1.00, 0.00, 0.00, 0.00, 1.00, 0.00, 0.00, 0.00, 0.00
651,  0,  10.833,  0.98,  1, 0.05, 0.00, 1.13, 0.00, 0.86, 0.39, 0.00, 0.71, 0.63, 1.30, 0.06, 0.10, 0.00, 0.00, 0.07, 0.25, 0.00, 0.00, 0.00, 1.00, 0.00, 0.00, 1.00, 0.00, 0.00, 0.00, 1.00, 0.00, 0.00, 0.00, 1.00, 0.00, 0.00, 0.00, 0.00
652,  0,  10.850,  0.98,  1, 0.05, 0.00, 1.06, 0.00, 0.86, 0.49, 0.00, 0.74, 0.62, 1.21, 0.06, 0.12, 0.00, 0.00, 0.11, 0.22, 0.16, 0.00, 0.00, 1.00, 0.00, 0.00, 1.00, 0.00, 0.00, 0.00, 1.00, 0.00, 0.00, 0.00, 1.00, 0.00, 0.00, 0.00, 0.00
653,  0,  10.867,  0.98,  1, 0.00, 0.08, 1.10, 0.00, 0.86, 0.61, 0.00, 0.66, 0.64, 1.31, 0.11, 0.16, 0.10, 0.00, 0.26, 0.20, 0.16, 0.00, 0.00, 1.00, 0.00, 0.00, 1.00, 0.00, 0.00, 0.00, 1.00, 0.00, 0.00, 0.00, 1.00, 0.00, 0.00, 0.00, 0.00
654,  0,  10.883,  0.98,  1, 0.04, 0.08, 1.17, 0.00, 0.81, 0.43, 0.00, 0.59, 0.67, 1.24, 0.10, 0.13, 0.13, 0.00, 0.34, 0.23, 0.21, 0.00, 0.00, 1.00, 0.00, 0.00, 1.00, 0.00, 0.00, 0.00, 1.00, 0.00, 0.00, 0.00, 1.00, 0.00, 0.00, 0.00, 0.00
655,  0,  10.900,  0.98,  1, 0.04, 0.08, 1.28, 0.00, 0.80, 0.35, 0.00, 0.53, 0.65, 1.19, 0.10, 0.11, 0.13, 0.00, 0.37, 0.44, 0.15, 0.00, 0.00, 1.00, 0.00, 0.00, 1.00, 0.00, 0.00, 0.00, 1.00, 0.00, 0.00, 0.00, 1.00, 0.00, 0.00, 0.00, 0.00
656,  0,  10.917,  0.98,  1, 0.04, 0.00, 1.06, 0.00, 0.82, 0.32, 0.00, 0.60, 0.65, 1.12, 0.05, 0.08, 0.03, 0.00, 0.28, 0.39, 0.17, 0.00, 0.00, 1.00, 0.00, 0.00, 1.00, 0.00, 0.00, 0.00, 1.00, 0.00, 0.00, 0.00, 1.00, 0.00, 0.00, 0.00, 0.00
657,  0,  10.933,  0.98,  1, 0.08, 0.00, 1.00, 0.00, 0.90, 0.48, 0.00, 0.69, 0.70, 1.22, 0.03, 0.10, 0.12, 0.00, 0.37, 0.48, 0.16, 0.00, 0.00, 1.00, 0.00, 0.00, 1.00, 0.00, 0.00, 0.00, 1.00, 0.00, 0.00, 0.00, 1.00, 0.00, 0.00, 0.00, 0.00
658,  0,  10.950,  0.98,  1, 0.08, 0.00, 0.97, 0.00, 0.89, 0.43, 0.00, 0.68, 0.80, 1.22, 0.03, 0.10, 0.12, 0.01, 0.22, 0.38, 0.07, 0.00, 0.00, 1.00, 0.00, 0.00, 1.00, 0.00, 0.00, 0.00, 1.00, 0.00, 0.00, 0.00, 1.00, 0.00, 0.00, 0.00, 0.00
659,  0,  10.967,  0.98,  1, 0.08, 0.00, 1.08, 0.00, 0.90, 0.61, 0.00, 0.84, 0.80, 1.24, 0.02, 0.24, 0.17, 0.01, 0.16, 0.49, 0.07, 0.00, 0.00, 1.00, 0.00, 0.00, 1.00, 0.00, 0.00, 0.00, 1.00, 0.00, 0.00, 0.00, 1.00, 0.00, 0.00, 0.00, 0.00
660,  0,  10.983,  0.98,  1, 0.00, 0.00, 0.98, 0.00, 0.93, 0.52, 0.00, 0.84, 0.78, 1.18, 0.00, 0.36, 0.05, 0.01, 0.00, 0.32, 0.03, 0.00, 0.00, 1.00, 0.00, 0.00, 1.00, 0.00, 0.00, 0.00, 1.00, 0.00, 0.00, 0.00, 1.00, 0.00, 0.00, 0.00, 0.00
661,  0,  11.000,  0.98,  1, 0.01, 0.00, 0.89, 0.00, 0.95, 0.43, 0.00, 0.87, 0.77, 1.34, 0.00, 0.49, 0.12, 0.00, 0.00, 0.27, 0.11, 0.00, 0.00, 1.00, 0.00, 0.00, 0.00, 0.00, 0.00, 0.00, 1.00, 0.00, 0.00, 0.00, 1.00, 0.00, 0.00, 0.00, 0.00
662,  0,  11.017,  0.98,  1, 0.01, 0.00, 0.94, 0.00, 0.87, 0.41, 0.00, 0.64, 0.74, 1.27, 0.00, 0.49, 0.07, 0.00, 0.04, 0.24, 0.17, 0.00, 0.00, 1.00, 0.00, 0.00, 1.00, 0.00, 0.00, 0.00, 1.00, 0.00, 0.00, 0.00, 1.00, 0.00, 0.00, 0.00, 0.00
663,  0,  11.033,  0.98,  1, 0.01, 0.00, 1.07, 0.01, 0.83, 0.42, 0.00, 0.63, 0.74, 1.26, 0.00, 0.31, 0.27, 0.00, 0.06, 0.29, 0.18, 0.00, 0.00, 1.00, 0.00, 0.00, 1.00, 0.00, 0.00, 0.00, 1.00, 0.00, 1.00, 0.00, 1.00, 0.00, 0.00, 0.00, 0.00
664,  0,  11.050,  0.98,  1, 0.08, 0.00, 1.20, 0.04, 0.77, 0.60, 0.00, 0.60, 0.70, 1.18, 0.01, 0.25, 0.19, 0.00, 0.06, 0.24, 0.17, 0.00, 0.00, 1.00, 0.00, 0.00, 1.00, 0.00, 0.00, 0.00, 1.00, 0.00, 0.00, 0.00, 1.00, 0.00, 0.00, 0.00, 0.00
665,  0,  11.067,  0.98,  1, 0.08, 0.00, 1.15, 0.04, 0.80, 0.56, 0.00, 0.66, 0.67, 1.29, 0.01, 0.25, 0.19, 0.00, 0.02, 0.29, 0.08, 0.00, 0.00, 1.00, 0.00, 0.00, 1.00, 0.00, 0.00, 0.00, 1.00, 0.00, 0.00, 0.00, 1.00, 0.00, 0.00, 0.00, 0.00
666,  0,  11.083,  0.98,  1, 0.08, 0.00, 1.19, 0.04, 0.76, 0.67, 0.00, 0.68, 0.69, 1.32, 0.01, 0.34, 0.00, 0.00, 0.00, 0.30, 0.07, 0.00, 0.00, 1.00, 0.00, 0.00, 1.00, 0.00, 0.00, 0.00, 1.00, 0.00, 0.00, 0.00, 1.00, 0.00, 0.00, 0.00, 0.00
667,  0,  11.100,  0.98,  1, 0.00, 0.00, 1.21, 0.01, 0.83, 0.67, 0.00, 0.57, 0.67, 1.37, 0.00, 0.31, 0.00, 0.00, 0.13, 0.29, 0.00, 0.00, 0.00, 1.00, 0.00, 0.00, 0.00, 0.00, 0.00, 0.00, 1.00, 0.00, 0.00, 0.00, 1.00, 0.00, 0.00, 0.00, 0.00
668,  0,  11.117,  0.98,  1, 0.02, 0.00, 1.22, 0.01, 0.87, 0.42, 0.00, 0.58, 0.72, 1.29, 0.02, 0.22, 0.04, 0.01, 0.18, 0.29, 0.00, 0.00, 0.00, 1.00, 0.00, 0.00, 1.00, 0.00, 0.00, 0.00, 1.00, 0.00, 0.00, 0.00, 1.00, 0.00, 0.00, 0.00, 0.00
669,  0,  11.133,  0.98,  1, 0.01, 0.00, 1.26, 0.00, 0.86, 0.48, 0.00, 0.63, 0.75, 1.28, 0.02, 0.13, 0.05, 0.01, 0.18, 0.25, 0.00, 0.00, 0.00, 1.00, 0.00, 0.00, 1.00, 0.00, 0.00, 0.00, 1.00, 0.00, 0.00, 0.00, 1.00, 0.00, 0.00, 0.00, 0.00
670,  0,  11.150,  0.98,  1, 0.02, 0.00, 1.19, 0.00, 0.81, 0.36, 0.00, 0.76, 0.74, 1.22, 0.02, 0.14, 0.05, 0.01, 0.14, 0.30, 0.00, 0.00, 0.00, 1.00, 0.00, 0.00, 0.00, 0.00, 0.00, 0.00, 1.00, 0.00, 0.00, 0.00, 1.00, 0.00, 0.00, 0.00, 0.00
671,  0,  11.167,  0.98,  1, 0.01, 0.00, 1.22, 0.00, 0.76, 0.45, 0.00, 0.67, 0.74, 1.25, 0.00, 0.10, 0.01, 0.00, 0.09, 0.25, 0.02, 0.00, 0.00, 1.00, 0.00, 0.00, 0.00, 0.00, 0.00, 0.00, 1.00, 0.00, 0.00, 0.00, 1.00, 0.00, 0.00, 0.00, 0.00
672,  0,  11.183,  0.98,  1, 0.01, 0.00, 1.08, 0.00, 0.78, 0.26, 0.00, 0.46, 0.70, 1.34, 0.00, 0.22, 0.19, 0.00, 0.09, 0.20, 0.02, 0.00, 0.00, 1.00, 0.00, 0.00, 1.00, 0.00, 0.00, 0.00, 1.00, 0.00, 0.00, 0.00, 1.00, 0.00, 0.00, 0.00, 0.00
673,  0,  11.200,  0.98,  1, 0.00, 0.05, 1.17, 0.00, 0.76, 0.46, 0.00, 0.42, 0.74, 1.34, 0.00, 0.17, 0.19, 0.00, 0.06, 0.09, 0.02, 0.00, 0.00, 1.00, 0.00, 0.00, 1.00, 0.00, 0.00, 0.00, 1.00, 0.00, 0.00, 0.00, 1.00, 0.00, 0.00, 0.00, 0.00
674,  0,  11.217,  0.98,  1, 0.00, 0.05, 1.01, 0.00, 0.80, 0.52, 0.00, 0.41, 0.73, 1.28, 0.00, 0.14, 0.21, 0.00, 0.22, 0.08, 0.00, 0.00, 0.00, 1.00, 0.00, 0.00, 1.00, 0.00, 0.00, 0.00, 1.00, 0.00, 0.00, 0.00, 1.00, 0.00, 0.00, 0.00, 0.00
675,  0,  11.233,  0.98,  1, 0.00, 0.05, 1.06, 0.00, 0.88, 0.82, 0.00, 0.43, 0.64, 1.20, 0.00, 0.20, 0.02, 0.04, 0.22, 0.21, 0.00, 0.00, 0.00, 1.00, 0.00, 0.00, 1.00, 0.00, 0.00, 0.00, 1.00, 0.00, 0.00, 0.00, 1.00, 0.00, 0.00, 0.00, 0.00
676,  0,  11.250,  0.98,  1, 0.00, 0.00, 0.99, 0.13, 0.89, 0.70, 0.00, 0.45, 0.61, 1.15, 0.05, 0.18, 0.10, 0.04, 0.24, 0.32, 0.02, 0.00, 0.00, 1.00, 0.00, 0.00, 1.00, 0.00, 0.00, 0.00, 1.00, 0.00, 0.00, 0.00, 1.00, 0.00, 0.00, 0.00, 0.00
677,  0,  11.267,  0.98,  1, 0.06, 0.00, 1.16, 0.22, 0.85, 0.87, 0.00, 0.44, 0.56, 1.12, 0.05, 0.29, 0.20, 0.04, 0.10, 0.26, 0.02, 0.00, 0.00, 1.00, 0.00, 0.00, 1.00, 0.00, 0.00, 0.00, 1.00, 0.00, 0.00, 0.00, 1.00, 0.00, 0.00, 0.00, 0.00
678,  0,  11.283,  0.98,  1, 0.07, 0.00, 1.25, 0.22, 0.81, 0.69, 0.01, 0.40, 0.61, 1.20, 0.05, 0.24, 0.27, 0.00, 0.10, 0.23, 0.02, 0.00, 0.00, 1.00, 0.00, 0.00, 1.00, 0.00, 0.00, 0.00, 1.00, 0.00, 0.00, 0.00, 1.00, 0.00, 0.00, 0.00, 0.00
679,  0,  11.300,  0.98,  1, 0.11, 0.00, 1.21, 0.09, 0.81, 0.67, 0.01, 0.41, 0.63, 1.20, 0.02, 0.32, 0.27, 0.00, 0.08, 0.27, 0.00, 0.00, 0.00, 1.00, 0.00, 0.00, 1.00, 0.00, 0.00, 0.00, 1.00, 0.00, 0.00, 0.00, 1.00, 0.00, 0.00, 0.00, 0.00
680,  0,  11.317,  0.98,  1, 0.05, 0.00, 1.09, 0.00, 0.83, 0.55, 0.01, 0.42, 0.65, 1.18, 0.02, 0.37, 0.16, 0.00, 0.13, 0.45, 0.16, 0.00, 0.00, 1.00, 0.00, 0.00, 1.00, 0.00, 0.00, 0.00, 1.00, 0.00, 0.00, 0.00, 1.00, 0.00, 0.00, 0.00, 0.00
681,  0,  11.333,  0.98,  1, 0.03, 0.00, 1.05, 0.00, 0.81, 0.60, 0.00, 0.47, 0.69, 1.11, 0.02, 0.35, 0.10, 0.00, 0.20, 0.32, 0.16, 0.00, 0.00, 1.00, 0.00, 0.00, 1.00, 0.00, 0.00, 0.00, 1.00, 0.00, 0.00, 0.00, 1.00, 0.00, 0.00, 0.00, 0.00
682,  0,  11.350,  0.98,  1, 0.00, 0.00, 1.01, 0.00, 0.83, 0.72, 0.00, 0.44, 0.68, 1.08, 0.00, 0.33, 0.05, 0.00, 0.16, 0.26, 0.19, 0.00, 0.00, 1.00, 0.00, 0.00, 1.00, 0.00, 0.00, 0.00, 1.00, 0.00, 0.00, 0.00, 1.00, 0.00, 0.00, 0.00, 0.00
683,  0,  11.367,  0.98,  1, 0.00, 0.00, 1.03, 0.00, 0.80, 0.50, 0.00, 0.36, 0.69, 1.20, 0.00, 0.30, 0.09, 0.00, 0.09, 0.08, 0.04, 0.00, 0.00, 1.00, 0.00, 0.00, 1.00, 0.00, 0.00, 0.00, 1.00, 0.00, 0.00, 0.00, 1.00, 0.00, 0.00, 0.00, 0.00
684,  0,  11.383,  0.98,  1, 0.00, 0.00, 1.10, 0.00, 0.85, 0.31, 0.00, 0.52, 0.68, 1.18, 0.00, 0.37, 0.08, 0.02, 0.02, 0.13, 0.04, 0.00, 0.00, 1.00, 0.00, 0.00, 1.00, 0.00, 0.00, 0.00, 1.00, 0.00, 0.00, 0.00, 1.00, 0.00, 0.00, 0.00, 0.00
685,  0,  11.400,  0.98,  1, 0.00, 0.00, 1.15, 0.00, 0.80, 0.03, 0.00, 0.62, 0.66, 1.39, 0.00, 0.44, 0.21, 0.05, 0.01, 0.14, 0.03, 0.00, 0.00, 1.00, 0.00, 0.00, 1.00, 0.00, 0.00, 0.00, 1.00, 0.00, 0.00, 0.00, 1.00, 0.00, 0.00, 0.00, 0.00
686,  0,  11.417,  0.98,  1, 0.00, 0.00, 1.20, 0.00, 0.87, 0.40, 0.00, 0.63, 0.66, 1.40, 0.00, 0.32, 0.34, 0.05, 0.01, 0.22, 0.03, 0.00, 0.00, 1.00, 0.00, 0.00, 1.00, 0.00, 0.00, 0.00, 1.00, 0.00, 0.00, 0.00, 1.00, 0.00, 0.00, 0.00, 0.00
687,  0,  11.433,  0.98,  1, 0.03, 0.00, 1.16, 0.00, 0.88, 0.70, 0.00, 0.57, 0.67, 1.39, 0.00, 0.20, 0.35, 0.02, 0.17, 0.37, 0.05, 0.00, 0.00, 1.00, 0.00, 0.00, 0.00, 0.00, 0.00, 0.00, 1.00, 0.00, 0.00, 0.00, 1.00, 0.00, 0.00, 0.00, 0.00
688,  0,  11.450,  0.98,  1, 0.03, 0.00, 1.13, 0.00, 0.89, 0.90, 0.00, 0.60, 0.66, 1.15, 0.00, 0.07, 0.18, 0.00, 0.16, 0.32, 0.02, 0.00, 0.00, 1.00, 0.00, 0.00, 1.00, 0.00, 0.00, 0.00, 1.00, 0.00, 0.00, 0.00, 1.00, 0.00, 0.00, 0.00, 0.00
689,  0,  11.467,  0.98,  1, 0.03, 0.00, 1.13, 0.00, 0.79, 0.65, 0.00, 0.70, 0.70, 1.25, 0.00, 0.14, 0.01, 0.01, 0.16, 0.40, 0.02, 0.00, 0.00, 1.00, 0.00, 0.00, 1.00, 0.00, 0.00, 0.00, 1.00, 0.00, 0.00, 0.00, 1.00, 0.00, 0.00, 0.00, 0.00
690,  0,  11.483,  0.98,  1, 0.00, 0.00, 1.10, 0.00, 0.78, 0.39, 0.00, 0.76, 0.74, 1.33, 0.09, 0.08, 0.10, 0.01, 0.07, 0.38, 0.00, 0.00, 0.00, 1.00, 0.00, 0.00, 1.00, 0.00, 0.00, 0.00, 1.00, 0.00, 0.00, 0.00, 1.00, 0.00, 0.00, 0.00, 0.00
691,  0,  11.500,  0.98,  1, 0.00, 0.00, 1.10, 0.00, 0.87, 0.29, 0.00, 0.72, 0.81, 1.41, 0.09, 0.19, 0.12, 0.08, 0.14, 0.40, 0.00, 0.00, 0.00, 1.00, 0.00, 0.00, 1.00, 0.00, 0.00, 0.00, 1.00, 0.00, 0.00, 0.00, 1.00, 0.00, 0.00, 0.00, 0.00
692,  0,  11.517,  0.98,  1, 0.01, 0.00, 1.10, 0.00, 0.90, 0.17, 0.00, 0.78, 0.84, 1.22, 0.14, 0.17, 0.24, 0.07, 0.14, 0.44, 0.00, 0.00, 0.00, 1.00, 0.00, 0.00, 1.00, 0.00, 0.00, 0.00, 1.00, 0.00, 0.00, 0.00, 1.00, 0.00, 0.00, 0.00, 0.00
693,  0,  11.533,  0.98,  1, 0.01, 0.00, 1.09, 0.05, 0.90, 0.57, 0.00, 0.71, 0.81, 1.24, 0.05, 0.18, 0.24, 0.08, 0.16, 0.32, 0.00, 0.00, 0.00, 1.00, 0.00, 0.00, 1.00, 0.00, 0.00, 0.00, 1.00, 0.00, 0.00, 0.00, 1.00, 0.00, 0.00, 0.00, 0.00
694,  0,  11.550,  0.98,  1, 0.01, 0.00, 1.17, 0.05, 0.83, 0.65, 0.00, 0.69, 0.75, 1.34, 0.05, 0.17, 0.25, 0.01, 0.10, 0.28, 0.00, 0.00, 0.00, 1.00, 0.00, 0.00, 1.00, 0.00, 0.00, 0.00, 1.00, 0.00, 0.00, 0.00, 1.00, 0.00, 0.00, 0.00, 0.00
695,  0,  11.567,  0.98,  1, 0.00, 0.00, 1.03, 0.05, 0.77, 0.79, 0.00, 0.58, 0.77, 1.25, 0.05, 0.22, 0.14, 0.01, 0.20, 0.21, 0.03, 0.00, 0.00, 1.00, 0.00, 0.00, 1.00, 0.00, 0.00, 0.00, 1.00, 0.00, 0.00, 0.00, 1.00, 0.00, 0.00, 0.00, 0.00
696,  0,  11.583,  0.98,  1, 0.00, 0.00, 0.97, 0.00, 0.75, 0.60, 0.00, 0.56, 0.73, 1.15, 0.05, 0.20, 0.04, 0.00, 0.15, 0.39, 0.03, 0.00, 0.00, 1.00, 0.00, 0.00, 1.00, 0.00, 0.00, 0.00, 1.00, 0.00, 0.00, 0.00, 1.00, 0.00, 0.00, 0.00, 0.00
697,  0,  11.600,  0.98,  1, 0.01, 0.00, 0.94, 0.03, 0.80, 0.66, 0.00, 0.64, 0.76, 1.19, 0.05, 0.21, 0.12, 0.02, 0.15, 0.46, 0.03, 0.00, 0.00, 1.00, 0.00, 0.00, 1.00, 0.00, 0.00, 0.00, 1.00, 0.00, 0.00, 0.00, 1.00, 0.00, 0.00, 0.00, 0.00
698,  0,  11.617,  0.98,  1, 0.06, 0.00, 1.14, 0.03, 0.82, 0.52, 0.00, 0.63, 0.69, 1.34, 0.00, 0.10, 0.12, 0.03, 0.13, 0.34, 0.00, 0.00, 0.00, 1.00, 0.00, 0.00, 0.00, 0.00, 0.00, 0.00, 1.00, 0.00, 0.00, 0.00, 1.00, 0.00, 0.00, 0.00, 0.00
699,  0,  11.633,  0.98,  1, 0.06, 0.00, 1.11, 0.03, 0.75, 0.42, 0.01, 0.72, 0.70, 1.31, 0.00, 0.10, 0.17, 0.04, 0.10, 0.16, 0.00, 0.00, 0.00, 1.00, 0.00, 0.00, 0.00, 0.00, 0.00, 0.00, 1.00, 0.00, 0.00, 0.00, 1.00, 0.00, 0.00, 0.00, 0.00
700,  0,  11.650,  0.98,  1, 0.06, 0.00, 1.00, 0.00, 0.71, 0.45, 0.01, 0.55, 0.71, 1.11, 0.00, 0.03, 0.16, 0.03, 0.17, 0.06, 0.00, 0.00, 0.00, 1.00, 0.00, 0.00, 1.00, 0.00, 0.00, 0.00, 1.00, 0.00, 0.00, 0.00, 1.00, 0.00, 0.00, 0.00, 0.00
701,  0,  11.667,  0.98,  1, 0.01, 0.00, 0.86, 0.00, 0.76, 0.55, 0.01, 0.76, 0.75, 1.18, 0.00, 0.08, 0.25, 0.02, 0.09, 0.28, 0.00, 0.00, 0.00, 1.00, 0.00, 0.00, 1.00, 0.00, 0.00, 0.00, 1.00, 0.00, 0.00, 0.00, 1.00, 0.00, 0.00, 0.00, 0.00
702,  0,  11.683,  0.98,  1, 0.01, 0.00, 0.96, 0.04, 0.80, 0.55, 0.00, 0.55, 0.72, 1.18, 0.01, 0.18, 0.19, 0.02, 0.06, 0.30, 0.00, 0.00, 0.00, 1.00, 0.00, 0.00, 1.00, 0.00, 0.00, 0.00, 1.00, 0.00, 0.00, 0.00, 1.00, 0.00, 0.00, 0.00, 0.00
703,  0,  11.700,  0.98,  1, 0.00, 0.00, 1.09, 0.04, 0.85, 0.52, 0.01, 0.59, 0.76, 1.35, 0.01, 0.16, 0.13, 0.02, 0.14, 0.39, 0.00, 0.00, 0.00, 1.00, 0.00, 0.00, 1.00, 0.00, 0.00, 0.00, 1.00, 0.00, 0.00, 0.00, 1.00, 0.00, 0.00, 0.00, 0.00
704,  0,  11.717,  0.98,  1, 0.00, 0.00, 1.09, 0.04, 0.86, 0.41, 0.01, 0.46, 0.77, 1.13, 0.01, 0.12, 0.04, 0.03, 0.17, 0.29, 0.00, 0.00, 0.00, 1.00, 0.00, 0.00, 1.00, 0.00, 0.00, 0.00, 1.00, 0.00, 0.00, 0.00, 1.00, 0.00, 0.00, 0.00, 0.00
705,  0,  11.733,  0.98,  1, 0.00, 0.00, 1.01, 0.08, 0.80, 0.47, 0.01, 0.62, 0.79, 1.24, 0.00, 0.02, 0.07, 0.02, 0.20, 0.31, 0.00, 0.00, 0.00, 1.00, 0.00, 0.00, 1.00, 0.00, 0.00, 0.00, 1.00, 0.00, 0.00, 0.00, 1.00, 0.00, 0.00, 0.00, 0.00
706,  0,  11.750,  0.98,  1, 0.00, 0.00, 1.00, 0.08, 0.72, 0.45, 0.00, 0.63, 0.72, 1.29, 0.00, 0.06, 0.10, 0.02, 0.05, 0.34, 0.00, 0.00, 0.00, 1.00, 0.00, 0.00, 1.00, 0.00, 0.00, 0.00, 1.00, 0.00, 0.00, 0.00, 1.00, 0.00, 0.00, 0.00, 0.00
707,  0,  11.767,  0.98,  1, 0.00, 0.00, 1.10, 0.08, 0.78, 0.66, 0.00, 0.65, 0.75, 1.50, 0.07, 0.15, 0.16, 0.00, 0.06, 0.38, 0.00, 0.00, 0.00, 1.00, 0.00, 0.00, 1.00, 0.00, 0.00, 0.00, 1.00, 0.00, 0.00, 0.00, 1.00, 0.00, 0.00, 0.00, 0.00
708,  0,  11.783,  0.98,  1, 0.00, 0.06, 1.10, 0.00, 0.80, 0.71, 0.00, 0.74, 0.82, 1.52, 0.18, 0.27, 0.13, 0.05, 0.07, 0.33, 0.00, 0.00, 0.00, 1.00, 0.00, 0.00, 1.00, 0.00, 0.00, 0.00, 1.00, 0.00, 0.00, 0.00, 1.00, 0.00, 0.00, 0.00, 0.00
709,  0,  11.800,  0.98,  1, 0.00, 0.06, 1.02, 0.03, 0.76, 0.60, 0.00, 0.80, 0.87, 1.50, 0.18, 0.37, 0.05, 0.10, 0.07, 0.26, 0.00, 0.00, 0.00, 1.00, 0.00, 0.00, 1.00, 0.00, 0.00, 0.00, 1.00, 0.00, 0.00, 0.00, 1.00, 0.00, 0.00, 0.00, 0.00
710,  0,  11.817,  0.98,  1, 0.00, 0.06, 0.85, 0.06, 0.68, 0.49, 0.00, 0.88, 0.88, 1.33, 0.11, 0.33, 0.06, 0.10, 0.15, 0.09, 0.02, 0.00, 0.00, 1.00, 0.00, 0.00, 1.00, 0.00, 0.00, 0.00, 1.00, 0.00, 0.00, 0.00, 1.00, 0.00, 0.00, 0.00, 0.00
711,  0,  11.833,  0.98,  1, 0.00, 0.00, 0.79, 0.11, 0.70, 0.41, 0.00, 0.74, 0.82, 1.33, 0.00, 0.29, 0.06, 0.06, 0.28, 0.24, 0.02, 0.00, 0.00, 1.00, 0.00, 0.00, 1.00, 0.00, 0.00, 0.00, 1.00, 0.00, 0.00, 0.00, 1.00, 0.00, 0.00, 0.00, 0.00
712,  0,  11.850,  0.98,  1, 0.02, 0.00, 0.78, 0.07, 0.80, 0.31, 0.05, 0.70, 0.70, 1.14, 0.00, 0.20, 0.16, 0.00, 0.35, 0.30, 0.03, 0.00, 0.00, 1.00, 0.00, 0.00, 1.00, 0.00, 0.00, 0.00, 1.00, 0.00, 0.00, 0.00, 1.00, 0.00, 0.00, 0.00, 0.00
713,  0,  11.867,  0.98,  1, 0.02, 0.00, 0.83, 0.05, 0.82, 0.39, 0.05, 0.58, 0.60, 1.16, 0.00, 0.15, 0.10, 0.00, 0.39, 0.41, 0.01, 0.00, 0.00, 1.00, 0.00, 0.00, 1.00, 0.00, 0.00, 0.00, 1.00, 0.00, 0.00, 0.00, 1.00, 0.00, 0.00, 0.00, 0.00
714,  0,  11.883,  0.98,  1, 0.02, 0.00, 0.91, 0.15, 0.81, 0.29, 0.05, 0.50, 0.57, 1.08, 0.01, 0.13, 0.25, 0.00, 0.30, 0.42, 0.01, 0.00, 0.00, 1.00, 0.00, 0.00, 1.00, 0.00, 0.00, 0.00, 1.00, 0.00, 0.00, 0.00, 1.00, 0.00, 0.00, 0.00, 0.00
715,  0,  11.900,  0.98,  1, 0.01, 0.00, 1.00, 0.15, 0.79, 0.53, 0.00, 0.48, 0.67, 1.22, 0.01, 0.27, 0.16, 0.04, 0.24, 0.33, 0.03, 0.00, 0.00, 1.00, 0.00, 0.00, 1.00, 0.00, 0.00, 0.00, 1.00, 0.00, 0.00, 0.00, 1.00, 0.00, 0.00, 0.00, 0.00
716,  0,  11.917,  0.98,  1, 0.01, 0.00, 0.94, 0.16, 0.80, 0.57, 0.00, 0.55, 0.75, 1.41, 0.01, 0.31, 0.34, 0.04, 0.11, 0.23, 0.10, 0.00, 0.00, 1.00, 0.00, 0.00, 1.00, 0.00, 0.00, 0.00, 1.00, 0.00, 0.00, 0.00, 1.00, 0.00, 0.00, 0.00, 0.00
717,  0,  11.933,  0.98,  1, 0.01, 0.00, 0.90, 0.15, 0.78, 0.50, 0.00, 0.63, 0.79, 1.38, 0.00, 0.27, 0.22, 0.04, 0.11, 0.12, 0.11, 0.00, 0.00, 1.00, 0.00, 0.00, 1.00, 0.00, 0.00, 0.00, 1.00, 0.00, 0.00, 0.00, 1.00, 0.00, 0.00, 0.00, 0.00
718,  0,  11.950,  0.98,  1, 0.07, 0.00, 0.80, 0.15, 0.85, 0.47, 0.00, 0.64, 0.73, 1.34, 0.09, 0.06, 0.22, 0.00, 0.28, 0.30, 0.08, 0.00, 0.00, 1.00, 0.00, 0.00, 1.00, 0.00, 0.00, 0.00, 1.00, 0.00, 0.00, 0.00, 1.00, 0.00, 0.00, 0.00, 0.00
719,  0,  11.967,  0.98,  1, 0.07, 0.00, 0.76, 0.13, 0.84, 0.44, 0.00, 0.54, 0.72, 1.27, 0.14, 0.03, 0.07, 0.01, 0.25, 0.32, 0.01, 0.00, 0.00, 1.00, 0.00, 0.00, 1.00, 0.00, 0.00, 0.00, 1.00, 0.00, 0.00, 0.00, 1.00, 0.00, 0.00, 0.00, 0.00
720,  0,  11.983,  0.98,  1, 0.07, 0.00, 0.75, 0.00, 0.86, 0.42, 0.00, 0.48, 0.72, 1.39, 0.14, 0.20, 0.05, 0.03, 0.18, 0.50, 0.00, 0.00, 0.00, 1.00, 0.00, 0.00, 1.00, 0.00, 0.00, 0.00, 1.00, 0.00, 0.00, 0.00, 1.00, 0.00, 0.00, 0.00, 0.00
721,  0,  12.000,  0.98,  1, 0.01, 0.00, 0.83, 0.00, 0.80, 0.42, 0.00, 0.43, 0.80, 1.34, 0.05, 0.39, 0.05, 0.11, 0.00, 0.35, 0.00, 0.00, 0.00, 1.00, 0.00, 0.00, 1.00, 0.00, 0.00, 0.00, 1.00, 0.00, 0.00, 0.00, 1.00, 0.00, 0.00, 0.00, 0.00
722,  0,  12.017,  0.98,  1, 0.01, 0.00, 0.88, 0.00, 0.78, 0.39, 0.00, 0.46, 0.74, 1.23, 0.00, 0.42, 0.14, 0.11, 0.00, 0.40, 0.00, 0.00, 0.00, 1.00, 0.00, 0.00, 1.00, 0.00, 0.00, 0.00, 1.00, 0.00, 0.00, 0.00, 1.00, 0.00, 0.00, 0.00, 0.00
723,  0,  12.033,  0.98,  1, 0.01, 0.00, 0.72, 0.00, 0.85, 0.57, 0.00, 0.56, 0.75, 1.07, 0.00, 0.32, 0.27, 0.08, 0.06, 0.26, 0.00, 0.00, 0.00, 1.00, 0.00, 0.00, 0.00, 0.00, 0.00, 0.00, 1.00, 0.00, 0.00, 0.00, 1.00, 0.00, 0.00, 0.00, 0.00
724,  0,  12.050,  0.98,  1, 0.01, 0.00, 0.63, 0.00, 0.78, 0.34, 0.00, 0.68, 0.75, 1.05, 0.00, 0.13, 0.27, 0.01, 0.15, 0.42, 0.00, 0.00, 0.00, 1.00, 0.00, 0.00, 0.00, 0.00, 0.00, 0.00, 1.00, 0.00, 0.00, 0.00, 1.00, 0.00, 0.00, 0.00, 0.00
725,  0,  12.067,  0.98,  1, 0.01, 0.00, 0.59, 0.00, 0.76, 0.18, 0.00, 0.77, 0.82, 1.07, 0.00, 0.11, 0.14, 0.00, 0.33, 0.43, 0.00, 0.00, 0.00, 1.00, 0.00, 0.00, 0.00, 0.00, 0.00, 0.00, 1.00, 0.00, 0.00, 0.00, 1.00, 0.00, 0.00, 0.00, 0.00
726,  0,  12.083,  0.98,  1, 0.01, 0.00, 0.55, 0.00, 0.69, 0.00, 0.00, 0.76, 0.75, 1.09, 0.00, 0.03, 0.14, 0.00, 0.27, 0.52, 0.00, 0.00, 0.00, 1.00, 0.00, 0.00, 0.00, 0.00, 0.00, 0.00, 1.00, 0.00, 0.00, 0.00, 1.00, 0.00, 0.00, 0.00, 0.00
727,  0,  12.100,  0.98,  1, 0.01, 0.00, 0.52, 0.05, 0.73, 0.11, 0.00, 0.75, 0.73, 1.13, 0.00, 0.06, 0.18, 0.01, 0.18, 0.41, 0.03, 0.00, 0.00, 1.00, 0.00, 0.00, 0.00, 0.00, 0.00, 0.00, 1.00, 0.00, 0.00, 0.00, 1.00, 0.00, 0.00, 0.00, 0.00
728,  0,  12.117,  0.98,  1, 0.02, 0.02, 0.58, 0.23, 0.79, 0.35, 0.00, 0.53, 0.65, 1.10, 0.04, 0.05, 0.29, 0.01, 0.14, 0.39, 0.03, 0.00, 0.00, 1.00, 0.00, 0.00, 0.00, 0.00, 0.00, 0.00, 1.00, 0.00, 0.00, 0.00, 1.00, 0.00, 0.00, 0.00, 0.00
729,  0,  12.133,  0.98,  1, 0.02, 0.02, 0.79, 0.23, 0.83, 0.55, 0.00, 0.53, 0.70, 1.26, 0.04, 0.05, 0.15, 0.06, 0.14, 0.28, 0.03, 0.00, 0.00, 1.00, 0.00, 0.00, 0.00, 0.00, 0.00, 0.00, 1.00, 0.00, 0.00, 0.00, 1.00, 0.00, 0.00, 0.00, 0.00
730,  0,  12.150,  0.98,  1, 0.09, 0.05, 0.77, 0.18, 0.86, 0.74, 0.00, 0.39, 0.67, 1.32, 0.04, 0.02, 0.19, 0.09, 0.26, 0.18, 0.00, 0.00, 0.00, 1.00, 0.00, 0.00, 0.00, 0.00, 0.00, 0.00, 1.00, 0.00, 0.00, 0.00, 1.00, 0.00, 0.00, 0.00, 0.00
731,  0,  12.167,  0.98,  1, 0.07, 0.03, 0.72, 0.00, 0.78, 0.50, 0.00, 0.46, 0.67, 1.44, 0.00, 0.11, 0.13, 0.09, 0.14, 0.22, 0.00, 0.00, 0.00, 1.00, 0.00, 0.00, 1.00, 0.00, 0.00, 0.00, 1.00, 0.00, 0.00, 0.00, 1.00, 0.00, 0.00, 0.00, 0.00
732,  0,  12.183,  0.98,  1, 0.07, 0.05, 0.78, 0.15, 0.71, 0.42, 0.07, 0.46, 0.59, 1.33, 0.00, 0.16, 0.13, 0.06, 0.14, 0.18, 0.10, 0.00, 0.00, 1.00, 0.00, 0.00, 1.00, 0.00, 0.00, 0.00, 1.00, 0.00, 0.00, 0.00, 1.00, 0.00, 0.00, 0.00, 0.00
733,  0,  12.200,  0.98,  1, 0.04, 0.03, 0.80, 0.26, 0.61, 0.12, 0.07, 0.59, 0.62, 1.31, 0.03, 0.20, 0.09, 0.02, 0.02, 0.29, 0.10, 0.00, 0.00, 1.00, 0.00, 0.00, 1.00, 0.00, 0.00, 0.00, 1.00, 0.00, 0.00, 0.00, 1.00, 0.00, 0.00, 0.00, 0.00
734,  0,  12.217,  0.98,  1, 0.04, 0.03, 0.89, 0.39, 0.68, 0.30, 0.08, 0.63, 0.66, 1.20, 0.07, 0.24, 0.11, 0.02, 0.00, 0.23, 0.10, 0.00, 0.00, 1.00, 0.00, 0.00, 1.00, 0.00, 0.00, 0.00, 1.00, 0.00, 0.00, 0.00, 1.00, 0.00, 0.00, 0.00, 0.00
735,  0,  12.233,  0.98,  1, 0.04, 0.00, 0.88, 0.24, 0.73, 0.29, 0.01, 0.49, 0.70, 1.05, 0.07, 0.27, 0.14, 0.02, 0.04, 0.31, 0.00, 0.00, 0.00, 1.00, 0.00, 0.00, 1.00, 0.00, 0.00, 0.00, 1.00, 0.00, 0.00, 0.00, 1.00, 0.00, 0.00, 0.00, 0.00
736,  0,  12.250,  0.98,  1, 0.00, 0.03, 0.97, 0.13, 0.75, 0.35, 0.01, 0.39, 0.71, 0.97, 0.04, 0.28, 0.09, 0.05, 0.04, 0.27, 0.00, 0.00, 0.00, 1.00, 0.00, 0.00, 1.00, 0.00, 0.00, 0.00, 1.00, 0.00, 0.00, 0.00, 1.00, 0.00, 0.00, 0.00, 0.00
737,  0,  12.267,  0.98,  1, 0.00, 0.03, 0.86, 0.00, 0.74, 0.25, 0.00, 0.37, 0.74, 0.96, 0.00, 0.14, 0.04, 0.05, 0.12, 0.35, 0.06, 0.00, 0.00, 1.00, 0.00, 0.00, 1.00, 0.00, 0.00, 0.00, 1.00, 0.00, 0.00, 0.00, 1.00, 0.00, 0.00, 0.00, 0.00
738,  0,  12.283,  0.98,  1, 0.00, 0.03, 0.79, 0.00, 0.82, 0.25, 0.00, 0.53, 0.81, 0.99, 0.00, 0.06, 0.02, 0.03, 0.11, 0.36, 0.06, 0.00, 0.00, 1.00, 0.00, 0.00, 1.00, 0.00, 0.00, 0.00, 1.00, 0.00, 0.00, 0.00, 1.00, 0.00, 0.00, 0.00, 0.00
739,  0,  12.300,  0.98,  1, 0.11, 0.08, 0.76, 0.00, 0.93, 0.48, 0.06, 0.51, 0.74, 1.07, 0.00, 0.00, 0.02, 0.00, 0.11, 0.38, 0.06, 0.00, 0.00, 1.00, 0.00, 0.00, 1.00, 0.00, 0.00, 0.00, 1.00, 0.00, 0.00, 0.00, 1.00, 0.00, 0.00, 0.00, 0.00
740,  0,  12.317,  0.98,  1, 0.11, 0.08, 0.83, 0.13, 0.94, 0.52, 0.06, 0.59, 0.71, 1.30, 0.00, 0.00, 0.05, 0.00, 0.14, 0.34, 0.00, 0.00, 0.00, 1.00, 0.00, 0.00, 1.00, 0.00, 0.00, 0.00, 1.00, 0.00, 0.00, 0.00, 1.00, 0.00, 0.00, 0.00, 0.00
741,  0,  12.333,  0.98,  1, 0.11, 0.15, 0.88, 0.13, 0.86, 0.68, 0.07, 0.48, 0.67, 1.28, 0.00, 0.00, 0.05, 0.07, 0.11, 0.18, 0.00, 0.00, 0.00, 1.00, 0.00, 0.00, 1.00, 0.00, 0.00, 0.00, 1.00, 0.00, 0.00, 0.00, 1.00, 0.00, 0.00, 0.00, 0.00
742,  0,  12.350,  0.98,  1, 0.00, 0.07, 0.82, 0.13, 0.85, 0.44, 0.01, 0.54, 0.71, 1.44, 0.00, 0.10, 0.14, 0.09, 0.14, 0.25, 0.00, 0.00, 0.00, 1.00, 0.00, 0.00, 1.00, 0.00, 0.00, 0.00, 1.00, 0.00, 0.00, 0.00, 1.00, 0.00, 0.00, 0.00, 0.00
743,  0,  12.367,  0.98,  1, 0.01, 0.07, 0.93, 0.00, 0.89, 0.83, 0.01, 0.54, 0.71, 1.32, 0.00, 0.22, 0.11, 0.09, 0.05, 0.30, 0.00, 0.00, 0.00, 1.00, 0.00, 0.00, 1.00, 0.00, 0.00, 0.00, 1.00, 0.00, 0.00, 0.00, 1.00, 0.00, 0.00, 0.00, 0.00
744,  0,  12.383,  0.98,  1, 0.03, 0.00, 0.84, 0.09, 0.96, 0.81, 0.00, 0.63, 0.71, 1.40, 0.00, 0.29, 0.22, 0.02, 0.08, 0.35, 0.00, 0.00, 0.00, 1.00, 0.00, 0.00, 1.00, 0.00, 0.00, 0.00, 1.00, 0.00, 0.00, 0.00, 1.00, 0.00, 0.00, 0.00, 0.00
745,  0,  12.400,  0.98,  1, 0.13, 0.04, 1.02, 0.23, 0.91, 0.97, 0.00, 0.70, 0.74, 1.26, 0.00, 0.28, 0.26, 0.00, 0.13, 0.23, 0.00, 0.00, 0.00, 1.00, 0.00, 0.00, 1.00, 0.00, 0.00, 0.00, 1.00, 0.00, 0.00, 0.00, 1.00, 0.00, 0.00, 0.00, 0.00
746,  0,  12.417,  0.98,  1, 0.12, 0.04, 0.97, 0.23, 0.82, 0.53, 0.01, 0.62, 0.76, 1.21, 0.00, 0.20, 0.36, 0.00, 0.22, 0.12, 0.00, 0.00, 0.00, 1.00, 0.00, 0.00, 1.00, 0.00, 0.00, 0.00, 1.00, 0.00, 0.00, 0.00, 1.00, 0.00, 0.00, 0.00, 0.00
747,  0,  12.433,  0.98,  1, 0.14, 0.04, 1.08, 0.24, 0.80, 0.54, 0.01, 0.46, 0.70, 1.31, 0.02, 0.28, 0.34, 0.01, 0.19, 0.27, 0.00, 0.00, 0.00, 1.00, 0.00, 0.00, 1.00, 0.00, 0.00, 0.00, 1.00, 0.00, 0.00, 0.00, 1.00, 0.00, 0.00, 0.00, 0.00
748,  0,  12.450,  0.98,  1, 0.05, 0.00, 0.88, 0.10, 0.83, 0.63, 0.01, 0.43, 0.73, 1.21, 0.07, 0.22, 0.21, 0.01, 0.10, 0.23, 0.00, 0.00, 0.00, 1.00, 0.00, 0.00, 1.00, 0.00, 0.00, 0.00, 1.00, 0.00, 0.00, 0.00, 1.00, 0.00, 0.00, 0.00, 0.00
749,  0,  12.467,  0.98,  1, 0.05, 0.00, 0.83, 0.18, 0.83, 0.70, 0.00, 0.44, 0.69, 1.22, 0.07, 0.23, 0.10, 0.03, 0.12, 0.38, 0.03, 0.00, 0.00, 1.00, 0.00, 0.00, 1.00, 0.00, 0.00, 0.00, 1.00, 0.00, 0.00, 0.00, 1.00, 0.00, 0.00, 0.00, 0.00
750,  0,  12.483,  0.98,  1, 0.00, 0.00, 0.71, 0.08, 0.72, 0.48, 0.00, 0.66, 0.75, 0.99, 0.12, 0.08, 0.01, 0.03, 0.17, 0.32, 0.09, 0.00, 0.00, 1.00, 0.00, 0.00, 1.00, 0.00, 0.00, 0.00, 1.00, 0.00, 0.00, 0.00, 1.00, 0.00, 0.00, 0.00, 0.00
751,  0,  12.500,  0.98,  1, 0.11, 0.00, 0.82, 0.09, 0.66, 0.18, 0.00, 0.60, 0.68, 1.25, 0.09, 0.25, 0.01, 0.04, 0.17, 0.36, 0.09, 0.00, 0.00, 1.00, 0.00, 0.00, 1.00, 0.00, 0.00, 0.00, 1.00, 0.00, 0.00, 0.00, 1.00, 0.00, 0.00, 0.00, 0.00
752,  0,  12.517,  0.98,  1, 0.11, 0.00, 0.84, 0.01, 0.69, 0.44, 0.00, 0.68, 0.74, 1.24, 0.09, 0.37, 0.07, 0.02, 0.17, 0.29, 0.06, 0.00, 0.00, 1.00, 0.00, 0.00, 1.00, 0.00, 0.00, 0.00, 1.00, 0.00, 0.00, 0.00, 1.00, 0.00, 0.00, 0.00, 0.00
753,  0,  12.533,  0.98,  1, 0.11, 0.00, 0.99, 0.01, 0.75, 0.52, 0.00, 0.54, 0.68, 1.39, 0.03, 0.42, 0.06, 0.01, 0.12, 0.27, 0.00, 0.00, 0.00, 1.00, 0.00, 0.00, 0.00, 0.00, 0.00, 0.00, 1.00, 0.00, 0.00, 0.00, 1.00, 0.00, 0.00, 0.00, 0.00
754,  0,  12.550,  0.98,  1, 0.00, 0.00, 1.01, 0.05, 0.78, 0.74, 0.00, 0.65, 0.76, 1.18, 0.02, 0.25, 0.06, 0.00, 0.25, 0.38, 0.09, 0.00, 0.00, 1.00, 0.00, 0.00, 0.00, 0.00, 0.00, 0.00, 1.00, 0.00, 0.00, 0.00, 1.00, 0.00, 0.00, 0.00, 0.00
755,  0,  12.567,  0.98,  1, 0.00, 0.00, 1.09, 0.05, 0.77, 0.34, 0.00, 0.55, 0.68, 1.22, 0.02, 0.16, 0.00, 0.00, 0.29, 0.39, 0.09, 0.00, 0.00, 1.00, 0.00, 0.00, 0.00, 0.00, 0.00, 0.00, 1.00, 0.00, 1.00, 0.00, 1.00, 0.00, 0.00, 0.00, 0.00
756,  0,  12.583,  0.98,  1, 0.00, 0.00, 1.15, 0.13, 0.81, 0.51, 0.00, 0.59, 0.73, 1.12, 0.00, 0.25, 0.00, 0.00, 0.29, 0.46, 0.11, 0.00, 0.00, 1.00, 0.00, 0.00, 1.00, 0.00, 0.00, 0.00, 1.00, 0.00, 0.00, 0.00, 1.00, 0.00, 0.00, 0.00, 0.00
757,  0,  12.600,  0.98,  1, 0.08, 0.00, 1.02, 0.08, 0.82, 0.42, 0.00, 0.64, 0.79, 1.10, 0.06, 0.41, 0.00, 0.01, 0.33, 0.37, 0.02, 0.00, 0.00, 1.00, 0.00, 0.00, 1.00, 0.00, 0.00, 0.00, 1.00, 0.00, 0.00, 0.00, 1.00, 0.00, 0.00, 0.00, 0.00
758,  0,  12.617,  0.98,  1, 0.08, 0.00, 1.00, 0.16, 0.82, 0.59, 0.00, 0.75, 0.78, 1.13, 0.06, 0.43, 0.07, 0.03, 0.19, 0.39, 0.02, 0.00, 0.00, 1.00, 0.00, 0.00, 1.00, 0.00, 0.00, 0.00, 1.00, 0.00, 0.00, 0.00, 1.00, 0.00, 0.00, 0.00, 0.00
759,  0,  12.633,  0.98,  1, 0.08, 0.00, 0.89, 0.15, 0.79, 0.47, 0.00, 0.80, 0.79, 1.29, 0.07, 0.42, 0.07, 0.03, 0.38, 0.31, 0.06, 0.00, 0.00, 1.00, 0.00, 0.00, 1.00, 0.00, 0.00, 0.00, 1.00, 0.00, 0.00, 0.00, 1.00, 0.00, 0.00, 0.00, 0.00
760,  0,  12.650,  0.98,  1, 0.00, 0.00, 0.93, 0.34, 0.86, 0.66, 0.00, 0.79, 0.69, 1.33, 0.01, 0.29, 0.07, 0.03, 0.29, 0.25, 0.06, 0.00, 0.00, 1.00, 0.00, 0.00, 1.00, 0.00, 0.00, 0.00, 1.00, 0.00, 0.00, 0.00, 1.00, 0.00, 0.00, 0.00, 0.00
761,  0,  12.667,  0.98,  1, 0.09, 0.00, 0.95, 0.27, 0.78, 0.72, 0.00, 0.69, 0.75, 1.26, 0.01, 0.26, 0.00, 0.02, 0.27, 0.14, 0.06, 0.00, 0.00, 1.00, 0.00, 0.00, 1.00, 0.00, 0.00, 0.00, 1.00, 0.00, 0.00, 0.00, 1.00, 0.00, 0.00, 0.00, 0.00
762,  0,  12.683,  0.98,  1, 0.09, 0.00, 0.95, 0.19, 0.78, 0.68, 0.00, 0.57, 0.81, 1.18, 0.01, 0.20, 0.00, 0.03, 0.12, 0.27, 0.00, 0.00, 0.00, 1.00, 0.00, 0.00, 1.00, 0.00, 0.00, 0.00, 1.00, 0.00, 0.00, 0.00, 1.00, 0.00, 0.00, 0.00, 0.00
763,  0,  12.700,  0.98,  1, 0.09, 0.00, 0.96, 0.02, 0.70, 0.66, 0.00, 0.50, 0.79, 1.17, 0.10, 0.27, 0.00, 0.01, 0.12, 0.38, 0.00, 0.00, 0.00, 1.00, 0.00, 0.00, 1.00, 0.00, 0.00, 0.00, 1.00, 0.00, 0.00, 0.00, 1.00, 0.00, 0.00, 0.00, 0.00
764,  0,  12.717,  0.98,  1, 0.00, 0.00, 0.84, 0.02, 0.81, 0.61, 0.00, 0.55, 0.76, 1.15, 0.10, 0.33, 0.11, 0.01, 0.12, 0.54, 0.00, 0.00, 0.00, 1.00, 0.00, 0.00, 1.00, 0.00, 0.00, 0.00, 1.00, 0.00, 0.00, 0.00, 1.00, 0.00, 0.00, 0.00, 0.00
765,  0,  12.733,  0.98,  1, 0.02, 0.00, 0.95, 0.04, 0.74, 0.68, 0.00, 0.69, 0.65, 1.33, 0.10, 0.42, 0.11, 0.00, 0.08, 0.40, 0.00, 0.00, 0.00, 1.00, 0.00, 0.00, 1.00, 0.00, 0.00, 0.00, 1.00, 0.00, 0.00, 0.00, 1.00, 0.00, 0.00, 0.00, 0.00
766,  0,  12.750,  0.98,  1, 0.02, 0.00, 0.93, 0.02, 0.73, 0.62, 0.00, 0.78, 0.69, 1.23, 0.06, 0.43, 0.11, 0.00, 0.00, 0.27, 0.00, 0.00, 0.00, 1.00, 0.00, 0.00, 1.00, 0.00, 0.00, 0.00, 1.00, 0.00, 0.00, 0.00, 1.00, 0.00, 0.00, 0.00, 0.00
767,  0,  12.767,  0.98,  1, 0.08, 0.00, 0.93, 0.07, 0.67, 0.66, 0.00, 0.76, 0.73, 1.29, 0.15, 0.39, 0.08, 0.00, 0.14, 0.21, 0.00, 0.00, 0.00, 1.00, 0.00, 0.00, 1.00, 0.00, 0.00, 0.00, 1.00, 0.00, 0.00, 0.00, 1.00, 0.00, 0.00, 0.00, 0.00
768,  0,  12.783,  0.98,  1, 0.12, 0.00, 0.85, 0.05, 0.71, 0.74, 0.00, 0.77, 0.76, 1.13, 0.13, 0.38, 0.12, 0.00, 0.20, 0.15, 0.02, 0.00, 0.00, 1.00, 0.00, 0.00, 1.00, 0.00, 0.00, 0.00, 1.00, 0.00, 0.00, 0.00, 1.00, 0.00, 0.00, 0.00, 0.00
769,  0,  12.800,  0.98,  1, 0.12, 0.00, 1.01, 0.05, 0.75, 0.90, 0.02, 0.78, 0.77, 1.29, 0.13, 0.38, 0.13, 0.01, 0.20, 0.28, 0.02, 0.00, 0.00, 1.00, 0.00, 0.00, 1.00, 0.00, 0.00, 0.00, 1.00, 0.00, 0.00, 0.00, 1.00, 0.00, 0.00, 0.00, 0.00
770,  0,  12.817,  0.98,  1, 0.07, 0.00, 0.99, 0.00, 0.78, 0.73, 0.02, 0.78, 0.75, 1.21, 0.06, 0.31, 0.08, 0.01, 0.12, 0.22, 0.02, 0.00, 0.00, 1.00, 0.00, 0.00, 1.00, 0.00, 0.00, 0.00, 1.00, 0.00, 0.00, 0.00, 1.00, 0.00, 0.00, 0.00, 0.00
771,  0,  12.833,  0.98,  1, 0.00, 0.00, 0.91, 0.07, 0.68, 0.62, 0.02, 0.70, 0.76, 1.19, 0.13, 0.33, 0.03, 0.01, 0.05, 0.42, 0.02, 0.00, 0.00, 1.00, 0.00, 0.00, 1.00, 0.00, 0.00, 0.00, 1.00, 0.00, 0.00, 0.00, 1.00, 0.00, 0.00, 0.00, 0.00
772,  0,  12.850,  0.98,  1, 0.05, 0.00, 0.83, 0.07, 0.68, 0.35, 0.00, 0.60, 0.73, 1.19, 0.23, 0.38, 0.11, 0.00, 0.05, 0.42, 0.02, 0.00, 0.00, 1.00, 0.00, 0.00, 1.00, 0.00, 0.00, 0.00, 1.00, 0.00, 0.00, 0.00, 1.00, 0.00, 0.00, 0.00, 0.00
773,  0,  12.867,  0.98,  1, 0.05, 0.00, 0.83, 0.07, 0.65, 0.49, 0.00, 0.52, 0.75, 1.26, 0.26, 0.58, 0.08, 0.03, 0.00, 0.41, 0.02, 0.00, 0.00, 1.00, 0.00, 0.00, 1.00, 0.00, 0.00, 0.00, 1.00, 0.00, 0.00, 0.00, 1.00, 0.00, 0.00, 0.00, 0.00
774,  0,  12.883,  0.98,  1, 0.08, 0.00, 0.85, 0.00, 0.66, 0.58, 0.00, 0.44, 0.76, 1.34, 0.21, 0.48, 0.08, 0.03, 0.00, 0.19, 0.00, 0.00, 0.00, 1.00, 0.00, 0.00, 1.00, 0.00, 0.00, 0.00, 1.00, 0.00, 0.00, 0.00, 1.00, 0.00, 0.00, 0.00, 0.00
775,  0,  12.900,  0.98,  1, 0.04, 0.00, 0.76, 0.03, 0.67, 0.83, 0.00, 0.40, 0.81, 1.18, 0.15, 0.31, 0.01, 0.03, 0.01, 0.07, 0.00, 0.00, 0.00, 1.00, 0.00, 0.00, 1.00, 0.00, 0.00, 0.00, 1.00, 0.00, 1.00, 0.00, 1.00, 0.00, 0.00, 0.00, 0.00
776,  0,  12.917,  0.98,  1, 0.04, 0.00, 0.90, 0.03, 0.68, 0.98, 0.00, 0.60, 0.80, 1.19, 0.10, 0.22, 0.02, 0.00, 0.01, 0.10, 0.00, 0.00, 0.00, 1.00, 0.00, 0.00, 1.00, 0.00, 0.00, 0.00, 1.00, 0.00, 0.00, 0.00, 1.00, 0.00, 0.00, 0.00, 0.00
777,  0,  12.933,  0.98,  1, 0.00, 0.00, 1.03, 0.03, 0.80, 1.05, 0.01, 0.63, 0.77, 1.06, 0.25, 0.31, 0.02, 0.01, 0.01, 0.23, 0.11, 0.00, 0.00, 1.00, 0.00, 0.00, 1.00, 0.00, 0.00, 0.00, 1.00, 0.00, 0.00, 0.00, 1.00, 0.00, 0.00, 0.00, 0.00
778,  0,  12.950,  0.98,  1, 0.01, 0.00, 1.07, 0.08, 0.80, 0.77, 0.01, 0.70, 0.73, 1.09, 0.18, 0.34, 0.01, 0.01, 0.03, 0.35, 0.11, 0.00, 0.00, 1.00, 0.00, 0.00, 1.00, 0.00, 0.00, 0.00, 1.00, 0.00, 0.00, 0.00, 1.00, 0.00, 0.00, 0.00, 0.00
779,  0,  12.967,  0.98,  1, 0.01, 0.00, 1.05, 0.08, 0.85, 0.65, 0.01, 0.77, 0.78, 0.93, 0.26, 0.30, 0.02, 0.01, 0.07, 0.45, 0.17, 0.00, 0.00, 1.00, 0.00, 0.00, 1.00, 0.00, 0.00, 0.00, 1.00, 0.00, 0.00, 0.00, 1.00, 0.00, 0.00, 0.00, 0.00
780,  0,  12.983,  0.98,  1, 0.01, 0.00, 0.95, 0.08, 0.85, 0.39, 0.00, 0.95, 0.87, 1.04, 0.08, 0.22, 0.07, 0.03, 0.27, 0.47, 0.07, 0.00, 0.00, 1.00, 0.00, 0.00, 1.00, 0.00, 0.00, 0.00, 1.00, 0.00, 0.00, 0.00, 1.00, 0.00, 0.00, 0.00, 0.00
781,  0,  13.000,  0.98,  1, 0.03, 0.00, 1.02, 0.00, 0.94, 0.76, 0.03, 1.00, 0.89, 0.98, 0.08, 0.27, 0.12, 0.03, 0.28, 0.49, 0.07, 0.00, 0.00, 1.00, 0.00, 0.00, 1.00, 0.00, 0.00, 0.00, 1.00, 0.00, 0.00, 0.00, 1.00, 0.00, 0.00, 0.00, 0.00
782,  0,  13.017,  0.98,  1, 0.03, 0.00, 0.93, 0.00, 0.97, 0.72, 0.03, 0.87, 0.86, 1.01, 0.07, 0.29, 0.17, 0.06, 0.34, 0.46, 0.00, 0.00, 0.00, 1.00, 0.00, 0.00, 1.00, 0.00, 0.00, 0.00, 1.00, 0.00, 0.00, 0.00, 1.00, 0.00, 0.00, 0.00, 0.00
783,  0,  13.033,  0.98,  1, 0.03, 0.00, 1.00, 0.00, 1.00, 1.08, 0.03, 0.79, 0.80, 0.99, 0.12, 0.20, 0.24, 0.03, 0.32, 0.55, 0.00, 0.00, 0.00, 1.00, 0.00, 0.00, 1.00, 0.00, 0.00, 0.00, 1.00, 0.00, 0.00, 0.00, 1.00, 0.00, 0.00, 0.00, 0.00
784,  0,  13.050,  0.98,  1, 0.01, 0.00, 1.02, 0.00, 0.92, 0.93, 0.00, 0.66, 0.76, 1.02, 0.12, 0.12, 0.19, 0.03, 0.33, 0.60, 0.00, 0.00, 0.00, 1.00, 0.00, 0.00, 1.00, 0.00, 0.00, 0.00, 1.00, 0.00, 0.00, 0.00, 1.00, 0.00, 0.00, 0.00, 0.00
785,  0,  13.067,  0.98,  1, 0.01, 0.00, 1.07, 0.00, 0.82, 0.75, 0.00, 0.64, 0.74, 1.11, 0.05, 0.05, 0.12, 0.03, 0.23, 0.55, 0.00, 0.00, 0.00, 1.00, 0.00, 0.00, 1.00, 0.00, 0.00, 0.00, 1.00, 0.00, 0.00, 0.00, 1.00, 0.00, 0.00, 0.00, 0.00
786,  0,  13.083,  0.98,  1, 0.06, 0.00, 1.13, 0.18, 0.77, 0.72, 0.00, 0.74, 0.74, 1.09, 0.02, 0.08, 0.00, 0.03, 0.12, 0.47, 0.00, 0.00, 0.00, 1.00, 0.00, 0.00, 1.00, 0.00, 0.00, 0.00, 1.00, 0.00, 0.00, 0.00, 1.00, 0.00, 0.00, 0.00, 0.00
787,  0,  13.100,  0.98,  1, 0.13, 0.00, 1.19, 0.18, 0.79, 0.70, 0.00, 0.92, 0.80, 1.07, 0.05, 0.07, 0.00, 0.03, 0.13, 0.36, 0.00, 0.00, 0.00, 1.00, 0.00, 0.00, 1.00, 0.00, 0.00, 0.00, 1.00, 0.00, 0.00, 0.00, 1.00, 0.00, 0.00, 0.00, 0.00
788,  0,  13.117,  0.98,  1, 0.13, 0.00, 1.24, 0.18, 0.91, 1.10, 0.00, 1.00, 0.81, 1.04, 0.15, 0.11, 0.07, 0.00, 0.20, 0.35, 0.00, 0.00, 0.00, 1.00, 0.00, 0.00, 1.00, 0.00, 0.00, 0.00, 1.00, 0.00, 0.00, 0.00, 1.00, 0.00, 0.00, 0.00, 0.00
789,  0,  13.133,  0.98,  1, 0.08, 0.00, 1.21, 0.02, 0.92, 0.80, 0.00, 0.97, 0.84, 1.07, 0.21, 0.24, 0.07, 0.00, 0.29, 0.33, 0.00, 0.00, 0.00, 1.00, 0.00, 0.00, 1.00, 0.00, 0.00, 0.00, 1.00, 0.00, 0.00, 0.00, 1.00, 0.00, 0.00, 0.00, 0.00
790,  0,  13.150,  0.98,  1, 0.04, 0.00, 1.31, 0.02, 0.93, 0.86, 0.02, 0.86, 0.80, 1.16, 0.20, 0.40, 0.08, 0.00, 0.22, 0.29, 0.00, 0.00, 0.00, 1.00, 0.00, 0.00, 1.00, 0.00, 0.00, 0.00, 1.00, 0.00, 0.00, 0.00, 1.00, 0.00, 0.00, 0.00, 0.00
791,  0,  13.167,  0.98,  1, 0.04, 0.00, 1.40, 0.02, 0.89, 0.67, 0.02, 0.83, 0.74, 1.26, 0.22, 0.53, 0.00, 0.00, 0.16, 0.20, 0.00, 0.00, 0.00, 1.00, 0.00, 0.00, 1.00, 0.00, 0.00, 0.00, 1.00, 0.00, 0.00, 0.00, 1.00, 0.00, 0.00, 0.00, 0.00
792,  0,  13.183,  0.98,  1, 0.04, 0.00, 1.33, 0.00, 0.90, 0.85, 0.02, 0.88, 0.72, 1.28, 0.25, 0.38, 0.00, 0.00, 0.28, 0.34, 0.00, 0.00, 0.00, 1.00, 0.00, 0.00, 1.00, 0.00, 0.00, 0.00, 1.00, 0.00, 0.00, 0.00, 1.00, 0.00, 0.00, 0.00, 0.00
793,  0,  13.200,  0.98,  1, 0.01, 0.00, 1.28, 0.00, 0.86, 0.59, 0.00, 0.89, 0.75, 1.29, 0.24, 0.22, 0.00, 0.00, 0.47, 0.33, 0.00, 0.00, 0.00, 1.00, 0.00, 0.00, 1.00, 0.00, 0.00, 0.00, 1.00, 0.00, 0.00, 0.00, 1.00, 0.00, 0.00, 0.00, 0.00
794,  0,  13.217,  0.98,  1, 0.02, 0.00, 1.07, 0.00, 0.84, 0.59, 0.00, 0.90, 0.79, 1.20, 0.12, 0.00, 0.07, 0.00, 0.47, 0.34, 0.00, 0.00, 0.00, 1.00, 0.00, 0.00, 1.00, 0.00, 0.00, 0.00, 1.00, 0.00, 0.00, 0.00, 1.00, 0.00, 0.00, 0.00, 0.00
795,  0,  13.233,  0.98,  1, 0.02, 0.00, 1.06, 0.00, 0.86, 0.49, 0.00, 0.77, 0.76, 1.17, 0.00, 0.05, 0.07, 0.00, 0.20, 0.06, 0.00, 0.00, 0.00, 1.00, 0.00, 0.00, 1.00, 0.00, 0.00, 0.00, 1.00, 0.00, 0.00, 0.00, 1.00, 0.00, 0.00, 0.00, 0.00
796,  0,  13.250,  0.98,  1, 0.02, 0.00, 0.86, 0.00, 0.91, 0.67, 0.00, 0.81, 0.73, 1.00, 0.00, 0.05, 0.07, 0.00, 0.03, 0.08, 0.00, 0.00, 0.00, 1.00, 0.00, 0.00, 1.00, 0.00, 0.00, 0.00, 1.00, 0.00, 0.00, 0.00, 1.00, 0.00, 0.00, 0.00, 0.00
797,  0,  13.267,  0.98,  1, 0.04, 0.00, 1.10, 0.00, 0.95, 0.45, 0.00, 0.84, 0.74, 1.16, 0.04, 0.10, 0.03, 0.00, 0.10, 0.04, 0.00, 0.00, 0.00, 1.00, 0.00, 0.00, 1.00, 0.00, 0.00, 0.00, 1.00, 0.00, 0.00, 0.00, 1.00, 0.00, 0.00, 0.00, 0.00
798,  0,  13.283,  0.98,  1, 0.03, 0.00, 1.03, 0.00, 0.93, 0.66, 0.00, 0.88, 0.72, 1.16, 0.06, 0.06, 0.03, 0.00, 0.08, 0.14, 0.00, 0.00, 0.00, 1.00, 0.00, 0.00, 1.00, 0.00, 0.00, 0.00, 1.00, 0.00, 0.00, 0.00, 1.00, 0.00, 0.00, 0.00, 0.00
799,  0,  13.300,  0.98,  1, 0.08, 0.00, 1.17, 0.00, 0.90, 0.50, 0.00, 0.72, 0.66, 1.29, 0.09, 0.17, 0.11, 0.00, 0.14, 0.11, 0.01, 0.00, 0.00, 1.00, 0.00, 0.00, 1.00, 0.00, 0.00, 0.00, 1.00, 0.00, 0.00, 0.00, 1.00, 0.00, 0.00, 0.00, 0.00
800,  0,  13.317,  0.98,  1, 0.06, 0.00, 0.97, 0.00, 0.86, 0.68, 0.00, 0.67, 0.72, 1.16, 0.05, 0.26, 0.08, 0.02, 0.10, 0.18, 0.01, 0.00, 0.00, 1.00, 0.00, 0.00, 1.00, 0.00, 0.00, 0.00, 1.00, 0.00, 0.00, 0.00, 1.00, 0.00, 0.00, 0.00, 0.00
801,  0,  13.333,  0.98,  1, 0.06, 0.00, 1.10, 0.00, 0.85, 0.35, 0.00, 0.67, 0.79, 1.28, 0.07, 0.38, 0.08, 0.02, 0.26, 0.26, 0.01, 0.00, 0.00, 1.00, 0.00, 0.00, 1.00, 0.00, 0.00, 0.00, 1.00, 0.00, 0.00, 0.00, 1.00, 0.00, 0.00, 0.00, 0.00
802,  0,  13.350,  0.98,  1, 0.05, 0.00, 1.14, 0.00, 0.87, 0.65, 0.00, 0.94, 0.90, 1.40, 0.18, 0.28, 0.00, 0.02, 0.29, 0.25, 0.00, 0.00, 0.00, 1.00, 0.00, 0.00, 1.00, 0.00, 0.00, 0.00, 1.00, 0.00, 0.00, 0.00, 1.00, 0.00, 0.00, 0.00, 0.00
803,  0,  13.367,  0.98,  1, 0.04, 0.00, 1.30, 0.00, 0.86, 0.85, 0.00, 0.92, 0.89, 1.33, 0.31, 0.24, 0.00, 0.00, 0.36, 0.32, 0.00, 0.00, 0.00, 1.00, 0.00, 0.00, 1.00, 0.00, 0.00, 0.00, 1.00, 0.00, 0.00, 0.00, 1.00, 0.00, 0.00, 0.00, 0.00
804,  0,  13.383,  0.98,  1, 0.06, 0.00, 1.31, 0.00, 0.89, 1.10, 0.03, 0.88, 0.91, 1.27, 0.27, 0.22, 0.00, 0.00, 0.25, 0.26, 0.00, 0.00, 0.00, 1.00, 0.00, 0.00, 1.00, 0.00, 0.00, 0.00, 1.00, 0.00, 0.00, 0.00, 1.00, 0.00, 0.00, 0.00, 0.00
805,  0,  13.400,  0.98,  1, 0.02, 0.00, 1.16, 0.00, 0.87, 0.95, 0.03, 0.64, 0.86, 1.14, 0.13, 0.36, 0.00, 0.00, 0.16, 0.38, 0.00, 0.00, 0.00, 1.00, 0.00, 0.00, 1.00, 0.00, 0.00, 0.00, 1.00, 0.00, 0.00, 0.00, 1.00, 0.00, 0.00, 0.00, 0.00
806,  0,  13.417,  0.98,  1, 0.19, 0.00, 1.22, 0.00, 0.90, 1.03, 0.03, 0.60, 0.77, 1.08, 0.00, 0.35, 0.00, 0.00, 0.06, 0.25, 0.00, 0.00, 0.00, 1.00, 0.00, 0.00, 1.00, 0.00, 0.00, 0.00, 1.00, 0.00, 0.00, 0.00, 1.00, 0.00, 0.00, 0.00, 0.00
807,  0,  13.433,  0.98,  1, 0.17, 0.00, 1.17, 0.00, 0.89, 1.06, 0.00, 0.74, 0.73, 1.06, 0.00, 0.37, 0.00, 0.05, 0.03, 0.26, 0.00, 0.00, 0.00, 1.00, 0.00, 0.00, 1.00, 0.00, 0.00, 0.00, 1.00, 0.00, 0.00, 0.00, 1.00, 0.00, 0.00, 0.00, 0.00
808,  0,  13.450,  0.98,  1, 0.20, 0.00, 1.21, 0.00, 0.88, 0.80, 0.00, 0.88, 0.71, 1.17, 0.10, 0.27, 0.08, 0.05, 0.12, 0.30, 0.00, 0.00, 0.00, 1.00, 0.00, 0.00, 1.00, 0.00, 0.00, 0.00, 1.00, 0.00, 0.00, 0.00, 1.00, 0.00, 0.00, 0.00, 0.00
809,  0,  13.467,  0.98,  1, 0.11, 0.05, 1.06, 0.00, 0.93, 0.56, 0.00, 0.93, 0.77, 1.54, 0.10, 0.24, 0.13, 0.05, 0.12, 0.41, 0.00, 0.00, 0.00, 1.00, 0.00, 0.00, 1.00, 0.00, 0.00, 0.00, 1.00, 0.00, 0.00, 0.00, 1.00, 0.00, 0.00, 0.00, 0.00
810,  0,  13.483,  0.98,  1, 0.10, 0.05, 1.12, 0.00, 0.93, 0.55, 0.00, 0.86, 0.79, 1.53, 0.10, 0.14, 0.34, 0.00, 0.10, 0.29, 0.00, 0.00, 0.00, 1.00, 0.00, 0.00, 1.00, 0.00, 0.00, 0.00, 1.00, 0.00, 0.00, 0.00, 1.00, 0.00, 0.00, 0.00, 0.00
811,  0,  13.500,  0.98,  1, 0.14, 0.05, 1.09, 0.00, 0.88, 0.65, 0.00, 0.76, 0.80, 1.49, 0.09, 0.21, 0.26, 0.00, 0.10, 0.14, 0.00, 0.00, 0.00, 1.00, 0.00, 0.00, 1.00, 0.00, 0.00, 0.00, 1.00, 0.00, 0.00, 0.00, 1.00, 0.00, 0.00, 0.00, 0.00
812,  0,  13.517,  0.98,  1, 0.16, 0.00, 1.13, 0.00, 0.80, 0.49, 0.00, 0.67, 0.77, 1.25, 0.14, 0.15, 0.29, 0.00, 0.13, 0.03, 0.00, 0.00, 0.00, 1.00, 0.00, 0.00, 1.00, 0.00, 0.00, 0.00, 1.00, 0.00, 0.00, 0.00, 1.00, 0.00, 0.00, 0.00, 0.00
813,  0,  13.533,  0.98,  1, 0.16, 0.00, 1.05, 0.00, 0.77, 0.47, 0.00, 0.68, 0.73, 1.31, 0.15, 0.12, 0.17, 0.00, 0.15, 0.11, 0.00, 0.00, 0.00, 1.00, 0.00, 0.00, 1.00, 0.00, 0.00, 0.00, 1.00, 0.00, 0.00, 0.00, 1.00, 0.00, 0.00, 0.00, 0.00
814,  0,  13.550,  0.98,  1, 0.09, 0.00, 1.09, 0.00, 0.77, 0.40, 0.00, 0.81, 0.74, 1.38, 0.06, 0.03, 0.17, 0.00, 0.05, 0.22, 0.00, 0.00, 0.00, 1.00, 0.00, 0.00, 1.00, 0.00, 0.00, 0.00, 1.00, 0.00, 0.00, 0.00, 1.00, 0.00, 0.00, 0.00, 0.00
815,  0,  13.567,  0.98,  1, 0.04, 0.00, 1.17, 0.00, 0.72, 0.55, 0.00, 0.93, 0.80, 1.55, 0.04, 0.09, 0.12, 0.00, 0.15, 0.20, 0.00, 0.00, 0.00, 1.00, 0.00, 0.00, 1.00, 0.00, 0.00, 0.00, 1.00, 0.00, 0.00, 0.00, 1.00, 0.00, 0.00, 0.00, 0.00
816,  0,  13.583,  0.98,  1, 0.06, 0.00, 1.29, 0.02, 0.83, 0.32, 0.06, 0.91, 0.75, 1.56, 0.06, 0.10, 0.07, 0.00, 0.32, 0.25, 0.00, 0.00, 0.00, 1.00, 0.00, 0.00, 1.00, 0.00, 0.00, 0.00, 1.00, 0.00, 0.00, 0.00, 1.00, 0.00, 0.00, 0.00, 0.00
817,  0,  13.600,  0.98,  1, 0.06, 0.00, 1.32, 0.12, 0.97, 0.53, 0.07, 0.90, 0.77, 1.44, 0.06, 0.22, 0.07, 0.00, 0.31, 0.24, 0.00, 0.00, 0.00, 1.00, 0.00, 0.00, 1.00, 0.00, 0.00, 0.00, 1.00, 0.00, 0.00, 0.00, 1.00, 0.00, 0.00, 0.00, 0.00
818,  0,  13.617,  0.98,  1, 0.07, 0.00, 1.21, 0.12, 1.01, 0.53, 0.07, 0.91, 0.79, 1.31, 0.15, 0.16, 0.05, 0.00, 0.19, 0.31, 0.00, 0.00, 0.00, 1.00, 0.00, 0.00, 1.00, 0.00, 0.00, 0.00, 1.00, 0.00, 0.00, 0.00, 1.00, 0.00, 0.00, 0.00, 0.00
819,  0,  13.633,  0.98,  1, 0.09, 0.00, 1.11, 0.10, 0.99, 0.60, 0.00, 0.90, 0.86, 1.28, 0.12, 0.25, 0.00, 0.00, 0.18, 0.16, 0.15, 0.00, 0.00, 1.00, 0.00, 0.00, 1.00, 0.00, 0.00, 0.00, 1.00, 0.00, 0.00, 0.00, 1.00, 0.00, 0.00, 0.00, 0.00
820,  0,  13.650,  0.98,  1, 0.09, 0.00, 1.12, 0.00, 0.96, 0.60, 0.07, 1.06, 0.89, 1.33, 0.12, 0.12, 0.00, 0.00, 0.18, 0.10, 0.15, 0.00, 0.00, 1.00, 0.00, 0.00, 1.00, 0.00, 0.00, 0.00, 1.00, 0.00, 0.00, 0.00, 1.00, 0.00, 0.00, 0.00, 0.00
821,  0,  13.667,  0.98,  1, 0.03, 0.00, 1.05, 0.00, 1.02, 0.59, 0.07, 1.17, 0.87, 1.37, 0.00, 0.16, 0.00, 0.00, 0.18, 0.11, 0.15, 0.00, 0.00, 1.00, 0.00, 0.00, 1.00, 0.00, 0.00, 0.00, 1.00, 0.00, 0.00, 0.00, 1.00, 0.00, 0.00, 0.00, 0.00
822,  0,  13.683,  0.98,  1, 0.00, 0.00, 1.15, 0.00, 1.10, 1.13, 0.07, 1.21, 0.88, 1.36, 0.04, 0.21, 0.05, 0.00, 0.11, 0.22, 0.06, 0.00, 0.00, 1.00, 0.00, 0.00, 1.00, 0.00, 0.00, 0.00, 1.00, 0.00, 0.00, 0.00, 1.00, 0.00, 0.00, 0.00, 0.00
823,  0,  13.700,  0.98,  1, 0.00, 0.00, 1.13, 0.00, 1.16, 1.09, 0.01, 1.13, 0.90, 1.23, 0.17, 0.37, 0.05, 0.07, 0.13, 0.30, 0.29, 0.00, 0.00, 1.00, 0.00, 0.00, 1.00, 0.00, 0.00, 0.00, 1.00, 0.00, 0.00, 0.00, 1.00, 0.00, 0.00, 0.00, 0.00
824,  0,  13.717,  0.98,  1, 0.00, 0.00, 1.31, 0.00, 1.20, 1.05, 0.07, 1.13, 0.91, 1.20, 0.17, 0.33, 0.05, 0.07, 0.19, 0.42, 0.40, 0.00, 0.00, 1.00, 0.00, 1.00, 1.00, 0.00, 0.00, 0.00, 1.00, 0.00, 0.00, 0.00, 1.00, 0.00, 0.00, 0.00, 0.00
825,  0,  13.733,  0.98,  1, 0.00, 0.00, 1.20, 0.08, 1.32, 0.83, 0.17, 1.28, 0.98, 1.30, 0.13, 0.18, 0.00, 0.07, 0.13, 0.33, 0.34, 0.00, 0.00, 1.00, 0.00, 1.00, 1.00, 0.00, 0.00, 0.00, 1.00, 0.00, 0.00, 0.00, 1.00, 0.00, 0.00, 0.00, 0.00
826,  0,  13.750,  0.98,  1, 0.00, 0.00, 1.35, 0.08, 1.42, 1.19, 0.21, 1.33, 1.04, 1.61, 0.00, 0.01, 0.00, 0.00, 0.11, 0.22, 0.17, 0.00, 0.00, 1.00, 0.00, 1.00, 1.00, 0.00, 1.00, 0.00, 1.00, 0.00, 0.00, 0.00, 1.00, 0.00, 0.00, 0.00, 0.00
827,  0,  13.767,  0.98,  1, 0.00, 0.00, 1.37, 0.08, 1.55, 1.75, 0.15, 1.40, 1.15, 1.66, 0.05, 0.01, 0.01, 0.00, 0.09, 0.03, 0.06, 0.00, 0.00, 1.00, 0.00, 1.00, 1.00, 0.00, 1.00, 0.00, 1.00, 0.00, 0.00, 0.00, 1.00, 0.00, 0.00, 0.00, 0.00
828,  0,  13.783,  0.98,  1, 0.00, 0.00, 1.47, 0.00, 1.49, 1.84, 0.08, 1.34, 1.14, 1.60, 0.05, 0.03, 0.01, 0.00, 0.10, 0.00, 0.42, 0.00, 0.00, 1.00, 0.00, 1.00, 1.00, 0.00, 1.00, 0.00, 1.00, 0.00, 0.00, 0.00, 1.00, 0.00, 0.00, 0.00, 0.00
829,  0,  13.800,  0.98,  1, 0.00, 0.00, 1.50, 0.00, 1.54, 1.90, 0.04, 1.43, 1.22, 1.51, 0.05, 0.02, 0.01, 0.00, 0.23, 0.00, 0.76, 0.00, 0.00, 1.00, 0.00, 1.00, 1.00, 0.00, 1.00, 0.00, 1.00, 0.00, 0.00, 0.00, 1.00, 0.00, 0.00, 0.00, 1.00
830,  0,  13.817,  0.98,  1, 0.00, 0.00, 1.53, 0.00, 1.61, 2.05, 0.08, 1.47, 1.27, 1.56, 0.03, 0.06, 0.06, 0.00, 0.29, 0.06, 1.26, 0.00, 0.00, 1.00, 0.00, 1.00, 1.00, 0.00, 1.00, 0.00, 1.00, 0.00, 0.00, 0.00, 1.00, 0.00, 0.00, 0.00, 1.00
831,  0,  13.833,  0.98,  1, 0.04, 0.00, 1.58, 0.00, 1.67, 2.07, 0.05, 1.61, 1.36, 1.61, 0.08, 0.05, 0.17, 0.00, 0.33, 0.06, 1.52, 0.00, 0.00, 1.00, 0.00, 1.00, 1.00, 0.00, 1.00, 0.00, 1.00, 0.00, 0.00, 0.00, 1.00, 0.00, 0.00, 0.00, 1.00
832,  0,  13.850,  0.98,  1, 0.15, 0.05, 1.70, 0.00, 1.67, 2.12, 0.10, 1.60, 1.44, 1.71, 0.27, 0.05, 0.23, 0.00, 0.24, 0.06, 1.67, 0.00, 0.00, 1.00, 0.00, 1.00, 1.00, 0.00, 1.00, 0.00, 1.00, 0.00, 0.00, 0.00, 1.00, 0.00, 0.00, 0.00, 1.00
833,  0,  13.867,  0.98,  1, 0.24, 0.05, 1.71, 0.00, 1.65, 2.00, 0.16, 1.62, 1.46, 1.57, 0.37, 0.06, 0.19, 0.00, 0.21, 0.00, 1.63, 0.00, 0.00, 1.00, 0.00, 1.00, 1.00, 0.00, 1.00, 0.00, 1.00, 0.00, 0.00, 0.00, 1.00, 0.00, 0.00, 0.00, 1.00
834,  0,  13.883,  0.98,  1, 0.20, 0.05, 1.89, 0.00, 1.72, 2.29, 0.29, 1.68, 1.43, 1.41, 0.49, 0.05, 0.08, 0.00, 0.13, 0.03, 1.67, 0.00, 0.00, 1.00, 0.00, 1.00, 1.00, 0.00, 1.00, 0.00, 1.00, 0.00, 0.00, 0.00, 1.00, 0.00, 0.00, 0.00, 1.00
835,  0,  13.900,  0.98,  1, 0.08, 0.00, 1.91, 0.00, 1.70, 2.62, 0.40, 1.57, 1.28, 1.34, 0.34, 0.09, 0.15, 0.00, 0.13, 0.12, 1.40, 0.00, 0.00, 1.00, 0.00, 1.00, 1.00, 0.00, 1.00, 0.00, 1.00, 0.00, 0.00, 0.00, 1.00, 0.00, 0.00, 0.00, 1.00
836,  0,  13.917,  0.98,  1, 0.00, 0.00, 2.03, 0.00, 1.71, 2.75, 0.47, 1.56, 1.18, 1.42, 0.22, 0.04, 0.16, 0.00, 0.09, 0.12, 1.27, 0.00, 0.00, 1.00, 0.00, 1.00, 1.00, 0.00, 1.00, 0.00, 1.00, 0.00, 0.00, 0.00, 1.00, 0.00, 0.00, 0.00, 1.00
837,  0,  13.933,  0.98,  1, 0.00, 0.00, 2.13, 0.00, 1.65, 2.75, 0.53, 1.44, 1.19, 1.56, 0.13, 0.13, 0.16, 0.05, 0.13, 0.20, 0.91, 0.00, 0.00, 1.00, 0.00, 1.00, 1.00, 0.00, 1.00, 0.00, 1.00, 0.00, 0.00, 0.00, 1.00, 0.00, 0.00, 0.00, 1.00
838,  0,  13.950,  0.98,  1, 0.00, 0.00, 1.90, 0.00, 1.71, 2.55, 0.49, 1.52, 1.21, 1.49, 0.18, 0.08, 0.13, 0.05, 0.14, 0.11, 0.77, 0.00, 0.00, 1.00, 0.00, 1.00, 1.00, 0.00, 1.00, 0.00, 1.00, 0.00, 0.00, 0.00, 1.00, 0.00, 0.00, 0.00, 1.00
839,  0,  13.967,  0.98,  1, 0.00, 0.00, 1.93, 0.00, 1.69, 2.33, 0.41, 1.52, 1.24, 1.53, 0.27, 0.08, 0.29, 0.05, 0.19, 0.11, 0.63, 0.00, 0.00, 1.00, 0.00, 1.00, 1.00, 0.00, 1.00, 0.00, 1.00, 0.00, 0.00, 0.00, 1.00, 0.00, 0.00, 0.00, 1.00
840,  0,  13.983,  0.98,  1, 0.05, 0.00, 1.74, 0.00, 1.67, 2.23, 0.31, 1.60, 1.23, 1.47, 0.18, 0.11, 0.29, 0.00, 0.20, 0.00, 0.44, 0.00, 0.00, 1.00, 0.00, 1.00, 1.00, 0.00, 1.00, 0.00, 1.00, 0.00, 0.00, 0.00, 1.00, 0.00, 0.00, 0.00, 1.00
841,  0,  14.000,  0.98,  1, 0.05, 0.00, 1.89, 0.00, 1.70, 2.20, 0.32, 1.68, 1.28, 1.55, 0.13, 0.13, 0.37, 0.00, 0.18, 0.02, 0.30, 0.00, 0.00, 1.00, 0.00, 1.00, 1.00, 0.00, 1.00, 0.00, 1.00, 0.00, 0.00, 0.00, 1.00, 0.00, 0.00, 0.00, 1.00
842,  0,  14.017,  0.98,  1, 0.05, 0.00, 1.75, 0.00, 1.70, 2.07, 0.33, 1.66, 1.32, 1.50, 0.04, 0.25, 0.18, 0.00, 0.10, 0.03, 0.13, 0.00, 0.00, 1.00, 0.00, 1.00, 1.00, 0.00, 1.00, 0.00, 1.00, 0.00, 0.00, 0.00, 1.00, 0.00, 0.00, 0.00, 1.00
843,  0,  14.033,  0.98,  1, 0.00, 0.00, 1.84, 0.00, 1.74, 2.00, 0.36, 1.70, 1.34, 1.57, 0.04, 0.20, 0.18, 0.02, 0.17, 0.03, 0.16, 0.00, 0.00, 1.00, 0.00, 1.00, 1.00, 0.00, 1.00, 0.00, 1.00, 0.00, 0.00, 0.00, 1.00, 0.00, 0.00, 0.00, 1.00
844,  0,  14.050,  0.98,  1, 0.00, 0.00, 1.84, 0.00, 1.67, 2.01, 0.25, 1.67, 1.28, 1.72, 0.00, 0.30, 0.00, 0.05, 0.13, 0.01, 0.20, 0.00, 0.00, 1.00, 0.00, 1.00, 1.00, 0.00, 1.00, 0.00, 1.00, 0.00, 0.00, 0.00, 1.00, 0.00, 0.00, 0.00, 1.00
845,  0,  14.067,  0.98,  1, 0.00, 0.00, 1.84, 0.00, 1.64, 2.12, 0.20, 1.73, 1.29, 1.74, 0.00, 0.23, 0.00, 0.07, 0.13, 0.01, 0.28, 0.00, 0.00, 1.00, 0.00, 1.00, 1.00, 0.00, 1.00, 0.00, 1.00, 0.00, 0.00, 0.00, 1.00, 0.00, 0.00, 0.00, 1.00
846,  0,  14.083,  0.98,  1, 0.00, 0.00, 1.81, 0.00, 1.66, 1.95, 0.10, 1.68, 1.26, 1.66, 0.00, 0.18, 0.00, 0.07, 0.03, 0.01, 0.35, 0.00, 0.00, 1.00, 0.00, 1.00, 1.00, 0.00, 1.00, 0.00, 1.00, 0.00, 0.00, 0.00, 1.00, 0.00, 0.00, 0.00, 1.00
847,  0,  14.100,  0.98,  1, 0.00, 0.00, 1.76, 0.00, 1.65, 1.75, 0.11, 1.69, 1.28, 1.31, 0.01, 0.12, 0.03, 0.08, 0.22, 0.00, 0.36, 0.00, 0.00, 1.00, 0.00, 1.00, 1.00, 0.00, 1.00, 0.00, 1.00, 0.00, 0.00, 0.00, 1.00, 0.00, 0.00, 0.00, 1.00
848,  0,  14.117,  0.98,  1, 0.00, 0.00, 1.79, 0.00, 1.65, 1.58, 0.13, 1.68, 1.24, 1.25, 0.01, 0.19, 0.03, 0.09, 0.22, 0.00, 0.28, 0.00, 0.00, 1.00, 0.00, 1.00, 1.00, 0.00, 1.00, 0.00, 1.00, 0.00, 0.00, 0.00, 1.00, 0.00, 0.00, 0.00, 1.00
849,  0,  14.133,  0.98,  1, 0.00, 0.00, 1.69, 0.00, 1.60, 1.50, 0.26, 1.61, 1.20, 1.11, 0.01, 0.19, 0.03, 0.08, 0.25, 0.00, 0.20, 0.00, 0.00, 1.00, 0.00, 1.00, 1.00, 0.00, 1.00, 0.00, 1.00, 0.00, 0.00, 0.00, 1.00, 0.00, 0.00, 0.00, 1.00
850,  0,  14.150,  0.98,  1, 0.00, 0.00, 1.60, 0.00, 1.61, 1.52, 0.32, 1.57, 1.15, 1.20, 0.00, 0.14, 0.00, 0.04, 0.12, 0.03, 0.16, 0.00, 0.00, 1.00, 0.00, 1.00, 1.00, 0.00, 1.00, 0.00, 1.00, 0.00, 0.00, 0.00, 1.00, 0.00, 0.00, 0.00, 0.00
851,  0,  14.167,  0.98,  1, 0.00, 0.00, 1.67, 0.00, 1.59, 1.59, 0.31, 1.54, 1.10, 1.21, 0.00, 0.00, 0.03, 0.01, 0.12, 0.03, 0.34, 0.00, 0.00, 1.00, 0.00, 1.00, 1.00, 0.00, 1.00, 0.00, 1.00, 0.00, 0.00, 0.00, 1.00, 0.00, 0.00, 0.00, 0.00
852,  0,  14.183,  0.98,  1, 0.00, 0.00, 1.72, 0.00, 1.55, 1.65, 0.18, 1.48, 1.16, 1.32, 0.00, 0.00, 0.03, 0.05, 0.19, 0.10, 0.21, 0.00, 0.00, 1.00, 0.00, 1.00, 1.00, 0.00, 1.00, 0.00, 1.00, 0.00, 0.00, 0.00, 1.00, 0.00, 0.00, 0.00, 0.00
853,  0,  14.200,  0.98,  1, 0.00, 0.00, 1.64, 0.00, 1.61, 1.64, 0.09, 1.50, 1.18, 1.28, 0.00, 0.00, 0.05, 0.05, 0.28, 0.07, 0.18, 0.00, 0.00, 1.00, 0.00, 1.00, 1.00, 0.00, 1.00, 0.00, 1.00, 0.00, 0.00, 0.00, 1.00, 0.00, 0.00, 0.00, 0.00
854,  0,  14.217,  0.98,  1, 0.00, 0.00, 1.45, 0.02, 1.61, 1.54, 0.03, 1.33, 1.27, 1.49, 0.00, 0.04, 0.02, 0.07, 0.28, 0.07, 0.08, 0.00, 0.00, 1.00, 0.00, 1.00, 1.00, 0.00, 1.00, 0.00, 1.00, 0.00, 0.00, 0.00, 1.00, 0.00, 0.00, 0.00, 0.00
855,  0,  14.233,  0.98,  1, 0.00, 0.00, 1.30, 0.02, 1.60, 1.39, 0.02, 1.30, 1.30, 1.30, 0.00, 0.08, 0.02, 0.08, 0.27, 0.01, 0.08, 0.00, 0.00, 1.00, 0.00, 1.00, 1.00, 0.00, 1.00, 0.00, 1.00, 0.00, 0.00, 0.00, 1.00, 0.00, 0.00, 0.00, 0.00
856,  0,  14.250,  0.98,  1, 0.04, 0.00, 1.45, 0.02, 1.48, 1.41, 0.00, 1.18, 1.30, 1.29, 0.15, 0.16, 0.03, 0.17, 0.22, 0.01, 0.18, 0.00, 0.00, 1.00, 0.00, 1.00, 1.00, 0.00, 1.00, 0.00, 1.00, 0.00, 0.00, 0.00, 1.00, 0.00, 0.00, 0.00, 0.00
857,  0,  14.267,  0.98,  1, 0.08, 0.00, 1.62, 0.00, 1.44, 1.65, 0.07, 1.35, 1.24, 1.14, 0.16, 0.25, 0.05, 0.20, 0.36, 0.06, 0.13, 0.00, 0.00, 1.00, 0.00, 1.00, 1.00, 0.00, 1.00, 0.00, 1.00, 0.00, 0.00, 0.00, 1.00, 0.00, 0.00, 0.00, 0.00
858,  0,  14.283,  0.98,  1, 0.08, 0.00, 1.68, 0.00, 1.43, 2.04, 0.12, 1.47, 1.21, 1.37, 0.19, 0.27, 0.05, 0.15, 0.24, 0.07, 0.22, 0.00, 0.00, 1.00, 0.00, 1.00, 1.00, 0.00, 1.00, 0.00, 1.00, 0.00, 0.00, 0.00, 1.00, 0.00, 0.00, 0.00, 0.00
859,  0,  14.300,  0.98,  1, 0.04, 0.00, 1.55, 0.00, 1.43, 2.06, 0.12, 1.46, 1.17, 1.47, 0.04, 0.34, 0.19, 0.10, 0.26, 0.13, 0.13, 0.00, 0.00, 1.00, 0.00, 1.00, 1.00, 0.00, 1.00, 0.00, 1.00, 0.00, 0.00, 0.00, 1.00, 0.00, 0.00, 0.00, 0.00
860,  0,  14.317,  0.98,  1, 0.00, 0.00, 1.41, 0.00, 1.44, 2.04, 0.12, 1.42, 1.10, 1.48, 0.03, 0.20, 0.22, 0.14, 0.27, 0.07, 0.18, 0.00, 0.00, 1.00, 0.00, 1.00, 1.00, 0.00, 1.00, 0.00, 1.00, 0.00, 0.00, 0.00, 1.00, 0.00, 0.00, 0.00, 0.00
861,  0,  14.333,  0.98,  1, 0.00, 0.00, 1.34, 0.00, 1.47, 1.69, 0.08, 1.28, 1.11, 1.40, 0.00, 0.15, 0.22, 0.16, 0.35, 0.14, 0.09, 0.00, 0.00, 1.00, 0.00, 1.00, 1.00, 0.00, 1.00, 0.00, 1.00, 0.00, 0.00, 0.00, 1.00, 0.00, 0.00, 0.00, 0.00
862,  0,  14.350,  0.98,  1, 0.00, 0.00, 1.19, 0.00, 1.41, 1.64, 0.08, 1.25, 1.18, 1.33, 0.03, 0.12, 0.05, 0.18, 0.23, 0.08, 0.09, 0.00, 0.00, 1.00, 0.00, 1.00, 1.00, 0.00, 1.00, 0.00, 1.00, 0.00, 0.00, 0.00, 1.00, 0.00, 0.00, 0.00, 0.00
863,  0,  14.367,  0.98,  1, 0.00, 0.00, 1.13, 0.00, 1.37, 1.56, 0.05, 1.10, 1.21, 1.24, 0.03, 0.12, 0.04, 0.09, 0.13, 0.08, 0.06, 0.00, 0.00, 1.00, 0.00, 1.00, 1.00, 0.00, 1.00, 0.00, 1.00, 0.00, 0.00, 0.00, 1.00, 0.00, 0.00, 0.00, 0.00
864,  0,  14.383,  0.98,  1, 0.00, 0.00, 1.22, 0.00, 1.32, 1.88, 0.07, 1.17, 1.10, 1.31, 0.10, 0.12, 0.18, 0.10, 0.06, 0.05, 0.06, 0.00, 0.00, 1.00, 0.00, 1.00, 1.00, 0.00, 1.00, 0.00, 1.00, 0.00, 0.00, 0.00, 1.00, 0.00, 0.00, 0.00, 0.00
865,  0,  14.400,  0.98,  1, 0.01, 0.00, 1.28, 0.00, 1.36, 1.56, 0.07, 1.14, 1.11, 1.32, 0.07, 0.01, 0.18, 0.07, 0.16, 0.11, 0.06, 0.00, 0.00, 1.00, 0.00, 1.00, 1.00, 0.00, 0.00, 0.00, 1.00, 0.00, 0.00, 0.00, 1.00, 0.00, 0.00, 0.00, 0.00
866,  0,  14.417,  0.98,  1, 0.01, 0.00, 1.27, 0.00, 1.39, 1.33, 0.09, 1.29, 1.14, 1.37, 0.11, 0.08, 0.21, 0.12, 0.19, 0.21, 0.00, 0.00, 0.00, 1.00, 0.00, 1.00, 1.00, 0.00, 0.00, 0.00, 1.00, 0.00, 0.00, 0.00, 1.00, 0.00, 0.00, 0.00, 0.00
867,  0,  14.433,  0.98,  1, 0.01, 0.00, 1.14, 0.00, 1.36, 0.94, 0.10, 1.22, 1.18, 1.39, 0.04, 0.09, 0.07, 0.13, 0.21, 0.16, 0.00, 0.00, 0.00, 1.00, 0.00, 1.00, 1.00, 0.00, 1.00, 0.00, 1.00, 0.00, 0.00, 0.00, 1.00, 0.00, 0.00, 0.00, 0.00
868,  0,  14.450,  0.98,  1, 0.00, 0.00, 1.35, 0.00, 1.39, 1.16, 0.14, 1.23, 1.14, 1.30, 0.04, 0.11, 0.07, 0.18, 0.12, 0.16, 0.00, 0.00, 0.00, 1.00, 0.00, 1.00, 1.00, 0.00, 1.00, 0.00, 1.00, 0.00, 0.00, 0.00, 1.00, 0.00, 0.00, 0.00, 0.00
869,  0,  14.467,  0.98,  1, 0.00, 0.00, 1.32, 0.00, 1.38, 1.47, 0.10, 1.23, 1.08, 1.24, 0.01, 0.17, 0.11, 0.24, 0.05, 0.07, 0.00, 0.00, 0.00, 1.00, 0.00, 1.00, 1.00, 0.00, 1.00, 0.00, 1.00, 0.00, 0.00, 0.00, 1.00, 0.00, 0.00, 0.00, 0.00
870,  0,  14.483,  0.98,  1, 0.00, 0.00, 1.23, 0.00, 1.41, 1.63, 0.04, 1.30, 1.06, 1.18, 0.01, 0.17, 0.11, 0.22, 0.03, 0.10, 0.00, 0.00, 0.00, 1.00, 0.00, 1.00, 1.00, 0.00, 0.00, 0.00, 1.00, 0.00, 0.00, 0.00, 1.00, 0.00, 0.00, 0.00, 0.00
871,  0,  14.500,  0.98,  1, 0.00, 0.00, 1.05, 0.00, 1.26, 1.55, 0.00, 1.22, 1.07, 1.20, 0.03, 0.14, 0.11, 0.17, 0.00, 0.05, 0.09, 0.00, 0.00, 1.00, 0.00, 1.00, 1.00, 0.00, 0.00, 0.00, 1.00, 0.00, 0.00, 0.00, 1.00, 0.00, 0.00, 0.00, 0.00
872,  0,  14.517,  0.98,  1, 0.00, 0.00, 1.17, 0.00, 1.25, 1.31, 0.08, 1.09, 1.10, 1.34, 0.02, 0.08, 0.09, 0.12, 0.17, 0.31, 0.09, 0.00, 0.00, 1.00, 0.00, 1.00, 1.00, 0.00, 1.00, 0.00, 1.00, 0.00, 0.00, 0.00, 1.00, 0.00, 0.00, 0.00, 0.00
873,  0,  14.533,  0.98,  1, 0.00, 0.00, 1.20, 0.00, 1.22, 1.30, 0.09, 1.10, 1.08, 1.39, 0.02, 0.09, 0.09, 0.16, 0.17, 0.32, 0.09, 0.00, 0.00, 1.00, 0.00, 1.00, 1.00, 0.00, 1.00, 0.00, 1.00, 0.00, 0.00, 0.00, 1.00, 0.00, 0.00, 0.00, 0.00
874,  0,  14.550,  0.98,  1, 0.00, 0.00, 1.24, 0.00, 1.35, 1.28, 0.10, 1.21, 1.05, 1.37, 0.02, 0.16, 0.11, 0.13, 0.23, 0.32, 0.00, 0.00, 0.00, 1.00, 0.00, 1.00, 1.00, 0.00, 1.00, 0.00, 1.00, 0.00, 0.00, 0.00, 1.00, 0.00, 0.00, 0.00, 0.00
875,  0,  14.567,  0.98,  1, 0.00, 0.01, 1.19, 0.00, 1.39, 1.23, 0.02, 1.34, 1.10, 1.31, 0.02, 0.17, 0.02, 0.12, 0.12, 0.04, 0.00, 0.00, 0.00, 1.00, 0.00, 1.00, 1.00, 0.00, 1.00, 0.00, 1.00, 0.00, 0.00, 0.00, 1.00, 0.00, 0.00, 0.00, 0.00
876,  0,  14.583,  0.98,  1, 0.00, 0.01, 1.34, 0.00, 1.37, 1.24, 0.03, 1.41, 1.18, 1.27, 0.02, 0.16, 0.07, 0.04, 0.17, 0.03, 0.00, 0.00, 0.00, 1.00, 0.00, 1.00, 1.00, 0.00, 1.00, 0.00, 1.00, 0.00, 0.00, 0.00, 1.00, 0.00, 0.00, 0.00, 0.00
877,  0,  14.600,  0.98,  1, 0.00, 0.01, 1.24, 0.00, 1.30, 1.12, 0.03, 1.38, 1.22, 1.40, 0.00, 0.10, 0.10, 0.11, 0.27, 0.03, 0.00, 0.00, 0.00, 1.00, 0.00, 1.00, 1.00, 0.00, 1.00, 0.00, 1.00, 0.00, 0.00, 0.00, 1.00, 0.00, 0.00, 0.00, 0.00
878,  0,  14.617,  0.98,  1, 0.00, 0.00, 1.16, 0.00, 1.25, 1.20, 0.03, 1.33, 1.17, 1.40, 0.00, 0.03, 0.11, 0.15, 0.27, 0.07, 0.00, 0.00, 0.00, 1.00, 0.00, 1.00, 1.00, 0.00, 1.00, 0.00, 1.00, 0.00, 0.00, 0.00, 1.00, 0.00, 0.00, 0.00, 0.00
879,  0,  14.633,  0.98,  1, 0.00, 0.00, 1.12, 0.00, 1.25, 1.10, 0.03, 1.20, 1.17, 1.50, 0.00, 0.02, 0.07, 0.27, 0.34, 0.04, 0.00, 0.00, 0.00, 1.00, 0.00, 1.00, 1.00, 0.00, 0.00, 0.00, 1.00, 0.00, 0.00, 0.00, 1.00, 0.00, 0.00, 0.00, 0.00
880,  0,  14.650,  0.98,  1, 0.00, 0.00, 1.29, 0.01, 1.31, 1.34, 0.07, 1.08, 1.09, 1.53, 0.00, 0.05, 0.01, 0.29, 0.19, 0.04, 0.00, 0.00, 0.00, 1.00, 0.00, 1.00, 1.00, 0.00, 0.00, 0.00, 1.00, 0.00, 0.00, 0.00, 1.00, 0.00, 0.00, 0.00, 0.00
881,  0,  14.667,  0.98,  1, 0.00, 0.00, 1.28, 0.01, 1.38, 1.26, 0.07, 0.98, 1.12, 1.54, 0.03, 0.13, 0.12, 0.31, 0.17, 0.07, 0.00, 0.00, 0.00, 1.00, 0.00, 1.00, 1.00, 0.00, 0.00, 0.00, 1.00, 0.00, 0.00, 0.00, 1.00, 0.00, 0.00, 0.00, 0.00
882,  0,  14.683,  0.98,  1, 0.00, 0.00, 1.21, 0.01, 1.41, 1.33, 0.04, 0.88, 1.11, 1.39, 0.03, 0.13, 0.24, 0.25, 0.15, 0.07, 0.00, 0.00, 0.00, 1.00, 0.00, 1.00, 1.00, 0.00, 0.00, 0.00, 1.00, 0.00, 0.00, 0.00, 1.00, 0.00, 0.00, 0.00, 0.00
883,  0,  14.700,  0.98,  1, 0.00, 0.00, 1.05, 0.00, 1.40, 1.03, 0.00, 0.89, 1.15, 1.38, 0.03, 0.09, 0.26, 0.21, 0.15, 0.07, 0.00, 0.00, 0.00, 1.00, 0.00, 1.00, 1.00, 0.00, 0.00, 0.00, 1.00, 0.00, 0.00, 0.00, 1.00, 0.00, 0.00, 0.00, 0.00
884,  0,  14.717,  0.98,  1, 0.00, 0.00, 1.11, 0.00, 1.29, 1.05, 0.00, 0.93, 1.17, 1.47, 0.03, 0.03, 0.14, 0.27, 0.12, 0.02, 0.05, 0.00, 0.00, 1.00, 0.00, 1.00, 1.00, 0.00, 0.00, 0.00, 1.00, 0.00, 0.00, 0.00, 1.00, 0.00, 0.00, 0.00, 0.00
885,  0,  14.733,  0.98,  1, 0.00, 0.00, 1.08, 0.00, 1.25, 0.93, 0.00, 1.01, 1.18, 1.54, 0.10, 0.09, 0.02, 0.32, 0.03, 0.02, 0.05, 0.00, 0.00, 1.00, 0.00, 1.00, 1.00, 0.00, 0.00, 0.00, 1.00, 0.00, 0.00, 0.00, 1.00, 0.00, 0.00, 0.00, 0.00
886,  0,  14.750,  0.98,  1, 0.00, 0.00, 1.14, 0.00, 1.28, 0.94, 0.00, 1.16, 1.23, 1.43, 0.10, 0.08, 0.00, 0.33, 0.11, 0.05, 0.19, 0.00, 0.00, 1.00, 0.00, 1.00, 1.00, 0.00, 0.00, 0.00, 1.00, 0.00, 0.00, 0.00, 1.00, 0.00, 0.00, 0.00, 0.00
887,  0,  14.767,  0.98,  1, 0.00, 0.00, 1.26, 0.04, 1.36, 0.85, 0.00, 1.11, 1.26, 1.41, 0.06, 0.14, 0.00, 0.31, 0.09, 0.16, 0.14, 0.00, 0.00, 1.00, 0.00, 1.00, 1.00, 0.00, 1.00, 0.00, 1.00, 0.00, 0.00, 0.00, 1.00, 0.00, 0.00, 0.00, 0.00
888,  0,  14.783,  0.98,  1, 0.00, 0.00, 1.34, 0.04, 1.35, 0.90, 0.00, 1.04, 1.30, 1.30, 0.00, 0.08, 0.05, 0.32, 0.08, 0.27, 0.17, 0.00, 0.00, 1.00, 0.00, 1.00, 1.00, 0.00, 1.00, 0.00, 1.00, 0.00, 0.00, 0.00, 1.00, 0.00, 0.00, 0.00, 0.00
889,  0,  14.800,  0.98,  1, 0.01, 0.00, 1.32, 0.04, 1.33, 0.78, 0.00, 1.00, 1.31, 1.39, 0.02, 0.09, 0.05, 0.40, 0.08, 0.24, 0.03, 0.00, 0.00, 1.00, 0.00, 1.00, 1.00, 0.00, 1.00, 0.00, 1.00, 0.00, 0.00, 0.00, 1.00, 0.00, 0.00, 0.00, 0.00
890,  0,  14.817,  0.98,  1, 0.01, 0.00, 1.21, 0.00, 1.21, 0.76, 0.00, 1.04, 1.30, 1.24, 0.06, 0.11, 0.05, 0.42, 0.08, 0.15, 0.03, 0.00, 0.00, 1.00, 0.00, 1.00, 1.00, 0.00, 0.00, 0.00, 1.00, 0.00, 0.00, 0.00, 1.00, 0.00, 0.00, 0.00, 0.00
891,  0,  14.833,  0.98,  1, 0.01, 0.00, 1.14, 0.00, 1.23, 0.69, 0.00, 1.20, 1.31, 1.22, 0.17, 0.23, 0.00, 0.49, 0.09, 0.15, 0.00, 0.00, 0.00, 1.00, 0.00, 1.00, 1.00, 0.00, 0.00, 0.00, 1.00, 0.00, 0.00, 0.00, 1.00, 0.00, 0.00, 0.00, 0.00
892,  0,  14.850,  0.98,  1, 0.00, 0.00, 1.21, 0.00, 1.19, 1.14, 0.00, 1.13, 1.34, 1.24, 0.25, 0.25, 0.00, 0.49, 0.15, 0.16, 0.02, 0.00, 0.00, 1.00, 0.00, 1.00, 1.00, 0.00, 0.00, 0.00, 1.00, 0.00, 0.00, 0.00, 1.00, 0.00, 0.00, 0.00, 0.00
893,  0,  14.867,  0.98,  1, 0.00, 0.00, 1.11, 0.00, 1.31, 1.13, 0.00, 1.05, 1.32, 1.20, 0.21, 0.15, 0.08, 0.44, 0.15, 0.23, 0.02, 0.00, 0.00, 1.00, 0.00, 1.00, 1.00, 0.00, 0.00, 0.00, 1.00, 0.00, 0.00, 0.00, 1.00, 0.00, 0.00, 0.00, 0.00
894,  0,  14.883,  0.98,  1, 0.00, 0.00, 1.14, 0.00, 1.36, 1.31, 0.00, 0.91, 1.32, 1.32, 0.10, 0.04, 0.08, 0.35, 0.14, 0.22, 0.05, 0.00, 0.00, 1.00, 0.00, 1.00, 1.00, 0.00, 0.00, 0.00, 1.00, 0.00, 0.00, 0.00, 1.00, 0.00, 0.00, 0.00, 0.00
895,  0,  14.900,  0.98,  1, 0.09, 0.00, 1.25, 0.06, 1.40, 1.16, 0.00, 0.95, 1.39, 1.44, 0.20, 0.10, 0.24, 0.36, 0.00, 0.28, 0.02, 0.00, 0.00, 1.00, 0.00, 1.00, 1.00, 0.00, 0.00, 0.00, 1.00, 0.00, 0.00, 0.00, 1.00, 0.00, 0.00, 0.00, 0.00
896,  0,  14.917,  0.98,  1, 0.09, 0.00, 1.43, 0.06, 1.40, 1.09, 0.00, 1.04, 1.40, 1.55, 0.20, 0.19, 0.16, 0.40, 0.00, 0.17, 0.02, 0.00, 0.00, 1.00, 0.00, 1.00, 1.00, 0.00, 0.00, 0.00, 1.00, 0.00, 0.00, 0.00, 1.00, 0.00, 0.00, 0.00, 0.00
897,  0,  14.933,  0.98,  1, 0.09, 0.00, 1.40, 0.06, 1.38, 0.89, 0.00, 0.98, 1.35, 1.53, 0.24, 0.26, 0.20, 0.48, 0.04, 0.16, 0.08, 0.00, 0.00, 1.00, 0.00, 1.00, 1.00, 0.00, 0.00, 0.00, 1.00, 0.00, 0.00, 0.00, 1.00, 0.00, 0.00, 0.00, 0.00
898,  0,  14.950,  0.98,  1, 0.00, 0.00, 1.14, 0.00, 1.39, 1.05, 0.00, 0.91, 1.28, 1.38, 0.12, 0.28, 0.04, 0.46, 0.05, 0.31, 0.08, 0.00, 0.00, 1.00, 0.00, 1.00, 1.00, 0.00, 0.00, 0.00, 1.00, 0.00, 0.00, 0.00, 1.00, 0.00, 0.00, 0.00, 0.00
899,  0,  14.967,  0.98,  1, 0.00, 0.00, 1.05, 0.00, 1.43, 1.32, 0.00, 0.87, 1.32, 1.42, 0.13, 0.19, 0.15, 0.44, 0.12, 0.31, 0.08, 0.00, 0.00, 1.00, 0.00, 1.00, 1.00, 0.00, 0.00, 0.00, 1.00, 0.00, 0.00, 0.00, 1.00, 0.00, 0.00, 0.00, 0.00
900,  0,  14.983,  0.98,  1, 0.00, 0.02, 1.06, 0.00, 1.44, 1.46, 0.00, 0.95, 1.33, 1.43, 0.09, 0.11, 0.11, 0.33, 0.16, 0.23, 0.00, 0.00, 0.00, 1.00, 0.00, 1.00, 1.00, 0.00, 0.00, 0.00, 1.00, 0.00, 0.00, 0.00, 1.00, 0.00, 0.00, 0.00, 0.00
901,  0,  15.000,  0.98,  1, 0.00, 0.02, 1.10, 0.00, 1.39, 1.40, 0.00, 1.02, 1.32, 1.50, 0.13, 0.14, 0.12, 0.32, 0.23, 0.14, 0.04, 0.00, 0.00, 1.00, 0.00, 1.00, 1.00, 0.00, 0.00, 0.00, 1.00, 0.00, 0.00, 0.00, 1.00, 0.00, 0.00, 0.00, 0.00
902,  0,  15.017,  0.98,  1, 0.00, 0.02, 1.14, 0.00, 1.38, 1.29, 0.00, 0.98, 1.26, 1.56, 0.12, 0.14, 0.04, 0.29, 0.25, 0.14, 0.04, 0.00, 0.00, 1.00, 0.00, 1.00, 1.00, 0.00, 0.00, 0.00, 1.00, 0.00, 0.00, 0.00, 1.00, 0.00, 0.00, 0.00, 0.00
903,  0,  15.033,  0.98,  1, 0.00, 0.00, 1.20, 0.00, 1.36, 1.10, 0.00, 0.92, 1.23, 1.62, 0.12, 0.14, 0.08, 0.31, 0.17, 0.16, 0.04, 0.00, 0.00, 1.00, 0.00, 1.00, 1.00, 0.00, 0.00, 0.00, 1.00, 0.00, 0.00, 0.00, 1.00, 0.00, 0.00, 0.00, 0.00
904,  0,  15.050,  0.98,  1, 0.00, 0.00, 1.07, 0.00, 1.39, 0.77, 0.00, 0.91, 1.22, 1.73, 0.00, 0.07, 0.09, 0.28, 0.09, 0.03, 0.00, 0.00, 0.00, 1.00, 0.00, 1.00, 1.00, 0.00, 0.00, 0.00, 1.00, 0.00, 0.00, 0.00, 1.00, 0.00, 0.00, 0.00, 0.00
905,  0,  15.067,  0.98,  1, 0.00, 0.00, 1.01, 0.00, 1.40, 1.00, 0.00, 0.97, 1.28, 1.65, 0.00, 0.08, 0.06, 0.35, 0.05, 0.04, 0.02, 0.00, 0.00, 1.00, 0.00, 1.00, 1.00, 0.00, 0.00, 0.00, 1.00, 0.00, 0.00, 0.00, 1.00, 0.00, 0.00, 0.00, 0.00
906,  0,  15.083,  0.98,  1, 0.00, 0.00, 0.83, 0.00, 1.35, 0.99, 0.01, 0.98, 1.31, 1.69, 0.04, 0.12, 0.02, 0.39, 0.17, 0.05, 0.04, 0.00, 0.00, 1.00, 0.00, 1.00, 1.00, 0.00, 0.00, 0.00, 1.00, 0.00, 0.00, 0.00, 1.00, 0.00, 0.00, 0.00, 0.00
907,  0,  15.100,  0.98,  1, 0.00, 0.00, 0.95, 0.00, 1.37, 1.19, 0.01, 0.95, 1.40, 1.65, 0.04, 0.05, 0.17, 0.39, 0.42, 0.05, 0.14, 0.00, 0.00, 1.00, 0.00, 1.00, 1.00, 0.00, 0.00, 0.00, 1.00, 0.00, 0.00, 0.00, 1.00, 0.00, 0.00, 0.00, 0.00
908,  0,  15.117,  0.98,  1, 0.00, 0.00, 0.94, 0.04, 1.43, 1.15, 0.01, 0.84, 1.41, 1.74, 0.16, 0.11, 0.17, 0.41, 0.40, 0.08, 0.12, 0.00, 0.00, 1.00, 0.00, 1.00, 1.00, 0.00, 0.00, 0.00, 1.00, 0.00, 0.00, 0.00, 1.00, 0.00, 0.00, 0.00, 0.00
909,  0,  15.133,  0.98,  1, 0.00, 0.00, 0.89, 0.04, 1.51, 1.25, 0.00, 0.83, 1.42, 1.63, 0.11, 0.18, 0.19, 0.46, 0.34, 0.04, 0.18, 0.00, 0.00, 1.00, 0.00, 1.00, 1.00, 0.00, 0.00, 0.00, 1.00, 0.00, 0.00, 0.00, 1.00, 0.00, 0.00, 0.00, 0.00
910,  0,  15.150,  0.98,  1, 0.00, 0.00, 0.96, 0.04, 1.54, 1.15, 0.00, 0.97, 1.38, 1.57, 0.15, 0.28, 0.11, 0.50, 0.09, 0.04, 0.19, 0.00, 0.00, 1.00, 0.00, 1.00, 1.00, 0.00, 0.00, 0.00, 1.00, 0.00, 0.00, 0.00, 1.00, 0.00, 0.00, 0.00, 0.00
911,  0,  15.167,  0.98,  1, 0.01, 0.00, 0.95, 0.06, 1.43, 1.09, 0.00, 0.98, 1.39, 1.50, 0.04, 0.33, 0.19, 0.45, 0.22, 0.00, 0.27, 0.00, 0.00, 1.00, 0.00, 1.00, 1.00, 0.00, 0.00, 0.00, 1.00, 0.00, 0.00, 0.00, 1.00, 0.00, 0.00, 0.00, 0.00
912,  0,  15.183,  0.98,  1, 0.01, 0.00, 1.07, 0.06, 1.38, 1.24, 0.00, 1.01, 1.38, 1.47, 0.04, 0.23, 0.30, 0.47, 0.20, 0.07, 0.27, 0.00, 0.00, 1.00, 0.00, 1.00, 1.00, 0.00, 1.00, 0.00, 1.00, 0.00, 0.00, 0.00, 1.00, 0.00, 0.00, 0.00, 0.00
913,  0,  15.200,  0.98,  1, 0.01, 0.00, 0.98, 0.06, 1.39, 1.24, 0.03, 0.93, 1.34, 1.59, 0.00, 0.13, 0.27, 0.47, 0.20, 0.07, 0.23, 0.00, 0.00, 1.00, 0.00, 1.00, 1.00, 0.00, 1.00, 0.00, 1.00, 0.00, 0.00, 0.00, 1.00, 0.00, 0.00, 0.00, 0.00
914,  0,  15.217,  0.98,  1, 0.00, 0.00, 1.16, 0.00, 1.47, 1.05, 0.03, 1.09, 1.29, 1.69, 0.00, 0.01, 0.27, 0.46, 0.06, 0.07, 0.14, 0.00, 0.00, 1.00, 0.00, 1.00, 1.00, 0.00, 1.00, 0.00, 1.00, 0.00, 0.00, 0.00, 1.00, 0.00, 0.00, 0.00, 0.00
915,  0,  15.233,  0.98,  1, 0.00, 0.00, 1.29, 0.00, 1.51, 0.87, 0.03, 1.16, 1.30, 1.78, 0.01, 0.08, 0.21, 0.44, 0.05, 0.00, 0.07, 0.00, 0.00, 1.00, 0.00, 1.00, 1.00, 0.00, 1.00, 0.00, 1.00, 0.00, 0.00, 0.00, 1.00, 0.00, 0.00, 0.00, 0.00
916,  0,  15.250,  0.98,  1, 0.00, 0.00, 1.36, 0.00, 1.45, 0.74, 0.00, 1.18, 1.33, 1.73, 0.16, 0.12, 0.30, 0.48, 0.08, 0.00, 0.00, 0.00, 0.00, 1.00, 0.00, 1.00, 1.00, 0.00, 1.00, 0.00, 1.00, 0.00, 0.00, 0.00, 1.00, 0.00, 0.00, 0.00, 0.00
917,  0,  15.267,  0.98,  1, 0.00, 0.00, 1.19, 0.00, 1.45, 0.92, 0.00, 1.13, 1.38, 1.74, 0.30, 0.17, 0.36, 0.48, 0.09, 0.00, 0.00, 0.00, 0.00, 1.00, 0.00, 1.00, 1.00, 0.00, 1.00, 0.00, 1.00, 0.00, 0.00, 0.00, 1.00, 0.00, 0.00, 0.00, 0.00
918,  0,  15.283,  0.98,  1, 0.00, 0.00, 1.04, 0.00, 1.50, 0.87, 0.00, 1.07, 1.41, 1.75, 0.29, 0.09, 0.39, 0.40, 0.10, 0.00, 0.00, 0.00, 0.00, 1.00, 0.00, 1.00, 1.00, 0.00, 1.00, 0.00, 1.00, 0.00, 0.00, 0.00, 1.00, 0.00, 0.00, 0.00, 0.00
919,  0,  15.300,  0.98,  1, 0.02, 0.00, 0.92, 0.00, 1.52, 1.08, 0.00, 1.07, 1.42, 1.81, 0.17, 0.09, 0.40, 0.38, 0.07, 0.00, 0.02, 0.00, 0.00, 1.00, 0.00, 1.00, 1.00, 0.00, 1.00, 0.00, 1.00, 0.00, 0.00, 0.00, 1.00, 0.00, 0.00, 0.00, 0.00
920,  0,  15.317,  0.98,  1, 0.02, 0.00, 0.78, 0.00, 1.52, 0.96, 0.00, 0.98, 1.39, 1.86, 0.05, 0.19, 0.44, 0.41, 0.06, 0.00, 0.02, 0.00, 0.00, 1.00, 0.00, 1.00, 1.00, 0.00, 1.00, 1.00, 1.00, 0.00, 0.00, 0.00, 1.00, 0.00, 0.00, 0.00, 0.00
921,  0,  15.333,  0.98,  1, 0.02, 0.00, 0.83, 0.00, 1.48, 1.06, 0.04, 0.96, 1.41, 1.89, 0.18, 0.31, 0.53, 0.47, 0.13, 0.15, 0.02, 0.00, 0.00, 1.00, 0.00, 1.00, 1.00, 0.00, 1.00, 1.00, 1.00, 0.00, 0.00, 0.00, 1.00, 0.00, 0.00, 0.00, 0.00
922,  0,  15.350,  0.98,  1, 0.00, 0.00, 0.84, 0.00, 1.56, 1.07, 0.04, 0.97, 1.46, 1.94, 0.29, 0.35, 0.50, 0.46, 0.26, 0.15, 0.00, 0.00, 0.00, 1.00, 0.00, 1.00, 1.00, 0.00, 1.00, 1.00, 1.00, 0.00, 0.00, 0.00, 1.00, 0.00, 0.00, 0.00, 0.00
923,  0,  15.367,  0.98,  1, 0.00, 0.00, 0.85, 0.00, 1.55, 1.15, 0.04, 1.10, 1.55, 2.00, 0.27, 0.24, 0.42, 0.41, 0.36, 0.19, 0.00, 0.00, 0.00, 1.00, 0.00, 1.00, 1.00, 0.00, 1.00, 1.00, 1.00, 0.00, 0.00, 0.00, 1.00, 0.00, 0.00, 0.00, 0.00
924,  0,  15.383,  0.98,  1, 0.00, 0.00, 0.66, 0.00, 1.57, 1.17, 0.01, 1.18, 1.57, 1.85, 0.15, 0.23, 0.26, 0.41, 0.35, 0.07, 0.00, 0.00, 0.00, 1.00, 0.00, 1.00, 1.00, 0.00, 1.00, 1.00, 1.00, 0.00, 0.00, 0.00, 1.00, 0.00, 0.00, 0.00, 0.00
925,  0,  15.400,  0.98,  1, 0.00, 0.01, 0.76, 0.00, 1.48, 1.06, 0.01, 1.15, 1.58, 1.75, 0.14, 0.27, 0.25, 0.43, 0.28, 0.07, 0.00, 0.00, 0.00, 1.00, 0.00, 1.00, 1.00, 0.00, 1.00, 1.00, 1.00, 0.00, 0.00, 0.00, 1.00, 0.00, 0.00, 0.00, 0.00
926,  0,  15.417,  0.98,  1, 0.00, 0.01, 0.81, 0.00, 1.48, 1.20, 0.01, 1.15, 1.53, 1.59, 0.23, 0.45, 0.21, 0.41, 0.18, 0.03, 0.00, 0.00, 0.00, 1.00, 0.00, 1.00, 1.00, 0.00, 1.00, 1.00, 1.00, 0.00, 0.00, 0.00, 1.00, 0.00, 0.00, 0.00, 0.00
927,  0,  15.433,  0.98,  1, 0.06, 0.01, 0.82, 0.00, 1.43, 1.05, 0.00, 1.07, 1.53, 1.67, 0.35, 0.37, 0.24, 0.38, 0.23, 0.00, 0.00, 0.00, 0.00, 1.00, 0.00, 1.00, 1.00, 0.00, 1.00, 1.00, 1.00, 0.00, 0.00, 0.00, 1.00, 0.00, 0.00, 0.00, 0.00
928,  0,  15.450,  0.98,  1, 0.06, 0.00, 0.71, 0.00, 1.46, 1.06, 0.03, 1.06, 1.48, 1.77, 0.31, 0.39, 0.13, 0.45, 0.18, 0.00, 0.00, 0.00, 0.00, 1.00, 0.00, 1.00, 1.00, 0.00, 1.00, 1.00, 1.00, 0.00, 0.00, 0.00, 1.00, 0.00, 0.00, 0.00, 0.00
929,  0,  15.467,  0.98,  1, 0.06, 0.00, 0.68, 0.00, 1.44, 0.68, 0.03, 1.01, 1.45, 1.82, 0.26, 0.37, 0.06, 0.51, 0.18, 0.02, 0.00, 0.00, 0.00, 1.00, 0.00, 1.00, 1.00, 0.00, 1.00, 1.00, 1.00, 0.00, 0.00, 0.00, 1.00, 0.00, 0.00, 0.00, 0.00
930,  0,  15.483,  0.98,  1, 0.00, 0.00, 0.80, 0.00, 1.46, 0.71, 0.03, 1.03, 1.45, 1.94, 0.20, 0.42, 0.05, 0.54, 0.03, 0.02, 0.00, 0.00, 0.00, 1.00, 0.00, 1.00, 1.00, 0.00, 1.00, 1.00, 1.00, 0.00, 1.00, 0.00, 1.00, 0.00, 0.00, 0.00, 0.00
931,  0,  15.500,  0.98,  1, 0.05, 0.00, 0.90, 0.00, 1.44, 0.72, 0.01, 1.00, 1.43, 1.85, 0.31, 0.45, 0.08, 0.55, 0.08, 0.12, 0.00, 0.00, 0.00, 1.00, 0.00, 1.00, 1.00, 0.00, 1.00, 1.00, 1.00, 0.00, 0.00, 0.00, 1.00, 0.00, 0.00, 0.00, 0.00
932,  0,  15.517,  0.98,  1, 0.05, 0.00, 0.88, 0.00, 1.48, 0.73, 0.01, 0.96, 1.45, 1.77, 0.33, 0.47, 0.18, 0.52, 0.08, 0.13, 0.00, 0.00, 0.00, 1.00, 0.00, 1.00, 1.00, 0.00, 1.00, 1.00, 1.00, 0.00, 0.00, 0.00, 1.00, 0.00, 0.00, 0.00, 0.00
933,  0,  15.533,  0.98,  1, 0.05, 0.00, 0.98, 0.00, 1.53, 0.89, 0.00, 1.06, 1.53, 1.77, 0.37, 0.51, 0.30, 0.55, 0.11, 0.13, 0.00, 0.00, 0.00, 1.00, 0.00, 1.00, 1.00, 0.00, 1.00, 0.00, 1.00, 0.00, 0.00, 0.00, 1.00, 0.00, 0.00, 0.00, 0.00
934,  0,  15.550,  0.98,  1, 0.00, 0.00, 1.03, 0.00, 1.58, 0.96, 0.00, 1.20, 1.57, 1.87, 0.24, 0.39, 0.27, 0.52, 0.04, 0.02, 0.01, 0.00, 0.00, 1.00, 0.00, 1.00, 1.00, 0.00, 1.00, 1.00, 1.00, 0.00, 0.00, 0.00, 1.00, 0.00, 0.00, 0.00, 0.00
935,  0,  15.567,  0.98,  1, 0.00, 0.00, 1.10, 0.00, 1.58, 1.12, 0.01, 1.29, 1.55, 1.97, 0.23, 0.22, 0.18, 0.50, 0.23, 0.06, 0.01, 0.00, 0.00, 1.00, 0.00, 1.00, 1.00, 0.00, 1.00, 1.00, 1.00, 0.00, 0.00, 0.00, 1.00, 0.00, 0.00, 0.00, 0.00
936,  0,  15.583,  0.98,  1, 0.00, 0.00, 0.99, 0.00, 1.54, 1.16, 0.06, 1.15, 1.49, 1.96, 0.12, 0.19, 0.18, 0.52, 0.29, 0.12, 0.01, 0.00, 0.00, 1.00, 0.00, 1.00, 1.00, 0.00, 1.00, 1.00, 1.00, 0.00, 0.00, 0.00, 1.00, 0.00, 0.00, 0.00, 0.00
937,  0,  15.600,  0.98,  1, 0.01, 0.00, 1.02, 0.00, 1.51, 1.14, 0.06, 1.17, 1.49, 1.93, 0.12, 0.25, 0.22, 0.44, 0.45, 0.15, 0.00, 0.00, 0.00, 1.00, 0.00, 1.00, 1.00, 0.00, 1.00, 1.00, 1.00, 0.00, 0.00, 0.00, 1.00, 0.00, 0.00, 0.00, 0.00
938,  0,  15.617,  0.98,  1, 0.01, 0.00, 1.25, 0.00, 1.58, 1.34, 0.09, 1.20, 1.56, 1.94, 0.09, 0.30, 0.20, 0.43, 0.28, 0.18, 0.00, 0.00, 0.00, 1.00, 0.00, 1.00, 1.00, 0.00, 1.00, 1.00, 1.00, 0.00, 0.00, 0.00, 1.00, 0.00, 0.00, 0.00, 0.00
939,  0,  15.633,  0.98,  1, 0.01, 0.00, 1.11, 0.00, 1.55, 1.21, 0.04, 1.33, 1.59, 1.95, 0.29, 0.35, 0.11, 0.36, 0.22, 0.14, 0.00, 0.00, 0.00, 1.00, 0.00, 1.00, 1.00, 0.00, 1.00, 1.00, 1.00, 0.00, 0.00, 0.00, 1.00, 0.00, 0.00, 0.00, 0.00
940,  0,  15.650,  0.98,  1, 0.00, 0.00, 1.13, 0.00, 1.54, 1.25, 0.05, 1.13, 1.56, 2.03, 0.25, 0.33, 0.13, 0.38, 0.16, 0.12, 0.00, 0.00, 0.00, 1.00, 0.00, 1.00, 1.00, 0.00, 1.00, 1.00, 1.00, 0.00, 0.00, 0.00, 1.00, 0.00, 0.00, 0.00, 0.00
941,  0,  15.667,  0.98,  1, 0.00, 0.00, 0.89, 0.00, 1.42, 0.98, 0.00, 1.03, 1.59, 2.02, 0.27, 0.31, 0.16, 0.39, 0.15, 0.07, 0.00, 0.00, 0.00, 1.00, 0.00, 1.00, 1.00, 0.00, 1.00, 1.00, 1.00, 0.00, 0.00, 0.00, 1.00, 0.00, 0.00, 0.00, 0.00
942,  0,  15.683,  0.98,  1, 0.00, 0.00, 0.94, 0.00, 1.42, 1.01, 0.00, 0.96, 1.58, 1.77, 0.07, 0.25, 0.09, 0.41, 0.09, 0.08, 0.01, 0.00, 0.00, 1.00, 0.00, 1.00, 1.00, 0.00, 1.00, 1.00, 1.00, 0.00, 0.00, 0.00, 1.00, 0.00, 0.00, 0.00, 0.00
943,  0,  15.700,  0.98,  1, 0.00, 0.00, 0.71, 0.00, 1.49, 1.01, 0.03, 1.00, 1.58, 1.74, 0.08, 0.17, 0.08, 0.43, 0.00, 0.08, 0.01, 0.00, 0.00, 1.00, 0.00, 1.00, 1.00, 0.00, 1.00, 0.00, 1.00, 0.00, 0.00, 0.00, 1.00, 0.00, 0.00, 0.00, 0.00
944,  0,  15.717,  0.98,  1, 0.00, 0.00, 0.82, 0.00, 1.47, 1.15, 0.06, 1.01, 1.46, 1.70, 0.16, 0.17, 0.14, 0.36, 0.06, 0.04, 0.01, 0.00, 0.00, 1.00, 0.00, 1.00, 1.00, 0.00, 1.00, 1.00, 1.00, 0.00, 0.00, 0.00, 1.00, 0.00, 0.00, 0.00, 0.00
945,  0,  15.733,  0.98,  1, 0.00, 0.00, 0.96, 0.00, 1.51, 1.24, 0.06, 1.03, 1.45, 1.87, 0.21, 0.13, 0.37, 0.32, 0.08, 0.15, 0.06, 0.00, 0.00, 1.00, 0.00, 1.00, 1.00, 0.00, 1.00, 1.00, 1.00, 0.00, 0.00, 0.00, 1.00, 0.00, 0.00, 0.00, 0.00
946,  0,  15.750,  0.98,  1, 0.00, 0.00, 1.17, 0.00, 1.44, 1.07, 0.03, 1.15, 1.47, 1.81, 0.18, 0.23, 0.49, 0.23, 0.18, 0.15, 0.06, 0.00, 0.00, 1.00, 0.00, 1.00, 1.00, 0.00, 1.00, 1.00, 1.00, 0.00, 0.00, 0.00, 1.00, 0.00, 0.00, 0.00, 0.00
947,  0,  15.767,  0.98,  1, 0.00, 0.00, 1.06, 0.00, 1.51, 1.10, 0.00, 1.31, 1.55, 1.93, 0.05, 0.17, 0.49, 0.29, 0.22, 0.20, 0.17, 0.00, 0.00, 1.00, 0.00, 1.00, 1.00, 0.00, 1.00, 1.00, 1.00, 0.00, 0.00, 0.00, 1.00, 0.00, 0.00, 0.00, 0.00
948,  0,  15.783,  0.98,  1, 0.00, 0.00, 1.02, 0.00, 1.45, 1.08, 0.00, 1.22, 1.55, 1.84, 0.00, 0.18, 0.36, 0.29, 0.24, 0.05, 0.16, 0.00, 0.00, 1.00, 0.00, 1.00, 1.00, 0.00, 1.00, 1.00, 1.00, 0.00, 0.00, 0.00, 1.00, 0.00, 0.00, 0.00, 0.00
949,  0,  15.800,  0.98,  1, 0.00, 0.00, 1.07, 0.00, 1.42, 1.31, 0.00, 1.09, 1.53, 1.86, 0.00, 0.16, 0.18, 0.33, 0.15, 0.05, 0.33, 0.00, 0.00, 1.00, 0.00, 1.00, 1.00, 0.00, 1.00, 1.00, 1.00, 0.00, 0.00, 0.00, 1.00, 0.00, 0.00, 0.00, 0.00
950,  0,  15.817,  0.98,  1, 0.00, 0.00, 1.02, 0.00, 1.36, 1.07, 0.00, 1.01, 1.51, 1.72, 0.00, 0.16, 0.10, 0.32, 0.19, 0.00, 0.23, 0.00, 0.00, 1.00, 0.00, 1.00, 1.00, 0.00, 1.00, 1.00, 1.00, 0.00, 0.00, 0.00, 1.00, 0.00, 0.00, 0.00, 0.00
951,  0,  15.833,  0.98,  1, 0.00, 0.00, 1.05, 0.00, 1.36, 0.91, 0.00, 1.05, 1.53, 1.76, 0.04, 0.18, 0.03, 0.37, 0.19, 0.05, 0.17, 0.00, 0.00, 1.00, 0.00, 1.00, 1.00, 0.00, 1.00, 1.00, 1.00, 0.00, 0.00, 0.00, 1.00, 0.00, 0.00, 0.00, 0.00
952,  0,  15.850,  0.98,  1, 0.00, 0.00, 1.09, 0.00, 1.44, 0.91, 0.00, 1.12, 1.56, 1.71, 0.05, 0.21, 0.03, 0.39, 0.22, 0.10, 0.01, 0.00, 0.00, 1.00, 0.00, 1.00, 1.00, 0.00, 1.00, 1.00, 1.00, 0.00, 0.00, 0.00, 1.00, 0.00, 0.00, 0.00, 0.00
953,  0,  15.867,  0.98,  1, 0.00, 0.00, 1.18, 0.00, 1.43, 1.21, 0.00, 0.98, 1.55, 1.81, 0.05, 0.30, 0.06, 0.38, 0.15, 0.15, 0.00, 0.00, 0.00, 1.00, 0.00, 1.00, 1.00, 0.00, 1.00, 1.00, 1.00, 0.00, 0.00, 0.00, 1.00, 0.00, 0.00, 0.00, 0.00
954,  0,  15.883,  0.98,  1, 0.00, 0.00, 1.20, 0.00, 1.48, 1.31, 0.00, 0.95, 1.58, 1.96, 0.02, 0.21, 0.04, 0.36, 0.09, 0.15, 0.00, 0.00, 0.00, 1.00, 0.00, 1.00, 1.00, 0.00, 1.00, 1.00, 1.00, 0.00, 0.00, 0.00, 1.00, 0.00, 0.00, 0.00, 0.00
955,  0,  15.900,  0.98,  1, 0.06, 0.00, 1.06, 0.00, 1.39, 1.22, 0.01, 0.93, 1.53, 1.90, 0.11, 0.15, 0.06, 0.31, 0.11, 0.11, 0.00, 0.00, 0.00, 1.00, 0.00, 1.00, 1.00, 0.00, 1.00, 1.00, 1.00, 0.00, 0.00, 0.00, 1.00, 0.00, 0.00, 0.00, 0.00
956,  0,  15.917,  0.98,  1, 0.06, 0.00, 1.14, 0.00, 1.48, 0.99, 0.01, 1.15, 1.56, 1.79, 0.16, 0.17, 0.03, 0.27, 0.21, 0.05, 0.00, 0.00, 0.00, 1.00, 0.00, 1.00, 1.00, 0.00, 1.00, 1.00, 1.00, 0.00, 0.00, 0.00, 1.00, 0.00, 0.00, 0.00, 0.00
957,  0,  15.933,  0.98,  1, 0.06, 0.00, 1.05, 0.00, 1.44, 0.91, 0.01, 1.15, 1.53, 1.82, 0.25, 0.25, 0.03, 0.32, 0.30, 0.00, 0.00, 0.00, 0.00, 1.00, 0.00, 1.00, 1.00, 0.00, 1.00, 1.00, 1.00, 0.00, 0.00, 0.00, 1.00, 0.00, 0.00, 0.00, 0.00
958,  0,  15.950,  0.98,  1, 0.00, 0.00, 0.99, 0.00, 1.46, 0.79, 0.00, 1.13, 1.58, 1.88, 0.15, 0.23, 0.01, 0.35, 0.29, 0.03, 0.00, 0.00, 0.00, 1.00, 0.00, 1.00, 1.00, 0.00, 1.00, 1.00, 1.00, 0.00, 0.00, 0.00, 1.00, 0.00, 0.00, 0.00, 0.00
959,  0,  15.967,  0.98,  1, 0.00, 0.00, 0.78, 0.00, 1.38, 0.81, 0.00, 0.94, 1.55, 1.82, 0.10, 0.12, 0.00, 0.41, 0.16, 0.03, 0.09, 0.00, 0.00, 1.00, 0.00, 1.00, 1.00, 0.00, 1.00, 1.00, 1.00, 0.00, 0.00, 0.00, 1.00, 0.00, 0.00, 0.00, 0.00
960,  0,  15.983,  0.98,  1, 0.00, 0.00, 0.79, 0.00, 1.43, 0.90, 0.00, 0.94, 1.58, 1.59, 0.03, 0.04, 0.00, 0.24, 0.18, 0.03, 0.10, 0.00, 0.00, 1.00, 0.00, 1.00, 1.00, 0.00, 1.00, 1.00, 1.00, 0.00, 0.00, 0.00, 1.00, 0.00, 0.00, 0.00, 0.00
961,  0,  16.000,  0.98,  1, 0.00, 0.00, 0.83, 0.00, 1.43, 0.93, 0.00, 1.04, 1.59, 1.54, 0.03, 0.02, 0.08, 0.26, 0.15, 0.00, 0.10, 0.00, 0.00, 1.00, 0.00, 1.00, 1.00, 0.00, 1.00, 1.00, 1.00, 0.00, 0.00, 0.00, 1.00, 0.00, 0.00, 0.00, 0.00
962,  0,  16.017,  0.98,  1, 0.00, 0.00, 0.87, 0.00, 1.44, 0.92, 0.00, 1.18, 1.58, 1.58, 0.04, 0.26, 0.22, 0.25, 0.12, 0.01, 0.01, 0.00, 0.00, 1.00, 0.00, 1.00, 1.00, 0.00, 1.00, 1.00, 1.00, 0.00, 0.00, 0.00, 1.00, 0.00, 0.00, 0.00, 0.00
963,  0,  16.033,  0.98,  1, 0.11, 0.00, 0.94, 0.00, 1.42, 0.91, 0.00, 1.11, 1.53, 1.68, 0.01, 0.33, 0.31, 0.31, 0.10, 0.06, 0.00, 0.00, 0.00, 1.00, 0.00, 1.00, 1.00, 0.00, 1.00, 1.00, 1.00, 0.00, 0.00, 0.00, 1.00, 0.00, 0.00, 0.00, 0.00
964,  0,  16.050,  0.98,  1, 0.13, 0.00, 0.99, 0.00, 1.45, 0.89, 0.00, 0.97, 1.49, 1.83, 0.03, 0.33, 0.23, 0.32, 0.25, 0.06, 0.00, 0.00, 0.00, 1.00, 0.00, 1.00, 1.00, 0.00, 1.00, 1.00, 1.00, 0.00, 0.00, 0.00, 1.00, 0.00, 0.00, 0.00, 0.00
965,  0,  16.067,  0.98,  1, 0.13, 0.00, 0.94, 0.00, 1.48, 0.99, 0.00, 0.91, 1.52, 1.69, 0.06, 0.21, 0.14, 0.31, 0.25, 0.09, 0.00, 0.00, 0.00, 1.00, 0.00, 1.00, 1.00, 0.00, 1.00, 1.00, 1.00, 0.00, 0.00, 0.00, 1.00, 0.00, 0.00, 0.00, 0.00
966,  0,  16.083,  0.98,  1, 0.01, 0.00, 0.82, 0.00, 1.44, 1.12, 0.00, 1.10, 1.51, 1.73, 0.06, 0.23, 0.05, 0.34, 0.23, 0.11, 0.00, 0.00, 0.00, 1.00, 0.00, 1.00, 1.00, 0.00, 1.00, 1.00, 1.00, 0.00, 0.00, 0.00, 1.00, 0.00, 0.00, 0.00, 0.00
967,  0,  16.100,  0.98,  1, 0.00, 0.00, 0.71, 0.00, 1.41, 1.20, 0.00, 1.03, 1.46, 1.66, 0.07, 0.28, 0.21, 0.34, 0.09, 0.11, 0.04, 0.00, 0.00, 1.00, 0.00, 1.00, 1.00, 0.00, 1.00, 1.00, 1.00, 0.00, 0.00, 0.00, 1.00, 0.00, 0.00, 0.00, 0.00
968,  0,  16.117,  0.98,  1, 0.00, 0.00, 0.76, 0.10, 1.44, 1.23, 0.00, 1.04, 1.44, 1.66, 0.05, 0.33, 0.21, 0.35, 0.13, 0.07, 0.15, 0.00, 0.00, 1.00, 0.00, 1.00, 1.00, 0.00, 1.00, 1.00, 1.00, 0.00, 0.00, 0.00, 1.00, 0.00, 0.00, 0.00, 0.00
969,  0,  16.133,  0.98,  1, 0.00, 0.00, 0.88, 0.10, 1.47, 0.94, 0.00, 0.86, 1.40, 1.55, 0.07, 0.23, 0.31, 0.38, 0.16, 0.00, 0.15, 0.00, 0.00, 1.00, 0.00, 1.00, 1.00, 0.00, 1.00, 0.00, 1.00, 0.00, 0.00, 0.00, 1.00, 0.00, 0.00, 0.00, 0.00
970,  0,  16.150,  0.98,  1, 0.00, 0.00, 0.77, 0.10, 1.45, 0.87, 0.00, 0.95, 1.41, 1.43, 0.11, 0.20, 0.24, 0.37, 0.14, 0.10, 0.11, 0.00, 0.00, 1.00, 0.00, 1.00, 1.00, 0.00, 1.00, 0.00, 1.00, 0.00, 0.00, 0.00, 1.00, 0.00, 0.00, 0.00, 0.00
971,  0,  16.167,  0.98,  1, 0.00, 0.00, 0.68, 0.00, 1.36, 0.71, 0.00, 1.01, 1.36, 1.49, 0.09, 0.23, 0.20, 0.37, 0.10, 0.10, 0.00, 0.00, 0.00, 1.00, 0.00, 1.00, 1.00, 0.00, 1.00, 0.00, 1.00, 0.00, 0.00, 0.00, 1.00, 0.00, 0.00, 0.00, 0.00
972,  0,  16.183,  0.98,  1, 0.00, 0.00, 0.56, 0.00, 1.34, 1.08, 0.00, 1.06, 1.39, 1.60, 0.12, 0.33, 0.29, 0.35, 0.06, 0.10, 0.00, 0.00, 0.00, 1.00, 0.00, 1.00, 1.00, 0.00, 1.00, 1.00, 1.00, 0.00, 0.00, 0.00, 1.00, 0.00, 0.00, 0.00, 0.00
973,  0,  16.200,  0.98,  1, 0.00, 0.00, 0.70, 0.00, 1.34, 1.15, 0.00, 0.97, 1.39, 1.65, 0.18, 0.33, 0.24, 0.33, 0.06, 0.00, 0.00, 0.00, 0.00, 1.00, 0.00, 1.00, 1.00, 0.00, 0.00, 0.00, 1.00, 0.00, 0.00, 0.00, 1.00, 0.00, 0.00, 0.00, 0.00
974,  0,  16.217,  0.98,  1, 0.00, 0.00, 0.82, 0.00, 1.37, 1.52, 0.05, 0.85, 1.45, 1.69, 0.30, 0.12, 0.34, 0.30, 0.08, 0.05, 0.02, 0.00, 0.00, 1.00, 0.00, 1.00, 1.00, 0.00, 1.00, 1.00, 1.00, 0.00, 0.00, 0.00, 1.00, 0.00, 0.00, 0.00, 0.00
975,  0,  16.233,  0.98,  1, 0.00, 0.00, 0.87, 0.00, 1.39, 1.45, 0.05, 0.85, 1.41, 1.56, 0.28, 0.09, 0.19, 0.30, 0.10, 0.05, 0.08, 0.00, 0.00, 1.00, 0.00, 1.00, 1.00, 0.00, 1.00, 1.00, 1.00, 0.00, 0.00, 0.00, 1.00, 0.00, 0.00, 0.00, 0.00
976,  0,  16.250,  0.98,  1, 0.00, 0.00, 0.82, 0.04, 1.44, 1.38, 0.05, 0.93, 1.43, 1.52, 0.15, 0.07, 0.14, 0.24, 0.10, 0.05, 0.08, 0.00, 0.00, 1.00, 0.00, 1.00, 1.00, 0.00, 1.00, 1.00, 1.00, 0.00, 0.00, 0.00, 1.00, 0.00, 0.00, 0.00, 0.00
977,  0,  16.267,  0.98,  1, 0.00, 0.00, 0.74, 0.04, 1.38, 1.18, 0.01, 0.84, 1.39, 1.50, 0.16, 0.16, 0.14, 0.27, 0.07, 0.01, 0.11, 0.00, 0.00, 1.00, 0.00, 1.00, 1.00, 0.00, 0.00, 0.00, 1.00, 0.00, 0.00, 0.00, 1.00, 0.00, 0.00, 0.00, 0.00
978,  0,  16.283,  0.98,  1, 0.01, 0.00, 0.79, 0.04, 1.30, 1.04, 0.01, 0.94, 1.41, 1.48, 0.13, 0.10, 0.17, 0.27, 0.00, 0.01, 0.10, 0.00, 0.00, 1.00, 0.00, 1.00, 1.00, 0.00, 0.00, 0.00, 1.00, 0.00, 0.00, 0.00, 1.00, 0.00, 0.00, 0.00, 0.00
979,  0,  16.300,  0.98,  1, 0.01, 0.00, 0.88, 0.00, 1.25, 1.28, 0.01, 0.94, 1.43, 1.60, 0.17, 0.16, 0.36, 0.34, 0.00, 0.14, 0.10, 0.00, 0.00, 1.00, 0.00, 1.00, 1.00, 0.00, 0.00, 0.00, 1.00, 0.00, 0.00, 0.00, 1.00, 0.00, 0.00, 0.00, 0.00
980,  0,  16.317,  0.98,  1, 0.01, 0.00, 0.84, 0.00, 1.21, 1.28, 0.01, 1.01, 1.42, 1.66, 0.08, 0.07, 0.26, 0.35, 0.02, 0.13, 0.05, 0.00, 0.00, 1.00, 0.00, 1.00, 1.00, 0.00, 0.00, 0.00, 1.00, 0.00, 0.00, 0.00, 1.00, 0.00, 0.00, 0.00, 0.00
981,  0,  16.333,  0.98,  1, 0.00, 0.00, 0.84, 0.00, 1.26, 1.40, 0.01, 0.88, 1.38, 1.62, 0.16, 0.12, 0.26, 0.34, 0.02, 0.16, 0.00, 0.00, 0.00, 1.00, 0.00, 1.00, 1.00, 0.00, 0.00, 0.00, 1.00, 0.00, 0.00, 0.00, 1.00, 0.00, 0.00, 0.00, 0.00
982,  0,  16.350,  0.98,  1, 0.12, 0.00, 0.93, 0.00, 1.23, 1.27, 0.01, 0.93, 1.33, 1.52, 0.13, 0.15, 0.13, 0.37, 0.02, 0.03, 0.00, 0.00, 0.00, 1.00, 0.00, 1.00, 1.00, 0.00, 0.00, 0.00, 1.00, 0.00, 0.00, 0.00, 1.00, 0.00, 0.00, 0.00, 0.00
983,  0,  16.367,  0.98,  1, 0.12, 0.00, 1.01, 0.00, 1.28, 1.07, 0.00, 0.95, 1.32, 1.43, 0.13, 0.34, 0.13, 0.36, 0.00, 0.03, 0.00, 0.00, 0.00, 1.00, 0.00, 1.00, 1.00, 0.00, 0.00, 0.00, 1.00, 0.00, 0.00, 0.00, 1.00, 0.00, 0.00, 0.00, 0.00
984,  0,  16.383,  0.98,  1, 0.12, 0.00, 0.96, 0.00, 1.23, 0.89, 0.00, 1.04, 1.32, 1.40, 0.05, 0.30, 0.06, 0.32, 0.02, 0.00, 0.00, 0.00, 0.00, 1.00, 0.00, 1.00, 1.00, 0.00, 0.00, 0.00, 1.00, 0.00, 0.00, 0.00, 1.00, 0.00, 0.00, 0.00, 0.00
985,  0,  16.400,  0.98,  1, 0.00, 0.00, 0.89, 0.00, 1.30, 0.91, 0.00, 1.06, 1.39, 1.37, 0.15, 0.33, 0.02, 0.31, 0.09, 0.13, 0.00, 0.00, 0.00, 1.00, 0.00, 1.00, 1.00, 0.00, 1.00, 0.00, 1.00, 0.00, 0.00, 0.00, 1.00, 0.00, 0.00, 0.00, 0.00
986,  0,  16.417,  0.98,  1, 0.00, 0.00, 1.06, 0.00, 1.34, 0.98, 0.00, 1.05, 1.44, 1.48, 0.20, 0.15, 0.07, 0.27, 0.11, 0.15, 0.00, 0.00, 0.00, 1.00, 0.00, 1.00, 1.00, 0.00, 1.00, 0.00, 1.00, 0.00, 0.00, 0.00, 1.00, 0.00, 0.00, 0.00, 0.00
987,  0,  16.433,  0.98,  1, 0.13, 0.00, 1.03, 0.00, 1.39, 0.97, 0.00, 0.96, 1.35, 1.68, 0.20, 0.20, 0.07, 0.28, 0.22, 0.15, 0.00, 0.00, 0.00, 1.00, 0.00, 1.00, 1.00, 0.00, 0.00, 0.00, 1.00, 0.00, 0.00, 0.00, 1.00, 0.00, 0.00, 0.00, 0.00
988,  0,  16.450,  0.98,  1, 0.15, 0.00, 1.10, 0.00, 1.25, 0.87, 0.00, 0.74, 1.23, 1.69, 0.12, 0.09, 0.06, 0.22, 0.44, 0.11, 0.02, 0.00, 0.00, 1.00, 0.00, 1.00, 1.00, 0.00, 0.00, 0.00, 1.00, 0.00, 0.00, 0.00, 1.00, 0.00, 0.00, 0.00, 0.00
989,  0,  16.467,  0.98,  1, 0.15, 0.00, 0.93, 0.00, 1.25, 0.73, 0.00, 0.74, 1.20, 1.66, 0.04, 0.16, 0.01, 0.31, 0.42, 0.10, 0.02, 0.00, 0.00, 1.00, 0.00, 1.00, 1.00, 0.00, 1.00, 0.00, 1.00, 0.00, 0.00, 0.00, 1.00, 0.00, 0.00, 0.00, 0.00
990,  0,  16.483,  0.98,  1, 0.02, 0.00, 0.90, 0.03, 1.22, 0.65, 0.00, 0.83, 1.30, 1.60, 0.04, 0.11, 0.01, 0.32, 0.29, 0.24, 0.06, 0.00, 0.00, 1.00, 0.00, 1.00, 1.00, 0.00, 0.00, 0.00, 1.00, 0.00, 0.00, 0.00, 1.00, 0.00, 0.00, 0.00, 0.00
991,  0,  16.500,  0.98,  1, 0.00, 0.00, 0.88, 0.03, 1.25, 0.35, 0.00, 1.06, 1.30, 1.73, 0.00, 0.15, 0.01, 0.31, 0.00, 0.14, 0.04, 0.00, 0.00, 1.00, 0.00, 1.00, 1.00, 0.00, 0.00, 0.00, 1.00, 0.00, 0.00, 0.00, 1.00, 0.00, 0.00, 0.00, 0.00
992,  0,  16.517,  0.98,  1, 0.03, 0.00, 1.06, 0.03, 1.21, 0.63, 0.00, 1.02, 1.31, 1.76, 0.04, 0.13, 0.01, 0.27, 0.00, 0.14, 0.04, 0.00, 0.00, 1.00, 0.00, 1.00, 1.00, 0.00, 0.00, 0.00, 1.00, 0.00, 0.00, 0.00, 1.00, 0.00, 0.00, 0.00, 0.00
993,  0,  16.533,  0.98,  1, 0.03, 0.00, 1.07, 0.11, 1.24, 0.74, 0.00, 0.94, 1.32, 1.75, 0.04, 0.27, 0.01, 0.33, 0.08, 0.10, 0.00, 0.00, 0.00, 1.00, 0.00, 1.00, 1.00, 0.00, 0.00, 0.00, 1.00, 0.00, 0.00, 0.00, 1.00, 0.00, 0.00, 0.00, 0.00
994,  0,  16.550,  0.98,  1, 0.03, 0.00, 0.94, 0.11, 1.24, 0.87, 0.00, 0.92, 1.38, 1.64, 0.09, 0.34, 0.00, 0.36, 0.08, 0.09, 0.00, 0.00, 0.00, 1.00, 0.00, 1.00, 1.00, 0.00, 0.00, 0.00, 1.00, 0.00, 0.00, 0.00, 1.00, 0.00, 0.00, 0.00, 0.00
995,  0,  16.567,  0.98,  1, 0.00, 0.00, 0.74, 0.11, 1.22, 0.84, 0.00, 1.05, 1.41, 1.60, 0.23, 0.40, 0.00, 0.36, 0.08, 0.15, 0.00, 0.00, 0.00, 1.00, 0.00, 1.00, 1.00, 0.00, 0.00, 0.00, 1.00, 0.00, 0.00, 0.00, 1.00, 0.00, 0.00, 0.00, 0.00
996,  0,  16.583,  0.98,  1, 0.00, 0.00, 0.88, 0.00, 1.19, 0.89, 0.00, 1.20, 1.40, 1.55, 0.23, 0.45, 0.00, 0.33, 0.00, 0.05, 0.00, 0.00, 0.00, 1.00, 0.00, 1.00, 1.00, 0.00, 0.00, 0.00, 1.00, 0.00, 0.00, 0.00, 1.00, 0.00, 0.00, 0.00, 0.00
997,  0,  16.600,  0.98,  1, 0.03, 0.00, 0.84, 0.00, 1.23, 0.93, 0.00, 1.03, 1.34, 1.60, 0.18, 0.42, 0.00, 0.30, 0.08, 0.05, 0.00, 0.00, 0.00, 1.00, 0.00, 1.00, 1.00, 0.00, 0.00, 0.00, 1.00, 0.00, 0.00, 0.00, 1.00, 0.00, 0.00, 0.00, 0.00
998,  0,  16.617,  0.98,  1, 0.11, 0.00, 0.90, 0.04, 1.23, 0.77, 0.00, 0.97, 1.32, 1.63, 0.26, 0.53, 0.02, 0.31, 0.08, 0.02, 0.00, 0.00, 0.00, 1.00, 0.00, 1.00, 1.00, 0.00, 0.00, 0.00, 1.00, 0.00, 0.00, 0.00, 1.00, 0.00, 0.00, 0.00, 0.00
999,  0,  16.633,  0.98,  1, 0.17, 0.00, 0.75, 0.04, 1.19, 0.63, 0.00, 0.83, 1.32, 1.66, 0.26, 0.42, 0.04, 0.28, 0.08, 0.02, 0.00, 0.00, 0.00, 1.00, 0.00, 1.00, 1.00, 0.00, 0.00, 0.00, 1.00, 0.00, 1.00, 0.00, 1.00, 0.00, 0.00, 0.00, 0.00
1000,  0,  16.650,  0.98,  1, 0.15, 0.00, 0.94, 0.04, 1.18, 0.58, 0.00, 1.09, 1.40, 1.59, 0.26, 0.32, 0.04, 0.25, 0.04, 0.02, 0.00, 0.00, 0.00, 1.00, 0.00, 1.00, 1.00, 0.00, 0.00, 0.00, 1.00, 0.00, 1.00, 0.00, 1.00, 0.00, 0.00, 0.00, 0.00
1001,  0,  16.667,  0.98,  1, 0.08, 0.00, 0.95, 0.00, 1.22, 0.32, 0.00, 1.05, 1.39, 1.70, 0.03, 0.25, 0.01, 0.21, 0.04, 0.20, 0.00, 0.00, 0.00, 1.00, 0.00, 1.00, 1.00, 0.00, 0.00, 0.00, 1.00, 0.00, 1.00, 0.00, 1.00, 0.00, 0.00, 0.00, 0.00
1002,  0,  16.683,  0.98,  1, 0.02, 0.00, 1.01, 0.00, 1.29, 0.37, 0.00, 1.05, 1.31, 1.76, 0.10, 0.20, 0.00, 0.24, 0.06, 0.22, 0.00, 0.00, 0.00, 1.00, 0.00, 1.00, 1.00, 0.00, 0.00, 0.00, 1.00, 0.00, 0.00, 0.00, 1.00, 0.00, 0.00, 0.00, 0.00
1003,  0,  16.700,  0.98,  1, 0.00, 0.00, 1.05, 0.00, 1.36, 0.55, 0.00, 1.10, 1.31, 1.81, 0.24, 0.45, 0.08, 0.37, 0.01, 0.22, 0.08, 0.00, 0.00, 1.00, 0.00, 1.00, 1.00, 0.00, 0.00, 0.00, 1.00, 0.00, 0.00, 0.00, 1.00, 0.00, 0.00, 0.00, 0.00
1004,  0,  16.717,  0.98,  1, 0.00, 0.00, 1.08, 0.00, 1.30, 0.99, 0.00, 1.03, 1.26, 1.79, 0.24, 0.45, 0.43, 0.40, 0.20, 0.06, 0.08, 0.00, 0.00, 1.00, 0.00, 1.00, 1.00, 0.00, 0.00, 0.00, 1.00, 0.00, 0.00, 0.00, 1.00, 0.00, 0.00, 0.00, 0.00
1005,  0,  16.733,  0.98,  1, 0.00, 0.00, 1.04, 0.00, 1.29, 1.04, 0.00, 1.10, 1.35, 1.70, 0.20, 0.38, 0.47, 0.33, 0.23, 0.05, 0.08, 0.00, 0.00, 1.00, 0.00, 1.00, 1.00, 0.00, 0.00, 0.00, 1.00, 0.00, 0.00, 0.00, 1.00, 0.00, 0.00, 0.00, 0.00
1006,  0,  16.750,  0.98,  1, 0.00, 0.00, 0.92, 0.00, 1.28, 0.87, 0.00, 0.97, 1.33, 1.60, 0.06, 0.13, 0.39, 0.32, 0.31, 0.17, 0.00, 0.00, 0.00, 1.00, 0.00, 1.00, 1.00, 0.00, 0.00, 0.00, 1.00, 0.00, 0.00, 0.00, 1.00, 0.00, 0.00, 0.00, 0.00
1007,  0,  16.767,  0.98,  1, 0.00, 0.00, 0.87, 0.00, 1.31, 0.57, 0.00, 0.98, 1.37, 1.51, 0.18, 0.15, 0.04, 0.30, 0.17, 0.14, 0.01, 0.00, 0.00, 1.00, 0.00, 1.00, 1.00, 0.00, 1.00, 0.00, 1.00, 0.00, 0.00, 0.00, 1.00, 0.00, 0.00, 0.00, 0.00
1008,  0,  16.783,  0.98,  1, 0.00, 0.00, 0.94, 0.00, 1.34, 0.52, 0.00, 0.98, 1.36, 1.51, 0.19, 0.24, 0.00, 0.41, 0.36, 0.18, 0.01, 0.00, 0.00, 1.00, 0.00, 1.00, 1.00, 0.00, 0.00, 0.00, 1.00, 0.00, 0.00, 0.00, 1.00, 0.00, 0.00, 0.00, 0.00
1009,  0,  16.800,  0.98,  1, 0.00, 0.00, 0.90, 0.00, 1.29, 0.81, 0.00, 1.04, 1.38, 1.51, 0.19, 0.40, 0.00, 0.39, 0.27, 0.08, 0.01, 0.00, 0.00, 1.00, 0.00, 1.00, 1.00, 0.00, 0.00, 0.00, 1.00, 0.00, 0.00, 0.00, 1.00, 0.00, 0.00, 0.00, 0.00
1010,  0,  16.817,  0.98,  1, 0.00, 0.00, 0.93, 0.00, 1.22, 1.06, 0.00, 1.08, 1.38, 1.44, 0.04, 0.32, 0.03, 0.50, 0.27, 0.21, 0.00, 0.00, 0.00, 1.00, 0.00, 1.00, 1.00, 0.00, 0.00, 0.00, 1.00, 0.00, 0.00, 0.00, 1.00, 0.00, 0.00, 0.00, 0.00
1011,  0,  16.833,  0.98,  1, 0.00, 0.00, 0.80, 0.00, 1.17, 1.02, 0.00, 1.11, 1.44, 1.46, 0.00, 0.25, 0.12, 0.47, 0.08, 0.24, 0.00, 0.00, 0.00, 1.00, 0.00, 1.00, 1.00, 0.00, 0.00, 0.00, 1.00, 0.00, 0.00, 0.00, 1.00, 0.00, 0.00, 0.00, 0.00
1012,  0,  16.850,  0.98,  1, 0.00, 0.00, 0.87, 0.00, 1.19, 0.89, 0.00, 0.93, 1.45, 1.59, 0.00, 0.10, 0.15, 0.49, 0.16, 0.26, 0.05, 0.00, 0.00, 1.00, 0.00, 1.00, 1.00, 0.00, 0.00, 0.00, 1.00, 0.00, 0.00, 0.00, 1.00, 0.00, 0.00, 0.00, 0.00
1013,  0,  16.867,  0.98,  1, 0.00, 0.00, 0.73, 0.00, 1.28, 0.51, 0.00, 1.00, 1.46, 1.70, 0.04, 0.15, 0.27, 0.43, 0.12, 0.29, 0.05, 0.00, 0.00, 1.00, 0.00, 1.00, 1.00, 0.00, 0.00, 0.00, 1.00, 0.00, 0.00, 0.00, 1.00, 0.00, 0.00, 0.00, 0.00
1014,  0,  16.883,  0.98,  1, 0.00, 0.00, 0.75, 0.00, 1.25, 0.39, 0.00, 0.81, 1.40, 1.57, 0.06, 0.24, 0.18, 0.43, 0.12, 0.22, 0.17, 0.00, 0.00, 1.00, 0.00, 1.00, 1.00, 0.00, 0.00, 0.00, 1.00, 0.00, 0.00, 0.00, 1.00, 0.00, 0.00, 0.00, 0.00
1015,  0,  16.900,  0.98,  1, 0.09, 0.00, 0.78, 0.00, 1.24, 0.29, 0.00, 0.92, 1.40, 1.48, 0.06, 0.24, 0.21, 0.40, 0.03, 0.16, 0.12, 0.00, 0.00, 1.00, 0.00, 1.00, 1.00, 0.00, 0.00, 0.00, 1.00, 0.00, 0.00, 0.00, 1.00, 0.00, 0.00, 0.00, 0.00
1016,  0,  16.917,  0.98,  1, 0.09, 0.00, 0.88, 0.00, 1.24, 0.60, 0.00, 0.90, 1.38, 1.36, 0.01, 0.12, 0.06, 0.37, 0.15, 0.00, 0.12, 0.00, 0.00, 1.00, 0.00, 1.00, 1.00, 0.00, 0.00, 0.00, 1.00, 0.00, 0.00, 0.00, 1.00, 0.00, 0.00, 0.00, 0.00
1017,  0,  16.933,  0.98,  1, 0.09, 0.00, 0.94, 0.00, 1.34, 0.61, 0.00, 0.99, 1.41, 1.46, 0.00, 0.10, 0.06, 0.41, 0.20, 0.11, 0.08, 0.00, 0.00, 1.00, 0.00, 1.00, 1.00, 0.00, 0.00, 0.00, 1.00, 0.00, 0.00, 0.00, 1.00, 0.00, 0.00, 0.00, 0.00
1018,  0,  16.950,  0.98,  1, 0.00, 0.00, 0.80, 0.00, 1.18, 0.75, 0.00, 0.94, 1.35, 1.39, 0.00, 0.21, 0.04, 0.42, 0.20, 0.12, 0.10, 0.00, 0.00, 1.00, 0.00, 1.00, 1.00, 0.00, 0.00, 0.00, 1.00, 0.00, 0.00, 0.00, 1.00, 0.00, 0.00, 0.00, 0.00
1019,  0,  16.967,  0.98,  1, 0.05, 0.03, 0.79, 0.00, 1.17, 0.66, 0.00, 0.85, 1.41, 1.43, 0.00, 0.32, 0.12, 0.49, 0.16, 0.18, 0.10, 0.00, 0.00, 1.00, 0.00, 1.00, 1.00, 0.00, 0.00, 0.00, 1.00, 0.00, 0.00, 0.00, 1.00, 0.00, 0.00, 0.00, 0.00
1020,  0,  16.983,  0.98,  1, 0.05, 0.03, 0.77, 0.00, 1.08, 0.57, 0.00, 0.74, 1.42, 1.46, 0.00, 0.31, 0.14, 0.52, 0.08, 0.27, 0.02, 0.00, 0.00, 1.00, 0.00, 1.00, 1.00, 0.00, 0.00, 0.00, 1.00, 0.00, 0.00, 0.00, 1.00, 0.00, 0.00, 0.00, 0.00
1021,  0,  17.000,  0.98,  1, 0.05, 0.03, 0.84, 0.00, 1.22, 0.31, 0.00, 0.73, 1.46, 1.70, 0.01, 0.29, 0.15, 0.57, 0.21, 0.34, 0.00, 0.00, 0.00, 1.00, 0.00, 1.00, 1.00, 0.00, 0.00, 0.00, 1.00, 0.00, 0.00, 0.00, 1.00, 0.00, 0.00, 0.00, 0.00
1022,  0,  17.017,  0.98,  1, 0.00, 0.00, 0.85, 0.04, 1.22, 0.29, 0.00, 0.70, 1.42, 1.84, 0.01, 0.33, 0.11, 0.53, 0.14, 0.35, 0.00, 0.00, 0.00, 1.00, 0.00, 1.00, 1.00, 0.00, 0.00, 0.00, 1.00, 0.00, 0.00, 0.00, 1.00, 0.00, 0.00, 0.00, 0.00
1023,  0,  17.033,  0.98,  1, 0.00, 0.00, 0.85, 0.04, 1.23, 0.35, 0.00, 0.67, 1.35, 1.77, 0.01, 0.30, 0.10, 0.39, 0.20, 0.27, 0.00, 0.00, 0.00, 1.00, 0.00, 1.00, 1.00, 0.00, 0.00, 0.00, 1.00, 0.00, 0.00, 0.00, 1.00, 0.00, 0.00, 0.00, 0.00
1024,  0,  17.050,  0.98,  1, 0.00, 0.00, 0.83, 0.04, 1.23, 0.34, 0.00, 0.60, 1.36, 1.52, 0.00, 0.21, 0.14, 0.35, 0.06, 0.20, 0.00, 0.00, 0.00, 1.00, 0.00, 1.00, 1.00, 0.00, 0.00, 0.00, 1.00, 0.00, 0.00, 0.00, 1.00, 0.00, 0.00, 0.00, 0.00
1025,  0,  17.067,  0.98,  1, 0.00, 0.00, 0.80, 0.00, 1.28, 0.75, 0.00, 0.78, 1.28, 1.40, 0.00, 0.27, 0.23, 0.34, 0.06, 0.28, 0.00, 0.00, 0.00, 1.00, 0.00, 1.00, 1.00, 0.00, 0.00, 0.00, 1.00, 0.00, 0.00, 0.00, 1.00, 0.00, 0.00, 0.00, 0.00
1026,  0,  17.083,  0.98,  1, 0.10, 0.00, 0.86, 0.00, 1.34, 0.86, 0.00, 0.93, 1.29, 1.47, 0.00, 0.32, 0.30, 0.41, 0.03, 0.16, 0.00, 0.00, 0.00, 1.00, 0.00, 1.00, 1.00, 0.00, 0.00, 0.00, 1.00, 0.00, 0.00, 0.00, 1.00, 0.00, 0.00, 0.00, 0.00
1027,  0,  17.100,  0.98,  1, 0.10, 0.00, 0.82, 0.00, 1.48, 1.17, 0.00, 1.07, 1.31, 1.59, 0.08, 0.36, 0.21, 0.40, 0.03, 0.17, 0.00, 0.00, 0.00, 1.00, 0.00, 1.00, 1.00, 0.00, 0.00, 0.00, 1.00, 0.00, 0.00, 0.00, 1.00, 0.00, 0.00, 0.00, 0.00
1028,  0,  17.117,  0.98,  1, 0.10, 0.00, 0.83, 0.00, 1.43, 0.82, 0.00, 0.89, 1.35, 1.61, 0.08, 0.25, 0.17, 0.40, 0.07, 0.14, 0.06, 0.00, 0.00, 1.00, 0.00, 1.00, 1.00, 0.00, 0.00, 0.00, 1.00, 0.00, 0.00, 0.00, 1.00, 0.00, 0.00, 0.00, 0.00
1029,  0,  17.133,  0.98,  1, 0.00, 0.00, 0.74, 0.00, 1.47, 0.97, 0.00, 0.82, 1.39, 1.52, 0.08, 0.14, 0.12, 0.40, 0.04, 0.14, 0.06, 0.00, 0.00, 1.00, 0.00, 1.00, 1.00, 0.00, 0.00, 0.00, 1.00, 0.00, 0.00, 0.00, 1.00, 0.00, 0.00, 0.00, 0.00
1030,  0,  17.150,  0.98,  1, 0.00, 0.00, 0.79, 0.00, 1.40, 0.89, 0.00, 0.72, 1.40, 1.59, 0.04, 0.23, 0.23, 0.42, 0.11, 0.21, 0.18, 0.00, 0.00, 1.00, 0.00, 1.00, 1.00, 0.00, 0.00, 0.00, 1.00, 0.00, 0.00, 0.00, 1.00, 0.00, 0.00, 0.00, 0.00
1031,  0,  17.167,  0.98,  1, 0.00, 0.00, 0.87, 0.00, 1.36, 0.96, 0.00, 0.83, 1.39, 1.57, 0.09, 0.27, 0.29, 0.41, 0.06, 0.09, 0.12, 0.00, 0.00, 1.00, 0.00, 1.00, 1.00, 0.00, 0.00, 0.00, 1.00, 0.00, 0.00, 0.00, 1.00, 0.00, 0.00, 0.00, 0.00
1032,  0,  17.183,  0.98,  1, 0.05, 0.00, 0.95, 0.02, 1.27, 0.91, 0.00, 0.83, 1.37, 1.73, 0.09, 0.37, 0.51, 0.35, 0.06, 0.14, 0.28, 0.00, 0.00, 1.00, 0.00, 1.00, 1.00, 0.00, 0.00, 0.00, 1.00, 0.00, 0.00, 0.00, 1.00, 0.00, 0.00, 0.00, 0.00
1033,  0,  17.200,  0.98,  1, 0.05, 0.00, 0.98, 0.01, 1.22, 0.84, 0.00, 0.75, 1.37, 1.56, 0.09, 0.28, 0.51, 0.29, 0.12, 0.18, 0.20, 0.00, 0.00, 1.00, 0.00, 1.00, 1.00, 0.00, 0.00, 0.00, 1.00, 0.00, 0.00, 0.00, 1.00, 0.00, 0.00, 0.00, 0.00
1034,  0,  17.217,  0.98,  1, 0.05, 0.00, 0.89, 0.01, 1.29, 0.80, 0.00, 0.78, 1.41, 1.68, 0.04, 0.21, 0.44, 0.31, 0.13, 0.23, 0.20, 0.00, 0.00, 1.00, 0.00, 1.00, 1.00, 0.00, 0.00, 0.00, 1.00, 0.00, 0.00, 0.00, 1.00, 0.00, 0.00, 0.00, 0.00
1035,  0,  17.233,  0.98,  1, 0.00, 0.00, 0.83, 0.00, 1.34, 0.68, 0.00, 0.76, 1.44, 1.58, 0.04, 0.21, 0.37, 0.42, 0.13, 0.25, 0.10, 0.00, 0.00, 1.00, 0.00, 1.00, 1.00, 0.00, 0.00, 0.00, 1.00, 0.00, 0.00, 0.00, 1.00, 0.00, 0.00, 0.00, 0.00
1036,  0,  17.250,  0.98,  1, 0.00, 0.00, 0.86, 0.17, 1.43, 0.74, 0.00, 0.80, 1.42, 1.52, 0.00, 0.20, 0.49, 0.43, 0.01, 0.17, 0.21, 0.00, 0.00, 1.00, 0.00, 1.00, 1.00, 0.00, 0.00, 0.00, 1.00, 0.00, 0.00, 0.00, 1.00, 0.00, 0.00, 0.00, 0.00
1037,  0,  17.267,  0.98,  1, 0.00, 0.00, 0.79, 0.17, 1.36, 0.76, 0.00, 0.68, 1.45, 1.40, 0.00, 0.28, 0.42, 0.44, 0.11, 0.12, 0.39, 0.00, 0.00, 1.00, 0.00, 1.00, 1.00, 0.00, 0.00, 0.00, 1.00, 0.00, 0.00, 0.00, 1.00, 0.00, 0.00, 0.00, 0.00
1038,  0,  17.283,  0.98,  1, 0.00, 0.00, 0.79, 0.17, 1.40, 0.76, 0.00, 0.64, 1.45, 1.44, 0.00, 0.26, 0.29, 0.43, 0.20, 0.15, 0.40, 0.00, 0.00, 1.00, 0.00, 1.00, 1.00, 0.00, 0.00, 0.00, 1.00, 0.00, 0.00, 0.00, 1.00, 0.00, 0.00, 0.00, 0.00
1039,  0,  17.300,  0.98,  1, 0.00, 0.03, 0.69, 0.00, 1.31, 0.63, 0.00, 0.61, 1.50, 1.66, 0.04, 0.24, 0.06, 0.48, 0.28, 0.16, 0.25, 0.00, 0.00, 1.00, 0.00, 1.00, 1.00, 0.00, 0.00, 0.00, 1.00, 0.00, 0.00, 0.00, 1.00, 0.00, 0.00, 0.00, 0.00
1040,  0,  17.317,  0.98,  1, 0.00, 0.03, 0.87, 0.02, 1.35, 0.40, 0.00, 0.64, 1.50, 1.76, 0.04, 0.24, 0.03, 0.43, 0.17, 0.16, 0.07, 0.00, 0.00, 1.00, 0.00, 1.00, 1.00, 0.00, 0.00, 0.00, 1.00, 0.00, 0.00, 0.00, 1.00, 0.00, 0.00, 0.00, 0.00
1041,  0,  17.333,  0.98,  1, 0.00, 0.03, 1.00, 0.02, 1.28, 0.42, 0.00, 0.65, 1.47, 1.79, 0.04, 0.30, 0.00, 0.39, 0.08, 0.06, 0.00, 0.00, 0.00, 1.00, 0.00, 1.00, 1.00, 0.00, 0.00, 0.00, 1.00, 0.00, 0.00, 0.00, 1.00, 0.00, 0.00, 0.00, 0.00
1042,  0,  17.350,  0.98,  1, 0.00, 0.00, 0.93, 0.02, 1.34, 0.45, 0.03, 0.73, 1.40, 1.90, 0.00, 0.34, 0.11, 0.38, 0.00, 0.08, 0.00, 0.00, 0.00, 1.00, 0.00, 1.00, 1.00, 0.00, 0.00, 0.00, 1.00, 0.00, 0.00, 0.00, 1.00, 0.00, 0.00, 0.00, 0.00
1043,  0,  17.367,  0.98,  1, 0.00, 0.00, 0.73, 0.00, 1.36, 0.53, 0.03, 0.68, 1.38, 1.84, 0.04, 0.31, 0.17, 0.32, 0.11, 0.12, 0.00, 0.00, 0.00, 1.00, 0.00, 1.00, 1.00, 0.00, 1.00, 0.00, 1.00, 0.00, 0.00, 0.00, 1.00, 0.00, 0.00, 0.00, 0.00
1044,  0,  17.383,  0.98,  1, 0.00, 0.00, 0.64, 0.07, 1.36, 0.36, 0.03, 0.72, 1.38, 1.75, 0.04, 0.29, 0.20, 0.31, 0.18, 0.12, 0.02, 0.00, 0.00, 1.00, 0.00, 1.00, 1.00, 0.00, 1.00, 0.00, 1.00, 0.00, 0.00, 0.00, 1.00, 0.00, 0.00, 0.00, 0.00
1045,  0,  17.400,  0.98,  1, 0.00, 0.00, 0.76, 0.07, 1.37, 0.43, 0.00, 0.83, 1.41, 1.53, 0.04, 0.26, 0.09, 0.22, 0.31, 0.21, 0.08, 0.00, 0.00, 1.00, 0.00, 1.00, 1.00, 0.00, 1.00, 0.00, 1.00, 0.00, 0.00, 0.00, 1.00, 0.00, 0.00, 0.00, 0.00
1046,  0,  17.417,  0.98,  1, 0.00, 0.00, 0.87, 0.07, 1.39, 0.57, 0.00, 0.87, 1.36, 1.46, 0.06, 0.30, 0.06, 0.23, 0.40, 0.24, 0.08, 0.00, 0.00, 1.00, 0.00, 1.00, 1.00, 0.00, 1.00, 0.00, 1.00, 0.00, 0.00, 0.00, 1.00, 0.00, 0.00, 0.00, 0.00
1047,  0,  17.433,  0.98,  1, 0.01, 0.03, 0.84, 0.12, 1.45, 0.71, 0.00, 0.94, 1.34, 1.49, 0.06, 0.27, 0.14, 0.23, 0.44, 0.29, 0.13, 0.00, 0.00, 1.00, 0.00, 1.00, 1.00, 0.00, 1.00, 0.00, 1.00, 0.00, 0.00, 0.00, 1.00, 0.00, 0.00, 0.00, 0.00
1048,  0,  17.450,  0.98,  1, 0.01, 0.03, 0.76, 0.12, 1.40, 0.64, 0.00, 0.84, 1.41, 1.69, 0.11, 0.44, 0.14, 0.39, 0.36, 0.33, 0.07, 0.00, 0.00, 1.00, 0.00, 1.00, 1.00, 0.00, 1.00, 0.00, 1.00, 0.00, 0.00, 0.00, 1.00, 0.00, 0.00, 0.00, 0.00
1049,  0,  17.467,  0.98,  1, 0.01, 0.03, 0.82, 0.12, 1.39, 0.64, 0.02, 0.88, 1.46, 1.87, 0.05, 0.37, 0.20, 0.46, 0.22, 0.32, 0.16, 0.00, 0.00, 1.00, 0.00, 1.00, 1.00, 0.00, 1.00, 0.00, 1.00, 0.00, 0.00, 0.00, 1.00, 0.00, 0.00, 0.00, 0.00
1050,  0,  17.483,  0.98,  1, 0.00, 0.00, 0.84, 0.00, 1.43, 0.68, 0.02, 0.87, 1.49, 2.01, 0.07, 0.38, 0.09, 0.46, 0.29, 0.46, 0.09, 0.00, 0.00, 1.00, 0.00, 1.00, 1.00, 0.00, 1.00, 0.00, 1.00, 0.00, 0.00, 0.00, 1.00, 0.00, 0.00, 0.00, 0.00
1051,  0,  17.500,  0.98,  1, 0.00, 0.00, 0.84, 0.00, 1.42, 0.77, 0.02, 0.86, 1.37, 1.80, 0.14, 0.29, 0.09, 0.39, 0.24, 0.46, 0.09, 0.00, 0.00, 1.00, 0.00, 1.00, 1.00, 0.00, 1.00, 0.00, 1.00, 0.00, 0.00, 0.00, 1.00, 0.00, 0.00, 0.00, 0.00
1052,  0,  17.517,  0.98,  1, 0.00, 0.00, 0.79, 0.00, 1.39, 0.67, 0.00, 0.87, 1.39, 1.71, 0.27, 0.38, 0.05, 0.39, 0.27, 0.54, 0.00, 0.00, 0.00, 1.00, 0.00, 1.00, 1.00, 0.00, 1.00, 0.00, 1.00, 0.00, 0.00, 0.00, 1.00, 0.00, 0.00, 0.00, 0.00
1053,  0,  17.533,  0.98,  1, 0.00, 0.07, 0.73, 0.00, 1.27, 0.89, 0.00, 0.90, 1.41, 1.73, 0.25, 0.38, 0.08, 0.36, 0.14, 0.34, 0.00, 0.00, 0.00, 1.00, 0.00, 1.00, 1.00, 0.00, 1.00, 0.00, 1.00, 0.00, 0.00, 0.00, 1.00, 0.00, 0.00, 0.00, 0.00
1054,  0,  17.550,  0.98,  1, 0.07, 0.07, 0.82, 0.00, 1.29, 1.08, 0.00, 0.87, 1.44, 1.88, 0.12, 0.27, 0.08, 0.35, 0.24, 0.24, 0.04, 0.00, 0.00, 1.00, 0.00, 1.00, 1.00, 0.00, 1.00, 1.00, 1.00, 0.00, 0.00, 0.00, 1.00, 0.00, 0.00, 0.00, 0.00
1055,  0,  17.567,  0.98,  1, 0.07, 0.07, 0.78, 0.00, 1.26, 0.89, 0.00, 0.89, 1.42, 1.76, 0.16, 0.27, 0.03, 0.35, 0.20, 0.24, 0.06, 0.00, 0.00, 1.00, 0.00, 1.00, 1.00, 0.00, 1.00, 1.00, 1.00, 0.00, 0.00, 0.00, 1.00, 0.00, 0.00, 0.00, 0.00
1056,  0,  17.583,  0.98,  1, 0.07, 0.00, 0.73, 0.00, 1.29, 0.76, 0.00, 0.84, 1.45, 1.64, 0.18, 0.27, 0.06, 0.35, 0.15, 0.31, 0.11, 0.00, 0.00, 1.00, 0.00, 1.00, 1.00, 0.00, 1.00, 1.00, 1.00, 0.00, 0.00, 0.00, 1.00, 0.00, 0.00, 0.00, 0.00
1057,  0,  17.600,  0.98,  1, 0.00, 0.00, 0.66, 0.00, 1.29, 0.56, 0.00, 0.82, 1.46, 1.49, 0.21, 0.45, 0.16, 0.32, 0.10, 0.21, 0.07, 0.00, 0.00, 1.00, 0.00, 1.00, 1.00, 0.00, 1.00, 0.00, 1.00, 0.00, 0.00, 0.00, 1.00, 0.00, 0.00, 0.00, 0.00
1058,  0,  17.617,  0.98,  1, 0.00, 0.00, 0.59, 0.00, 1.30, 0.62, 0.00, 0.81, 1.43, 1.62, 0.04, 0.27, 0.20, 0.26, 0.11, 0.11, 0.07, 0.00, 0.00, 1.00, 0.00, 1.00, 1.00, 0.00, 1.00, 0.00, 1.00, 0.00, 0.00, 0.00, 1.00, 0.00, 0.00, 0.00, 0.00
1059,  0,  17.633,  0.98,  1, 0.00, 0.00, 0.76, 0.00, 1.34, 0.68, 0.00, 0.82, 1.38, 1.73, 0.05, 0.28, 0.25, 0.23, 0.16, 0.09, 0.02, 0.00, 0.00, 1.00, 0.00, 1.00, 1.00, 0.00, 1.00, 0.00, 1.00, 0.00, 1.00, 0.00, 1.00, 0.00, 0.00, 0.00, 0.00
1060,  0,  17.650,  0.98,  1, 0.00, 0.00, 0.79, 0.00, 1.33, 0.70, 0.00, 0.77, 1.38, 1.74, 0.02, 0.26, 0.24, 0.31, 0.11, 0.22, 0.06, 0.00, 0.00, 1.00, 0.00, 1.00, 1.00, 0.00, 0.00, 0.00, 1.00, 0.00, 1.00, 0.00, 1.00, 0.00, 0.00, 0.00, 0.00
1061,  0,  17.667,  0.98,  1, 0.00, 0.00, 0.89, 0.00, 1.33, 0.95, 0.01, 0.77, 1.36, 1.68, 0.02, 0.35, 0.26, 0.37, 0.06, 0.23, 0.12, 0.00, 0.00, 1.00, 0.00, 1.00, 1.00, 0.00, 0.00, 0.00, 1.00, 0.00, 1.00, 0.00, 1.00, 0.00, 0.00, 0.00, 0.00
1062,  0,  17.683,  0.98,  1, 0.00, 0.00, 0.80, 0.00, 1.29, 0.91, 0.01, 0.78, 1.39, 1.55, 0.13, 0.43, 0.33, 0.42, 0.01, 0.25, 0.12, 0.00, 0.00, 1.00, 0.00, 1.00, 1.00, 0.00, 0.00, 0.00, 1.00, 0.00, 0.00, 0.00, 1.00, 0.00, 0.00, 0.00, 0.00
1063,  0,  17.700,  0.98,  1, 0.00, 0.00, 0.68, 0.00, 1.32, 0.93, 0.01, 0.84, 1.37, 1.51, 0.16, 0.34, 0.26, 0.32, 0.38, 0.18, 0.08, 0.00, 0.00, 1.00, 0.00, 1.00, 1.00, 0.00, 0.00, 0.00, 1.00, 0.00, 0.00, 0.00, 1.00, 0.00, 0.00, 0.00, 0.00
1064,  0,  17.717,  0.98,  1, 0.00, 0.00, 0.66, 0.00, 1.31, 0.72, 0.00, 0.86, 1.40, 1.51, 0.16, 0.35, 0.36, 0.29, 0.49, 0.14, 0.02, 0.00, 0.00, 1.00, 0.00, 1.00, 1.00, 0.00, 0.00, 0.00, 1.00, 0.00, 0.00, 0.00, 1.00, 0.00, 0.00, 0.00, 0.00
1065,  0,  17.733,  0.98,  1, 0.00, 0.00, 0.73, 0.00, 1.26, 0.55, 0.00, 0.90, 1.36, 1.55, 0.05, 0.23, 0.20, 0.31, 0.49, 0.12, 0.00, 0.00, 0.00, 1.00, 0.00, 1.00, 1.00, 0.00, 1.00, 0.00, 1.00, 0.00, 0.00, 0.00, 1.00, 0.00, 0.00, 0.00, 0.00
1066,  0,  17.750,  0.98,  1, 0.00, 0.00, 0.88, 0.00, 1.24, 0.69, 0.00, 0.94, 1.40, 1.56, 0.01, 0.17, 0.23, 0.32, 0.31, 0.08, 0.00, 0.00, 0.00, 1.00, 0.00, 1.00, 1.00, 0.00, 1.00, 0.00, 1.00, 0.00, 0.00, 0.00, 1.00, 0.00, 0.00, 0.00, 0.00
1067,  0,  17.767,  0.98,  1, 0.00, 0.00, 0.91, 0.00, 1.25, 0.98, 0.00, 0.93, 1.39, 1.49, 0.01, 0.22, 0.10, 0.25, 0.33, 0.08, 0.03, 0.00, 0.00, 1.00, 0.00, 1.00, 1.00, 0.00, 1.00, 1.00, 1.00, 0.00, 0.00, 0.00, 1.00, 0.00, 0.00, 0.00, 0.00
1068,  0,  17.783,  0.98,  1, 0.00, 0.00, 0.93, 0.00, 1.31, 1.27, 0.05, 0.87, 1.38, 1.57, 0.23, 0.35, 0.08, 0.24, 0.44, 0.07, 0.03, 0.00, 0.00, 1.00, 0.00, 1.00, 1.00, 0.00, 1.00, 1.00, 1.00, 0.00, 0.00, 0.00, 1.00, 0.00, 0.00, 0.00, 0.00
1069,  0,  17.800,  0.98,  1, 0.00, 0.00, 0.99, 0.00, 1.30, 1.20, 0.05, 1.00, 1.44, 1.66, 0.33, 0.37, 0.10, 0.24, 0.38, 0.12, 0.08, 0.00, 0.00, 1.00, 0.00, 1.00, 1.00, 0.00, 1.00, 1.00, 1.00, 0.00, 0.00, 0.00, 1.00, 0.00, 0.00, 0.00, 0.00
1070,  0,  17.817,  0.98,  1, 0.10, 0.00, 1.05, 0.00, 1.36, 1.12, 0.05, 1.08, 1.50, 1.70, 0.39, 0.23, 0.08, 0.34, 0.28, 0.12, 0.20, 0.00, 0.00, 1.00, 0.00, 1.00, 1.00, 0.00, 1.00, 1.00, 1.00, 0.00, 0.00, 0.00, 1.00, 0.00, 0.00, 0.00, 0.00
1071,  0,  17.833,  0.98,  1, 0.10, 0.00, 0.85, 0.00, 1.38, 0.86, 0.00, 1.17, 1.51, 1.60, 0.25, 0.26, 0.08, 0.32, 0.17, 0.06, 0.20, 0.00, 0.00, 1.00, 0.00, 1.00, 1.00, 0.00, 1.00, 1.00, 1.00, 0.00, 0.00, 0.00, 1.00, 0.00, 0.00, 0.00, 0.00
1072,  0,  17.850,  0.98,  1, 0.10, 0.00, 0.77, 0.00, 1.44, 0.49, 0.00, 1.19, 1.49, 1.65, 0.28, 0.28, 0.01, 0.32, 0.28, 0.14, 0.21, 0.00, 0.00, 1.00, 0.00, 1.00, 1.00, 0.00, 1.00, 1.00, 1.00, 0.00, 0.00, 0.00, 1.00, 0.00, 0.00, 0.00, 0.00
1073,  0,  17.867,  0.98,  1, 0.00, 0.00, 0.71, 0.00, 1.44, 0.47, 0.00, 1.18, 1.46, 1.74, 0.22, 0.31, 0.01, 0.23, 0.31, 0.24, 0.06, 0.00, 0.00, 1.00, 0.00, 1.00, 1.00, 0.00, 1.00, 0.00, 1.00, 0.00, 0.00, 0.00, 1.00, 0.00, 0.00, 0.00, 0.00
1074,  0,  17.883,  0.98,  1, 0.00, 0.00, 0.81, 0.00, 1.40, 0.34, 0.00, 0.93, 1.42, 1.66, 0.12, 0.22, 0.01, 0.19, 0.58, 0.30, 0.14, 0.00, 0.00, 1.00, 0.00, 1.00, 1.00, 0.00, 1.00, 0.00, 1.00, 0.00, 0.00, 0.00, 1.00, 0.00, 0.00, 0.00, 0.00
1075,  0,  17.900,  0.98,  1, 0.00, 0.00, 0.70, 0.00, 1.33, 0.58, 0.00, 0.76, 1.39, 1.65, 0.00, 0.20, 0.05, 0.25, 0.44, 0.25, 0.07, 0.00, 0.00, 1.00, 0.00, 1.00, 1.00, 0.00, 1.00, 0.00, 1.00, 0.00, 0.00, 0.00, 1.00, 0.00, 0.00, 0.00, 0.00
1076,  0,  17.917,  0.98,  1, 0.08, 0.00, 0.72, 0.00, 1.25, 0.29, 0.00, 0.69, 1.32, 1.62, 0.02, 0.20, 0.05, 0.27, 0.37, 0.15, 0.07, 0.00, 0.00, 1.00, 0.00, 1.00, 1.00, 0.00, 1.00, 0.00, 1.00, 0.00, 0.00, 0.00, 1.00, 0.00, 0.00, 0.00, 0.00
1077,  0,  17.933,  0.98,  1, 0.08, 0.00, 0.71, 0.00, 1.31, 0.47, 0.00, 0.91, 1.43, 1.90, 0.02, 0.11, 0.05, 0.30, 0.10, 0.16, 0.00, 0.00, 0.00, 1.00, 0.00, 1.00, 1.00, 0.00, 0.00, 0.00, 1.00, 0.00, 0.00, 0.00, 1.00, 0.00, 0.00, 0.00, 0.00
1078,  0,  17.950,  0.98,  1, 0.08, 0.00, 1.05, 0.00, 1.36, 0.47, 0.00, 1.13, 1.36, 1.93, 0.02, 0.07, 0.11, 0.20, 0.19, 0.09, 0.00, 0.00, 0.00, 1.00, 0.00, 1.00, 1.00, 0.00, 0.00, 0.00, 1.00, 0.00, 0.00, 0.00, 1.00, 0.00, 0.00, 0.00, 0.00
1079,  0,  17.967,  0.98,  1, 0.00, 0.00, 1.03, 0.00, 1.37, 0.65, 0.00, 1.06, 1.44, 1.87, 0.07, 0.13, 0.11, 0.23, 0.24, 0.20, 0.00, 0.00, 0.00, 1.00, 0.00, 1.00, 1.00, 0.00, 1.00, 0.00, 1.00, 0.00, 0.00, 0.00, 1.00, 0.00, 0.00, 0.00, 0.00
1080,  0,  17.983,  0.98,  1, 0.00, 0.00, 1.05, 0.00, 1.29, 0.64, 0.00, 1.01, 1.40, 1.62, 0.17, 0.12, 0.18, 0.27, 0.35, 0.23, 0.00, 0.00, 0.00, 1.00, 0.00, 1.00, 1.00, 0.00, 1.00, 0.00, 1.00, 0.00, 0.00, 0.00, 1.00, 0.00, 0.00, 0.00, 0.00
1081,  0,  18.000,  0.98,  1, 0.00, 0.00, 0.88, 0.00, 1.21, 0.67, 0.00, 0.92, 1.40, 1.56, 0.17, 0.21, 0.06, 0.36, 0.24, 0.31, 0.04, 0.00, 0.00, 1.00, 0.00, 1.00, 1.00, 0.00, 0.00, 0.00, 1.00, 0.00, 0.00, 0.00, 1.00, 0.00, 0.00, 0.00, 0.00
1082,  0,  18.017,  0.98,  1, 0.08, 0.00, 0.97, 0.00, 1.25, 0.68, 0.00, 0.90, 1.34, 1.71, 0.10, 0.10, 0.06, 0.36, 0.21, 0.28, 0.15, 0.00, 0.00, 1.00, 0.00, 1.00, 1.00, 0.00, 1.00, 0.00, 1.00, 0.00, 0.00, 0.00, 1.00, 0.00, 0.00, 0.00, 0.00
1083,  0,  18.033,  0.98,  1, 0.08, 0.00, 1.03, 0.00, 1.28, 0.67, 0.00, 0.88, 1.30, 1.71, 0.01, 0.17, 0.00, 0.38, 0.10, 0.16, 0.24, 0.00, 0.00, 1.00, 0.00, 1.00, 1.00, 0.00, 0.00, 0.00, 1.00, 0.00, 0.00, 0.00, 1.00, 0.00, 0.00, 0.00, 0.00
1084,  0,  18.050,  0.98,  1, 0.08, 0.00, 0.92, 0.00, 1.35, 0.53, 0.00, 0.82, 1.39, 1.66, 0.01, 0.13, 0.00, 0.29, 0.10, 0.08, 0.20, 0.00, 0.00, 1.00, 0.00, 1.00, 1.00, 0.00, 1.00, 0.00, 1.00, 0.00, 0.00, 0.00, 1.00, 0.00, 0.00, 0.00, 0.00
1085,  0,  18.067,  0.98,  1, 0.01, 0.00, 0.92, 0.00, 1.33, 0.65, 0.00, 0.84, 1.40, 1.44, 0.01, 0.20, 0.01, 0.25, 0.15, 0.02, 0.10, 0.00, 0.00, 1.00, 0.00, 1.00, 1.00, 0.00, 0.00, 0.00, 1.00, 0.00, 0.00, 0.00, 1.00, 0.00, 0.00, 0.00, 0.00
1086,  0,  18.083,  0.98,  1, 0.01, 0.00, 0.85, 0.05, 1.34, 0.73, 0.00, 0.99, 1.41, 1.45, 0.00, 0.24, 0.01, 0.19, 0.22, 0.11, 0.01, 0.00, 0.00, 1.00, 0.00, 1.00, 1.00, 0.00, 0.00, 0.00, 1.00, 0.00, 0.00, 0.00, 1.00, 0.00, 0.00, 0.00, 0.00
1087,  0,  18.100,  0.98,  1, 0.01, 0.00, 0.95, 0.05, 1.30, 0.75, 0.00, 1.00, 1.43, 1.52, 0.00, 0.30, 0.01, 0.22, 0.21, 0.15, 0.02, 0.00, 0.00, 1.00, 0.00, 1.00, 1.00, 0.00, 0.00, 1.00, 1.00, 0.00, 0.00, 0.00, 1.00, 0.00, 0.00, 0.00, 0.00
1088,  0,  18.117,  0.98,  1, 0.00, 0.00, 0.91, 0.05, 1.25, 0.44, 0.00, 1.01, 1.46, 1.59, 0.03, 0.26, 0.03, 0.23, 0.17, 0.13, 0.20, 0.00, 0.00, 1.00, 0.00, 1.00, 1.00, 0.00, 0.00, 1.00, 1.00, 0.00, 0.00, 0.00, 1.00, 0.00, 0.00, 0.00, 0.00
1089,  0,  18.133,  0.98,  1, 0.00, 0.00, 1.15, 0.01, 1.31, 0.35, 0.00, 0.86, 1.47, 1.64, 0.03, 0.34, 0.03, 0.22, 0.12, 0.14, 0.20, 0.00, 0.00, 1.00, 0.00, 1.00, 1.00, 0.00, 0.00, 0.00, 1.00, 0.00, 0.00, 0.00, 1.00, 0.00, 0.00, 0.00, 0.00
1090,  0,  18.150,  0.98,  1, 0.00, 0.00, 1.12, 0.06, 1.35, 0.43, 0.00, 0.84, 1.47, 1.56, 0.03, 0.28, 0.03, 0.20, 0.09, 0.25, 0.25, 0.00, 0.00, 1.00, 0.00, 1.00, 1.00, 0.00, 0.00, 1.00, 1.00, 0.00, 0.00, 0.00, 1.00, 0.00, 0.00, 0.00, 0.00
1091,  0,  18.167,  0.98,  1, 0.10, 0.01, 1.36, 0.06, 1.49, 0.82, 0.00, 0.88, 1.43, 1.59, 0.00, 0.34, 0.06, 0.19, 0.06, 0.25, 0.15, 0.00, 0.00, 1.00, 0.00, 1.00, 1.00, 0.00, 0.00, 1.00, 1.00, 0.00, 0.00, 0.00, 1.00, 0.00, 0.00, 0.00, 0.00
1092,  0,  18.183,  0.98,  1, 0.10, 0.01, 1.25, 0.05, 1.46, 1.00, 0.00, 0.84, 1.43, 1.47, 0.00, 0.19, 0.09, 0.15, 0.04, 0.15, 0.15, 0.00, 0.00, 1.00, 0.00, 1.00, 1.00, 0.00, 0.00, 0.00, 1.00, 0.00, 0.00, 0.00, 1.00, 0.00, 0.00, 0.00, 0.00
1093,  0,  18.200,  0.98,  1, 0.21, 0.01, 1.48, 0.00, 1.50, 1.08, 0.00, 0.72, 1.37, 1.64, 0.00, 0.21, 0.22, 0.14, 0.00, 0.08, 0.43, 0.00, 0.00, 1.00, 0.00, 1.00, 1.00, 0.00, 1.00, 0.00, 1.00, 0.00, 0.00, 0.00, 1.00, 0.00, 0.00, 0.00, 0.00
1094,  0,  18.217,  0.98,  1, 0.10, 0.00, 1.19, 0.00, 1.50, 1.07, 0.00, 0.72, 1.39, 1.67, 0.00, 0.28, 0.20, 0.13, 0.10, 0.24, 0.58, 0.00, 0.00, 1.00, 0.00, 1.00, 1.00, 0.00, 1.00, 0.00, 1.00, 0.00, 0.00, 0.00, 1.00, 0.00, 0.00, 0.00, 0.00
1095,  0,  18.233,  0.98,  1, 0.12, 0.00, 1.22, 0.00, 1.59, 1.34, 0.00, 0.79, 1.44, 1.81, 0.15, 0.41, 0.24, 0.09, 0.21, 0.30, 0.88, 0.00, 0.00, 1.00, 0.00, 1.00, 1.00, 0.00, 1.00, 0.00, 1.00, 0.00, 0.00, 0.00, 1.00, 0.00, 0.00, 0.00, 1.00
1096,  0,  18.250,  0.98,  1, 0.02, 0.00, 1.15, 0.00, 1.71, 1.85, 0.03, 0.96, 1.53, 1.73, 0.20, 0.34, 0.11, 0.06, 0.25, 0.37, 0.80, 0.00, 0.00, 1.00, 0.00, 1.00, 1.00, 0.00, 1.00, 0.00, 1.00, 0.00, 0.00, 0.00, 1.00, 0.00, 0.00, 0.00, 1.00
1097,  0,  18.267,  0.98,  1, 0.03, 0.00, 1.06, 0.00, 1.74, 1.86, 0.03, 1.02, 1.55, 1.61, 0.20, 0.18, 0.08, 0.00, 0.25, 0.46, 0.85, 0.00, 0.00, 1.00, 0.00, 1.00, 1.00, 0.00, 1.00, 0.00, 1.00, 0.00, 0.00, 0.00, 1.00, 0.00, 0.00, 0.00, 1.00
1098,  0,  18.283,  0.98,  1, 0.15, 0.10, 0.98, 0.00, 1.84, 1.67, 0.03, 1.01, 1.56, 1.46, 0.20, 0.06, 0.13, 0.00, 0.27, 0.38, 1.04, 0.00, 0.00, 1.00, 0.00, 1.00, 1.00, 0.00, 1.00, 0.00, 1.00, 0.00, 0.00, 0.00, 1.00, 0.00, 0.00, 0.00, 1.00
1099,  0,  18.300,  0.98,  1, 0.22, 0.10, 0.77, 0.00, 1.80, 1.16, 0.00, 1.07, 1.54, 1.52, 0.15, 0.24, 0.16, 0.00, 0.35, 0.26, 1.31, 0.00, 0.00, 1.00, 0.00, 1.00, 1.00, 0.00, 1.00, 0.00, 1.00, 0.00, 0.00, 0.00, 1.00, 0.00, 0.00, 0.00, 1.00
1100,  0,  18.317,  0.98,  1, 0.28, 0.10, 0.65, 0.00, 1.74, 0.95, 0.00, 1.06, 1.56, 1.62, 0.23, 0.24, 0.16, 0.00, 0.25, 0.06, 1.60, 0.00, 0.00, 1.00, 0.00, 1.00, 1.00, 0.00, 0.00, 0.00, 1.00, 0.00, 0.00, 0.00, 1.00, 0.00, 0.00, 0.00, 1.00
1101,  0,  18.333,  0.98,  1, 0.28, 0.00, 0.75, 0.00, 1.67, 0.79, 0.00, 0.92, 1.45, 1.69, 0.33, 0.26, 0.16, 0.00, 0.16, 0.08, 1.74, 0.00, 0.00, 1.00, 0.00, 1.00, 1.00, 0.00, 0.00, 0.00, 1.00, 0.00, 0.00, 0.00, 1.00, 0.00, 0.00, 0.00, 1.00
1102,  0,  18.350,  0.98,  1, 0.32, 0.12, 0.75, 0.00, 1.63, 0.84, 0.00, 0.77, 1.37, 1.65, 0.33, 0.10, 0.12, 0.00, 0.04, 0.07, 1.92, 0.00, 0.00, 1.00, 0.00, 1.00, 1.00, 0.00, 0.00, 0.00, 1.00, 0.00, 0.00, 0.00, 1.00, 0.00, 0.00, 0.00, 1.00
1103,  0,  18.367,  0.98,  1, 0.32, 0.18, 0.92, 0.04, 1.66, 0.91, 0.00, 0.82, 1.43, 1.64, 0.26, 0.10, 0.11, 0.00, 0.11, 0.09, 1.89, 0.00, 0.00, 1.00, 0.00, 1.00, 1.00, 0.00, 0.00, 0.00, 1.00, 0.00, 0.00, 0.00, 1.00, 0.00, 0.00, 0.00, 1.00
1104,  0,  18.383,  0.98,  1, 0.24, 0.18, 0.71, 0.04, 1.58, 1.07, 0.00, 0.99, 1.49, 1.67, 0.11, 0.18, 0.08, 0.00, 0.08, 0.06, 1.73, 0.00, 0.00, 1.00, 0.00, 1.00, 1.00, 0.00, 0.00, 0.00, 1.00, 0.00, 0.00, 0.00, 1.00, 0.00, 0.00, 0.00, 1.00
1105,  0,  18.400,  0.98,  1, 0.18, 0.07, 0.74, 0.04, 1.64, 0.97, 0.00, 1.02, 1.52, 1.71, 0.19, 0.18, 0.12, 0.00, 0.12, 0.11, 1.52, 0.00, 0.00, 1.00, 0.00, 1.00, 1.00, 0.00, 0.00, 0.00, 1.00, 0.00, 0.00, 0.00, 1.00, 0.00, 0.00, 0.00, 1.00
1106,  0,  18.417,  0.98,  1, 0.17, 0.00, 0.77, 0.00, 1.65, 1.09, 0.00, 0.87, 1.47, 1.64, 0.23, 0.31, 0.12, 0.00, 0.19, 0.19, 1.52, 0.00, 0.00, 1.00, 0.00, 1.00, 1.00, 0.00, 0.00, 0.00, 1.00, 0.00, 0.00, 0.00, 1.00, 0.00, 0.00, 0.00, 1.00
1107,  0,  18.433,  0.98,  1, 0.15, 0.00, 0.91, 0.00, 1.71, 1.03, 0.00, 0.81, 1.51, 1.67, 0.35, 0.36, 0.09, 0.00, 0.22, 0.19, 1.63, 0.00, 0.00, 1.00, 0.00, 1.00, 1.00, 0.00, 0.00, 0.00, 1.00, 0.00, 0.00, 0.00, 1.00, 0.00, 0.00, 0.00, 1.00
1108,  0,  18.450,  0.98,  1, 0.08, 0.02, 0.89, 0.00, 1.70, 1.17, 0.00, 0.89, 1.52, 1.59, 0.33, 0.34, 0.25, 0.00, 0.24, 0.18, 1.68, 0.00, 0.00, 1.00, 0.00, 1.00, 1.00, 0.00, 0.00, 0.00, 1.00, 0.00, 0.00, 0.00, 1.00, 0.00, 0.00, 0.00, 1.00
1109,  0,  18.467,  0.98,  1, 0.04, 0.02, 0.98, 0.00, 1.69, 1.44, 0.00, 0.91, 1.51, 1.74, 0.31, 0.43, 0.25, 0.04, 0.11, 0.25, 1.57, 0.00, 0.00, 1.00, 0.00, 1.00, 1.00, 0.00, 0.00, 0.00, 1.00, 0.00, 0.00, 0.00, 1.00, 0.00, 0.00, 0.00, 1.00
1110,  0,  18.483,  0.98,  1, 0.02, 0.02, 0.89, 0.00, 1.64, 1.48, 0.00, 0.97, 1.47, 1.59, 0.21, 0.30, 0.21, 0.04, 0.09, 0.25, 1.60, 0.00, 0.00, 1.00, 0.00, 1.00, 1.00, 0.00, 0.00, 0.00, 1.00, 0.00, 0.00, 0.00, 1.00, 0.00, 0.00, 0.00, 1.00
1111,  0,  18.500,  0.98,  1, 0.06, 0.00, 0.99, 0.00, 1.64, 1.66, 0.00, 0.93, 1.49, 1.64, 0.14, 0.35, 0.01, 0.04, 0.24, 0.32, 1.33, 0.00, 0.00, 1.00, 0.00, 1.00, 1.00, 0.00, 0.00, 0.00, 1.00, 0.00, 0.00, 0.00, 1.00, 0.00, 0.00, 0.00, 1.00
1112,  0,  18.517,  0.98,  1, 0.04, 0.00, 0.77, 0.00, 1.64, 1.45, 0.00, 0.92, 1.48, 1.68, 0.20, 0.12, 0.05, 0.00, 0.29, 0.10, 1.19, 0.00, 0.00, 1.00, 0.00, 1.00, 1.00, 0.00, 0.00, 0.00, 1.00, 0.00, 0.00, 0.00, 1.00, 0.00, 0.00, 0.00, 1.00
1113,  0,  18.533,  0.98,  1, 0.04, 0.00, 0.84, 0.00, 1.67, 1.27, 0.00, 0.81, 1.54, 1.82, 0.11, 0.11, 0.04, 0.00, 0.28, 0.17, 0.87, 0.00, 0.00, 1.00, 0.00, 1.00, 1.00, 0.00, 0.00, 0.00, 1.00, 0.00, 0.00, 0.00, 1.00, 0.00, 0.00, 0.00, 1.00
1114,  0,  18.550,  0.98,  1, 0.00, 0.00, 0.93, 0.00, 1.61, 1.17, 0.00, 0.76, 1.53, 1.81, 0.11, 0.09, 0.14, 0.02, 0.11, 0.07, 0.89, 0.00, 0.00, 1.00, 0.00, 1.00, 1.00, 0.00, 0.00, 0.00, 1.00, 0.00, 0.00, 0.00, 1.00, 0.00, 0.00, 0.00, 1.00
1115,  0,  18.567,  0.98,  1, 0.01, 0.00, 1.12, 0.00, 1.56, 1.24, 0.00, 0.83, 1.49, 1.64, 0.05, 0.20, 0.28, 0.05, 0.16, 0.14, 0.94, 0.00, 0.00, 1.00, 0.00, 1.00, 1.00, 0.00, 0.00, 0.00, 1.00, 0.00, 0.00, 0.00, 1.00, 0.00, 0.00, 0.00, 1.00
1116,  0,  18.583,  0.98,  1, 0.01, 0.00, 1.00, 0.00, 1.45, 1.21, 0.00, 0.79, 1.39, 1.67, 0.02, 0.21, 0.28, 0.11, 0.19, 0.13, 0.99, 0.00, 0.00, 1.00, 0.00, 1.00, 1.00, 0.00, 0.00, 0.00, 1.00, 0.00, 0.00, 0.00, 1.00, 0.00, 0.00, 0.00, 1.00
1117,  0,  18.600,  0.98,  1, 0.01, 0.00, 1.07, 0.00, 1.47, 1.03, 0.00, 0.90, 1.32, 1.63, 0.03, 0.40, 0.27, 0.13, 0.24, 0.31, 0.92, 0.00, 0.00, 1.00, 0.00, 1.00, 1.00, 0.00, 1.00, 0.00, 1.00, 0.00, 0.00, 0.00, 1.00, 0.00, 0.00, 0.00, 1.00
1118,  0,  18.617,  0.98,  1, 0.00, 0.00, 1.05, 0.00, 1.40, 0.96, 0.00, 0.89, 1.28, 1.70, 0.08, 0.39, 0.08, 0.18, 0.23, 0.24, 0.73, 0.00, 0.00, 1.00, 0.00, 1.00, 1.00, 0.00, 1.00, 0.00, 1.00, 0.00, 0.00, 0.00, 1.00, 0.00, 0.00, 0.00, 1.00
1119,  0,  18.633,  0.98,  1, 0.00, 0.00, 1.15, 0.00, 1.50, 1.09, 0.00, 1.09, 1.31, 1.69, 0.08, 0.49, 0.08, 0.20, 0.20, 0.28, 0.51, 0.00, 0.00, 1.00, 0.00, 1.00, 1.00, 0.00, 1.00, 0.00, 1.00, 0.00, 0.00, 0.00, 1.00, 0.00, 0.00, 0.00, 0.00
1120,  0,  18.650,  0.98,  1, 0.03, 0.00, 0.97, 0.00, 1.41, 0.96, 0.00, 0.97, 1.35, 1.62, 0.20, 0.40, 0.00, 0.17, 0.09, 0.09, 0.34, 0.00, 0.00, 1.00, 0.00, 1.00, 1.00, 0.00, 0.00, 0.00, 1.00, 0.00, 0.00, 0.00, 1.00, 0.00, 0.00, 0.00, 0.00
1121,  0,  18.667,  0.98,  1, 0.03, 0.00, 1.01, 0.00, 1.47, 1.01, 0.00, 0.88, 1.37, 1.58, 0.13, 0.39, 0.04, 0.14, 0.00, 0.09, 0.39, 0.00, 0.00, 1.00, 0.00, 1.00, 1.00, 0.00, 0.00, 0.00, 1.00, 0.00, 0.00, 0.00, 1.00, 0.00, 0.00, 0.00, 0.00
1122,  0,  18.683,  0.98,  1, 0.03, 0.00, 1.03, 0.00, 1.38, 1.05, 0.00, 0.77, 1.34, 1.46, 0.30, 0.22, 0.04, 0.22, 0.00, 0.00, 0.54, 0.00, 0.00, 1.00, 0.00, 1.00, 1.00, 0.00, 0.00, 0.00, 1.00, 0.00, 0.00, 0.00, 1.00, 0.00, 0.00, 0.00, 0.00
1123,  0,  18.700,  0.98,  1, 0.00, 0.00, 0.86, 0.00, 1.34, 1.11, 0.00, 0.76, 1.27, 1.38, 0.21, 0.15, 0.04, 0.22, 0.16, 0.10, 0.76, 0.00, 0.00, 1.00, 0.00, 1.00, 1.00, 0.00, 0.00, 0.00, 1.00, 0.00, 0.00, 0.00, 1.00, 0.00, 0.00, 0.00, 0.00
1124,  0,  18.717,  0.98,  1, 0.00, 0.00, 0.83, 0.00, 1.34, 1.01, 0.00, 0.84, 1.27, 1.38, 0.21, 0.10, 0.10, 0.21, 0.18, 0.18, 0.65, 0.00, 0.00, 1.00, 0.00, 1.00, 1.00, 0.00, 0.00, 0.00, 1.00, 0.00, 0.00, 0.00, 1.00, 0.00, 0.00, 0.00, 0.00
1125,  0,  18.733,  0.98,  1, 0.00, 0.00, 0.78, 0.00, 1.38, 0.82, 0.00, 0.79, 1.34, 1.49, 0.05, 0.10, 0.10, 0.06, 0.22, 0.25, 0.37, 0.00, 0.00, 1.00, 0.00, 1.00, 1.00, 0.00, 0.00, 0.00, 1.00, 0.00, 0.00, 0.00, 1.00, 0.00, 0.00, 0.00, 0.00
1126,  0,  18.750,  0.98,  1, 0.00, 0.00, 0.84, 0.00, 1.38, 0.96, 0.00, 0.92, 1.37, 1.69, 0.11, 0.14, 0.10, 0.14, 0.05, 0.18, 0.36, 0.00, 0.00, 1.00, 0.00, 1.00, 1.00, 0.00, 0.00, 0.00, 1.00, 0.00, 0.00, 0.00, 1.00, 0.00, 0.00, 0.00, 1.00
1127,  0,  18.767,  0.98,  1, 0.00, 0.00, 0.77, 0.00, 1.40, 1.02, 0.00, 0.82, 1.40, 1.79, 0.14, 0.15, 0.01, 0.16, 0.20, 0.14, 0.27, 0.00, 0.00, 1.00, 0.00, 1.00, 1.00, 0.00, 0.00, 0.00, 1.00, 0.00, 0.00, 0.00, 1.00, 0.00, 0.00, 0.00, 1.00
1128,  0,  18.783,  0.98,  1, 0.00, 0.00, 0.73, 0.00, 1.38, 1.02, 0.00, 0.95, 1.29, 1.78, 0.16, 0.28, 0.05, 0.19, 0.17, 0.19, 0.35, 0.00, 0.00, 1.00, 0.00, 1.00, 1.00, 0.00, 0.00, 0.00, 1.00, 0.00, 0.00, 0.00, 1.00, 0.00, 0.00, 0.00, 1.00
1129,  0,  18.800,  0.98,  1, 0.00, 0.00, 0.79, 0.00, 1.42, 0.91, 0.00, 0.75, 1.27, 1.74, 0.20, 0.39, 0.05, 0.12, 0.24, 0.15, 0.26, 0.00, 0.00, 1.00, 0.00, 1.00, 1.00, 0.00, 0.00, 0.00, 1.00, 0.00, 0.00, 0.00, 1.00, 0.00, 0.00, 0.00, 1.00
1130,  0,  18.817,  0.98,  1, 0.00, 0.00, 0.83, 0.00, 1.37, 0.72, 0.04, 0.77, 1.19, 1.68, 0.26, 0.41, 0.07, 0.13, 0.08, 0.20, 0.33, 0.00, 0.00, 1.00, 0.00, 1.00, 1.00, 0.00, 0.00, 0.00, 1.00, 0.00, 0.00, 0.00, 1.00, 0.00, 0.00, 0.00, 1.00
1131,  0,  18.833,  0.98,  1, 0.00, 0.00, 0.87, 0.00, 1.35, 0.64, 0.04, 0.73, 1.21, 1.66, 0.21, 0.31, 0.03, 0.10, 0.08, 0.08, 0.47, 0.00, 0.00, 1.00, 0.00, 1.00, 1.00, 0.00, 0.00, 0.00, 1.00, 0.00, 0.00, 0.00, 1.00, 0.00, 0.00, 0.00, 0.00
1132,  0,  18.850,  0.98,  1, 0.00, 0.00, 1.02, 0.00, 1.36, 0.81, 0.08, 0.88, 1.14, 1.65, 0.10, 0.23, 0.03, 0.12, 0.00, 0.10, 0.39, 0.00, 0.00, 1.00, 0.00, 1.00, 1.00, 0.00, 0.00, 0.00, 1.00, 0.00, 0.00, 0.00, 1.00, 0.00, 0.00, 0.00, 1.00
1133,  0,  18.867,  0.98,  1, 0.01, 0.00, 1.22, 0.00, 1.39, 0.86, 0.04, 1.01, 1.20, 1.61, 0.10, 0.25, 0.03, 0.10, 0.00, 0.05, 0.32, 0.00, 0.00, 1.00, 0.00, 1.00, 1.00, 0.00, 0.00, 0.00, 1.00, 0.00, 0.00, 0.00, 1.00, 0.00, 0.00, 0.00, 0.00
1134,  0,  18.883,  0.98,  1, 0.01, 0.00, 1.28, 0.00, 1.36, 1.09, 0.04, 0.92, 1.21, 1.58, 0.10, 0.22, 0.03, 0.09, 0.01, 0.08, 0.10, 0.00, 0.00, 1.00, 0.00, 1.00, 1.00, 0.00, 0.00, 0.00, 1.00, 0.00, 0.00, 0.00, 1.00, 0.00, 0.00, 0.00, 0.00
1135,  0,  18.900,  0.98,  1, 0.02, 0.03, 1.21, 0.00, 1.37, 1.12, 0.00, 0.82, 1.24, 1.70, 0.25, 0.16, 0.03, 0.11, 0.13, 0.13, 0.04, 0.00, 0.00, 1.00, 0.00, 1.00, 1.00, 0.00, 0.00, 0.00, 1.00, 0.00, 0.00, 0.00, 1.00, 0.00, 0.00, 0.00, 0.00
1136,  0,  18.917,  0.98,  1, 0.01, 0.03, 1.12, 0.00, 1.27, 1.23, 0.00, 0.69, 1.20, 1.77, 0.15, 0.07, 0.00, 0.15, 0.13, 0.18, 0.05, 0.00, 0.00, 1.00, 0.00, 1.00, 1.00, 0.00, 0.00, 0.00, 1.00, 0.00, 0.00, 0.00, 1.00, 0.00, 0.00, 0.00, 0.00
1137,  0,  18.933,  0.98,  1, 0.01, 0.03, 1.16, 0.00, 1.26, 1.20, 0.00, 0.74, 1.20, 1.74, 0.15, 0.07, 0.03, 0.13, 0.24, 0.16, 0.23, 0.00, 0.00, 1.00, 0.00, 1.00, 1.00, 0.00, 0.00, 0.00, 1.00, 0.00, 0.00, 0.00, 1.00, 0.00, 0.00, 0.00, 0.00
1138,  0,  18.950,  0.98,  1, 0.01, 0.00, 1.12, 0.00, 1.20, 1.14, 0.00, 0.80, 1.23, 1.61, 0.00, 0.15, 0.04, 0.10, 0.12, 0.15, 0.19, 0.00, 0.00, 1.00, 0.00, 1.00, 1.00, 0.00, 0.00, 0.00, 1.00, 0.00, 0.00, 0.00, 1.00, 0.00, 0.00, 0.00, 0.00
1139,  0,  18.967,  0.98,  1, 0.04, 0.00, 0.98, 0.00, 1.23, 1.10, 0.00, 0.94, 1.24, 1.48, 0.04, 0.20, 0.04, 0.02, 0.12, 0.20, 0.39, 0.00, 0.00, 1.00, 0.00, 1.00, 1.00, 0.00, 0.00, 0.00, 1.00, 0.00, 0.00, 0.00, 1.00, 0.00, 0.00, 0.00, 0.00
1140,  0,  18.983,  0.98,  1, 0.04, 0.00, 0.95, 0.00, 1.25, 1.10, 0.00, 0.95, 1.24, 1.52, 0.09, 0.20, 0.01, 0.02, 0.02, 0.20, 0.36, 0.00, 0.00, 1.00, 0.00, 1.00, 1.00, 0.00, 0.00, 0.00, 1.00, 0.00, 0.00, 0.00, 1.00, 0.00, 0.00, 0.00, 0.00
1141,  0,  19.000,  0.98,  1, 0.03, 0.00, 0.92, 0.00, 1.29, 0.96, 0.00, 0.96, 1.25, 1.59, 0.09, 0.06, 0.04, 0.00, 0.14, 0.21, 0.41, 0.00, 0.00, 1.00, 0.00, 1.00, 1.00, 0.00, 0.00, 0.00, 1.00, 0.00, 0.00, 0.00, 1.00, 0.00, 0.00, 0.00, 0.00
1142,  0,  19.017,  0.98,  1, 0.06, 0.00, 0.94, 0.00, 1.30, 0.98, 0.04, 1.03, 1.26, 1.67, 0.05, 0.22, 0.04, 0.05, 0.14, 0.18, 0.19, 0.00, 0.00, 1.00, 0.00, 1.00, 1.00, 0.00, 0.00, 0.00, 1.00, 0.00, 0.00, 0.00, 1.00, 0.00, 0.00, 0.00, 0.00
1143,  0,  19.033,  0.98,  1, 0.06, 0.00, 0.96, 0.00, 1.32, 0.86, 0.04, 1.08, 1.24, 1.66, 0.00, 0.22, 0.04, 0.05, 0.16, 0.28, 0.05, 0.00, 0.00, 1.00, 0.00, 1.00, 1.00, 0.00, 0.00, 0.00, 1.00, 0.00, 0.00, 0.00, 1.00, 0.00, 0.00, 0.00, 0.00
1144,  0,  19.050,  0.98,  1, 0.06, 0.00, 0.90, 0.00, 1.27, 0.62, 0.04, 1.14, 1.22, 1.57, 0.00, 0.22, 0.00, 0.07, 0.12, 0.21, 0.05, 0.00, 0.00, 1.00, 0.00, 1.00, 1.00, 0.00, 0.00, 0.00, 1.00, 0.00, 0.00, 0.00, 1.00, 0.00, 0.00, 0.00, 0.00
1145,  0,  19.067,  0.98,  1, 0.14, 0.00, 0.87, 0.00, 1.22, 0.36, 0.00, 1.08, 1.25, 1.63, 0.00, 0.00, 0.00, 0.01, 0.12, 0.31, 0.05, 0.00, 0.00, 1.00, 0.00, 1.00, 1.00, 0.00, 0.00, 0.00, 1.00, 0.00, 0.00, 0.00, 1.00, 0.00, 0.00, 0.00, 0.00
1146,  0,  19.083,  0.98,  1, 0.14, 0.00, 0.76, 0.01, 1.20, 0.55, 0.00, 1.06, 1.31, 1.72, 0.00, 0.04, 0.00, 0.03, 0.09, 0.31, 0.06, 0.00, 0.00, 1.00, 0.00, 1.00, 1.00, 0.00, 0.00, 0.00, 1.00, 0.00, 0.00, 0.00, 1.00, 0.00, 0.00, 0.00, 0.00
1147,  0,  19.100,  0.98,  1, 0.14, 0.00, 0.95, 0.01, 1.16, 0.80, 0.00, 0.96, 1.34, 1.86, 0.02, 0.06, 0.00, 0.03, 0.00, 0.38, 0.03, 0.00, 0.00, 1.00, 0.00, 1.00, 1.00, 0.00, 0.00, 0.00, 1.00, 0.00, 0.00, 0.00, 1.00, 0.00, 0.00, 0.00, 0.00
1148,  0,  19.117,  0.98,  1, 0.00, 0.00, 1.07, 0.01, 1.20, 1.00, 0.00, 0.79, 1.29, 1.74, 0.12, 0.09, 0.00, 0.03, 0.00, 0.17, 0.14, 0.00, 0.00, 1.00, 0.00, 1.00, 1.00, 0.00, 0.00, 0.00, 1.00, 0.00, 0.00, 0.00, 1.00, 0.00, 0.00, 0.00, 0.00
1149,  0,  19.133,  0.98,  1, 0.12, 0.00, 1.08, 0.00, 1.18, 0.87, 0.00, 0.82, 1.17, 1.64, 0.27, 0.05, 0.07, 0.02, 0.08, 0.08, 0.13, 0.00, 0.00, 1.00, 0.00, 1.00, 1.00, 0.00, 0.00, 0.00, 1.00, 0.00, 0.00, 0.00, 1.00, 0.00, 0.00, 0.00, 0.00
1150,  0,  19.150,  0.98,  1, 0.12, 0.00, 1.11, 0.00, 1.22, 1.00, 0.00, 0.81, 1.13, 1.51, 0.35, 0.05, 0.11, 0.03, 0.13, 0.12, 0.20, 0.00, 0.00, 1.00, 0.00, 1.00, 1.00, 0.00, 0.00, 0.00, 1.00, 0.00, 0.00, 0.00, 1.00, 0.00, 0.00, 0.00, 0.00
1151,  0,  19.167,  0.98,  1, 0.12, 0.00, 1.08, 0.00, 1.25, 1.02, 0.00, 0.85, 1.13, 1.56, 0.26, 0.02, 0.11, 0.03, 0.18, 0.21, 0.17, 0.00, 0.00, 1.00, 0.00, 1.00, 1.00, 0.00, 0.00, 0.00, 1.00, 0.00, 0.00, 0.00, 1.00, 0.00, 0.00, 0.00, 0.00
1152,  0,  19.183,  0.98,  1, 0.00, 0.00, 1.17, 0.00, 1.27, 1.11, 0.00, 0.82, 1.20, 1.56, 0.11, 0.03, 0.04, 0.03, 0.11, 0.26, 0.30, 0.00, 0.00, 1.00, 0.00, 1.00, 1.00, 0.00, 0.00, 0.00, 1.00, 0.00, 0.00, 0.00, 1.00, 0.00, 0.00, 0.00, 0.00
1153,  0,  19.200,  0.98,  1, 0.11, 0.00, 1.07, 0.00, 1.30, 1.09, 0.00, 0.93, 1.16, 1.58, 0.01, 0.06, 0.07, 0.00, 0.20, 0.27, 0.32, 0.00, 0.00, 1.00, 0.00, 1.00, 1.00, 0.00, 0.00, 0.00, 1.00, 0.00, 0.00, 0.00, 1.00, 0.00, 0.00, 0.00, 0.00
1154,  0,  19.217,  0.98,  1, 0.11, 0.00, 1.06, 0.00, 1.29, 1.28, 0.00, 0.99, 1.12, 1.55, 0.01, 0.06, 0.07, 0.00, 0.22, 0.21, 0.32, 0.00, 0.00, 1.00, 0.00, 1.00, 1.00, 0.00, 0.00, 0.00, 1.00, 0.00, 0.00, 0.00, 1.00, 0.00, 0.00, 0.00, 0.00
1155,  0,  19.233,  0.98,  1, 0.11, 0.00, 1.00, 0.00, 1.35, 1.30, 0.11, 0.96, 1.06, 1.59, 0.01, 0.08, 0.09, 0.00, 0.27, 0.25, 0.24, 0.00, 0.00, 1.00, 0.00, 1.00, 1.00, 0.00, 0.00, 0.00, 1.00, 0.00, 0.00, 0.00, 1.00, 0.00, 0.00, 0.00, 0.00
1156,  0,  19.250,  0.98,  1, 0.00, 0.00, 0.94, 0.00, 1.35, 1.36, 0.11, 0.92, 1.11, 1.41, 0.01, 0.11, 0.10, 0.01, 0.12, 0.17, 0.34, 0.00, 0.00, 1.00, 0.00, 1.00, 1.00, 0.00, 0.00, 0.00, 1.00, 0.00, 0.00, 0.00, 1.00, 0.00, 0.00, 0.00, 0.00
1157,  0,  19.267,  0.98,  1, 0.00, 0.00, 0.98, 0.00, 1.34, 1.21, 0.11, 0.97, 1.21, 1.49, 0.01, 0.25, 0.10, 0.02, 0.17, 0.18, 0.32, 0.00, 0.00, 1.00, 0.00, 1.00, 1.00, 0.00, 0.00, 0.00, 1.00, 0.00, 0.00, 0.00, 1.00, 0.00, 0.00, 0.00, 0.00
1158,  0,  19.283,  0.98,  1, 0.01, 0.00, 0.92, 0.00, 1.21, 1.36, 0.00, 0.88, 1.15, 1.42, 0.01, 0.22, 0.17, 0.02, 0.17, 0.09, 0.46, 0.00, 0.00, 1.00, 0.00, 1.00, 1.00, 0.00, 0.00, 0.00, 1.00, 0.00, 0.00, 0.00, 1.00, 0.00, 0.00, 0.00, 0.00
1159,  0,  19.300,  0.98,  1, 0.03, 0.00, 0.93, 0.00, 1.22, 1.36, 0.00, 0.91, 1.11, 1.45, 0.00, 0.14, 0.09, 0.01, 0.29, 0.18, 0.26, 0.00, 0.00, 1.00, 0.00, 1.00, 1.00, 0.00, 0.00, 0.00, 1.00, 0.00, 0.00, 0.00, 1.00, 0.00, 0.00, 0.00, 0.00
1160,  0,  19.317,  0.98,  1, 0.08, 0.09, 1.06, 0.00, 1.21, 1.25, 0.02, 0.78, 1.06, 1.43, 0.00, 0.09, 0.19, 0.04, 0.17, 0.17, 0.21, 0.00, 0.00, 1.00, 0.00, 1.00, 1.00, 0.00, 0.00, 0.00, 1.00, 0.00, 0.00, 0.00, 1.00, 0.00, 0.00, 0.00, 0.00
1161,  0,  19.333,  0.98,  1, 0.07, 0.09, 0.99, 0.00, 1.31, 1.18, 0.02, 0.91, 1.13, 1.48, 0.00, 0.10, 0.11, 0.04, 0.13, 0.17, 0.02, 0.00, 0.00, 1.00, 0.00, 1.00, 1.00, 0.00, 0.00, 0.00, 1.00, 0.00, 0.00, 0.00, 1.00, 0.00, 0.00, 0.00, 0.00
1162,  0,  19.350,  0.98,  1, 0.05, 0.09, 1.01, 0.00, 1.26, 0.99, 0.02, 0.89, 1.07, 1.68, 0.00, 0.15, 0.29, 0.09, 0.01, 0.19, 0.07, 0.00, 0.00, 1.00, 0.00, 1.00, 1.00, 0.00, 0.00, 0.00, 1.00, 0.00, 0.00, 0.00, 1.00, 0.00, 0.00, 0.00, 0.00
1163,  0,  19.367,  0.98,  1, 0.00, 0.00, 0.80, 0.00, 1.24, 0.95, 0.00, 0.99, 1.04, 1.51, 0.00, 0.06, 0.21, 0.05, 0.12, 0.14, 0.13, 0.00, 0.00, 1.00, 0.00, 1.00, 1.00, 0.00, 0.00, 0.00, 1.00, 0.00, 0.00, 0.00, 1.00, 0.00, 0.00, 0.00, 0.00
1164,  0,  19.383,  0.98,  1, 0.00, 0.00, 0.78, 0.00, 1.18, 0.57, 0.00, 0.91, 1.03, 1.34, 0.00, 0.07, 0.20, 0.08, 0.20, 0.26, 0.21, 0.00, 0.00, 1.00, 0.00, 1.00, 1.00, 0.00, 0.00, 0.00, 1.00, 0.00, 0.00, 0.00, 1.00, 0.00, 0.00, 0.00, 0.00
1165,  0,  19.400,  0.98,  1, 0.00, 0.00, 0.76, 0.06, 1.22, 0.70, 0.00, 0.97, 1.11, 1.21, 0.00, 0.02, 0.04, 0.05, 0.20, 0.15, 0.15, 0.00, 0.00, 1.00, 0.00, 1.00, 1.00, 0.00, 0.00, 0.00, 1.00, 0.00, 0.00, 0.00, 1.00, 0.00, 0.00, 0.00, 0.00
1166,  0,  19.417,  0.98,  1, 0.00, 0.00, 0.76, 0.06, 1.21, 0.70, 0.00, 0.91, 1.15, 1.37, 0.04, 0.02, 0.10, 0.05, 0.23, 0.15, 0.17, 0.00, 0.00, 1.00, 0.00, 1.00, 1.00, 0.00, 0.00, 0.00, 1.00, 0.00, 0.00, 0.00, 1.00, 0.00, 0.00, 0.00, 0.00
1167,  0,  19.433,  0.98,  1, 0.00, 0.00, 0.91, 0.06, 1.28, 0.97, 0.00, 1.06, 1.16, 1.54, 0.06, 0.00, 0.10, 0.02, 0.27, 0.07, 0.13, 0.00, 0.00, 1.00, 0.00, 1.00, 1.00, 0.00, 0.00, 0.00, 1.00, 0.00, 0.00, 0.00, 1.00, 0.00, 0.00, 0.00, 0.00
1168,  0,  19.450,  0.98,  1, 0.00, 0.00, 0.98, 0.00, 1.27, 0.80, 0.00, 1.01, 1.17, 1.55, 0.14, 0.02, 0.14, 0.03, 0.27, 0.09, 0.13, 0.00, 0.00, 1.00, 0.00, 1.00, 1.00, 0.00, 0.00, 0.00, 1.00, 0.00, 0.00, 0.00, 1.00, 0.00, 0.00, 0.00, 0.00
1169,  0,  19.467,  0.98,  1, 0.00, 0.00, 0.92, 0.00, 1.30, 0.76, 0.00, 1.13, 1.15, 1.51, 0.10, 0.10, 0.24, 0.08, 0.12, 0.12, 0.12, 0.00, 0.00, 1.00, 0.00, 1.00, 1.00, 0.00, 0.00, 0.00, 1.00, 0.00, 0.00, 0.00, 1.00, 0.00, 0.00, 0.00, 0.00
1170,  0,  19.483,  0.98,  1, 0.00, 0.00, 0.92, 0.00, 1.23, 0.60, 0.00, 1.03, 1.20, 1.51, 0.12, 0.18, 0.24, 0.12, 0.02, 0.49, 0.08, 0.00, 0.00, 1.00, 0.00, 1.00, 1.00, 0.00, 0.00, 0.00, 1.00, 0.00, 0.00, 0.00, 1.00, 0.00, 0.00, 0.00, 0.00
1171,  0,  19.500,  0.98,  1, 0.00, 0.00, 1.01, 0.00, 1.22, 0.94, 0.00, 0.98, 1.18, 1.61, 0.10, 0.38, 0.22, 0.13, 0.02, 0.49, 0.12, 0.00, 0.00, 1.00, 0.00, 1.00, 1.00, 0.00, 0.00, 0.00, 1.00, 0.00, 0.00, 0.00, 1.00, 0.00, 0.00, 0.00, 0.00
1172,  0,  19.517,  0.98,  1, 0.00, 0.00, 0.97, 0.00, 1.19, 1.17, 0.00, 0.88, 1.13, 1.37, 0.10, 0.35, 0.05, 0.13, 0.05, 0.51, 0.04, 0.00, 0.00, 1.00, 0.00, 1.00, 1.00, 0.00, 0.00, 0.00, 1.00, 0.00, 0.00, 0.00, 1.00, 0.00, 0.00, 0.00, 0.00
1173,  0,  19.533,  0.98,  1, 0.00, 0.00, 1.03, 0.00, 1.19, 1.39, 0.00, 0.75, 1.08, 1.43, 0.07, 0.26, 0.05, 0.09, 0.17, 0.28, 0.04, 0.00, 0.00, 1.00, 0.00, 1.00, 1.00, 0.00, 0.00, 0.00, 1.00, 0.00, 0.00, 0.00, 1.00, 0.00, 0.00, 0.00, 1.00
1174,  0,  19.550,  0.98,  1, 0.00, 0.00, 0.92, 0.00, 1.23, 1.32, 0.00, 0.74, 1.16, 1.39, 0.04, 0.17, 0.00, 0.09, 0.17, 0.31, 0.00, 0.00, 0.00, 1.00, 0.00, 1.00, 1.00, 0.00, 0.00, 0.00, 1.00, 0.00, 0.00, 0.00, 1.00, 0.00, 0.00, 0.00, 0.00
1175,  0,  19.567,  0.98,  1, 0.06, 0.00, 0.90, 0.00, 1.20, 1.22, 0.00, 0.73, 1.20, 1.46, 0.07, 0.30, 0.07, 0.10, 0.16, 0.50, 0.04, 0.00, 0.00, 1.00, 0.00, 1.00, 1.00, 0.00, 0.00, 0.00, 1.00, 0.00, 0.00, 0.00, 1.00, 0.00, 0.00, 0.00, 0.00
1176,  0,  19.583,  0.98,  1, 0.10, 0.00, 0.93, 0.00, 1.23, 1.21, 0.00, 0.83, 1.16, 1.31, 0.10, 0.38, 0.09, 0.12, 0.03, 0.39, 0.22, 0.00, 0.00, 1.00, 0.00, 1.00, 1.00, 0.00, 0.00, 0.00, 1.00, 0.00, 0.00, 0.00, 1.00, 0.00, 0.00, 0.00, 1.00
1177,  0,  19.600,  0.98,  1, 0.16, 0.01, 0.82, 0.00, 1.15, 0.91, 0.00, 0.90, 1.09, 1.32, 0.06, 0.25, 0.21, 0.08, 0.04, 0.41, 0.26, 0.00, 0.00, 1.00, 0.00, 1.00, 1.00, 0.00, 0.00, 0.00, 1.00, 0.00, 0.00, 0.00, 1.00, 0.00, 0.00, 0.00, 1.00
1178,  0,  19.617,  0.98,  1, 0.10, 0.01, 0.81, 0.00, 1.18, 0.83, 0.00, 0.87, 1.10, 1.36, 0.04, 0.12, 0.14, 0.02, 0.01, 0.21, 0.34, 0.00, 0.00, 1.00, 0.00, 1.00, 1.00, 0.00, 0.00, 0.00, 1.00, 0.00, 0.00, 0.00, 1.00, 0.00, 0.00, 0.00, 1.00
1179,  0,  19.633,  0.98,  1, 0.07, 0.01, 0.64, 0.00, 1.18, 0.67, 0.00, 0.85, 1.17, 1.39, 0.13, 0.04, 0.20, 0.05, 0.01, 0.34, 0.16, 0.00, 0.00, 1.00, 0.00, 0.00, 1.00, 0.00, 0.00, 0.00, 1.00, 0.00, 0.00, 0.00, 1.00, 0.00, 0.00, 0.00, 1.00
1180,  0,  19.650,  0.98,  1, 0.01, 0.00, 0.80, 0.00, 1.21, 0.84, 0.00, 0.80, 1.21, 1.36, 0.13, 0.07, 0.09, 0.07, 0.00, 0.27, 0.15, 0.00, 0.00, 1.00, 0.00, 1.00, 1.00, 0.00, 0.00, 0.00, 1.00, 0.00, 0.00, 0.00, 1.00, 0.00, 0.00, 0.00, 0.00
1181,  0,  19.667,  0.98,  1, 0.01, 0.00, 1.00, 0.00, 1.21, 0.87, 0.00, 0.84, 1.26, 1.35, 0.12, 0.13, 0.09, 0.07, 0.06, 0.38, 0.14, 0.00, 0.00, 1.00, 0.00, 0.00, 1.00, 0.00, 0.00, 0.00, 1.00, 0.00, 0.00, 0.00, 1.00, 0.00, 0.00, 0.00, 0.00
1182,  0,  19.683,  0.98,  1, 0.14, 0.00, 1.05, 0.00, 1.21, 1.09, 0.00, 0.93, 1.25, 1.39, 0.00, 0.21, 0.00, 0.02, 0.21, 0.40, 0.24, 0.00, 0.00, 1.00, 0.00, 0.00, 1.00, 0.00, 0.00, 0.00, 1.00, 0.00, 0.00, 0.00, 1.00, 0.00, 0.00, 0.00, 0.00
1183,  0,  19.700,  0.98,  1, 0.16, 0.15, 1.00, 0.00, 1.22, 0.91, 0.00, 0.85, 1.25, 1.23, 0.08, 0.23, 0.03, 0.02, 0.21, 0.44, 0.22, 0.00, 0.00, 1.00, 0.00, 0.00, 1.00, 0.00, 0.00, 0.00, 1.00, 0.00, 0.00, 0.00, 1.00, 0.00, 0.00, 0.00, 0.00
1184,  0,  19.717,  0.98,  1, 0.20, 0.15, 0.96, 0.00, 1.23, 0.74, 0.00, 0.83, 1.24, 1.33, 0.08, 0.33, 0.03, 0.03, 0.15, 0.30, 0.15, 0.00, 0.00, 1.00, 0.00, 0.00, 1.00, 0.00, 0.00, 0.00, 1.00, 0.00, 0.00, 0.00, 1.00, 0.00, 0.00, 0.00, 0.00
1185,  0,  19.733,  0.98,  1, 0.06, 0.15, 1.02, 0.00, 1.24, 0.63, 0.02, 0.77, 1.18, 1.21, 0.08, 0.25, 0.07, 0.03, 0.05, 0.12, 0.15, 0.00, 0.00, 1.00, 0.00, 0.00, 1.00, 0.00, 0.00, 0.00, 1.00, 0.00, 0.00, 0.00, 1.00, 0.00, 0.00, 0.00, 0.00
1186,  0,  19.750,  0.98,  1, 0.04, 0.00, 1.02, 0.00, 1.14, 0.73, 0.02, 0.83, 1.13, 1.33, 0.00, 0.28, 0.05, 0.04, 0.05, 0.07, 0.25, 0.00, 0.00, 1.00, 0.00, 0.00, 1.00, 0.00, 0.00, 0.00, 1.00, 0.00, 0.00, 0.00, 1.00, 0.00, 0.00, 0.00, 0.00
1187,  0,  19.767,  0.98,  1, 0.00, 0.00, 0.95, 0.00, 1.15, 0.95, 0.02, 0.79, 1.12, 1.29, 0.11, 0.12, 0.05, 0.03, 0.05, 0.26, 0.27, 0.00, 0.00, 1.00, 0.00, 0.00, 1.00, 0.00, 0.00, 0.00, 1.00, 0.00, 0.00, 0.00, 1.00, 0.00, 0.00, 0.00, 0.00
1188,  0,  19.783,  0.98,  1, 0.00, 0.00, 0.79, 0.00, 1.13, 0.74, 0.00, 0.72, 1.17, 1.35, 0.11, 0.12, 0.16, 0.03, 0.07, 0.27, 0.31, 0.00, 0.00, 1.00, 0.00, 1.00, 1.00, 0.00, 0.00, 0.00, 1.00, 0.00, 0.00, 0.00, 1.00, 0.00, 0.00, 0.00, 1.00
1189,  0,  19.800,  0.98,  1, 0.08, 0.00, 0.76, 0.00, 1.30, 0.97, 0.00, 0.79, 1.17, 1.22, 0.18, 0.05, 0.16, 0.00, 0.07, 0.28, 0.33, 0.00, 0.00, 1.00, 0.00, 1.00, 1.00, 0.00, 0.00, 0.00, 1.00, 0.00, 0.00, 0.00, 1.00, 0.00, 0.00, 0.00, 1.00
1190,  0,  19.817,  0.98,  1, 0.08, 0.00, 0.67, 0.00, 1.34, 1.10, 0.00, 0.89, 1.19, 1.19, 0.08, 0.09, 0.23, 0.01, 0.07, 0.18, 0.48, 0.00, 0.00, 1.00, 0.00, 1.00, 1.00, 0.00, 0.00, 0.00, 1.00, 0.00, 0.00, 0.00, 1.00, 0.00, 0.00, 0.00, 1.00
1191,  0,  19.833,  0.98,  1, 0.09, 0.00, 0.90, 0.00, 1.34, 1.33, 0.01, 0.91, 1.13, 1.21, 0.09, 0.14, 0.13, 0.01, 0.00, 0.13, 0.34, 0.00, 0.00, 1.00, 0.00, 1.00, 1.00, 0.00, 0.00, 0.00, 1.00, 0.00, 0.00, 0.00, 1.00, 0.00, 0.00, 0.00, 1.00
1192,  0,  19.850,  0.98,  1, 0.10, 0.00, 0.84, 0.00, 1.32, 1.41, 0.01, 0.95, 1.13, 1.40, 0.09, 0.22, 0.13, 0.01, 0.00, 0.10, 0.29, 0.00, 0.00, 1.00, 0.00, 1.00, 1.00, 0.00, 0.00, 0.00, 1.00, 0.00, 0.00, 0.00, 1.00, 0.00, 0.00, 0.00, 1.00
1193,  0,  19.867,  0.98,  1, 0.18, 0.05, 0.92, 0.00, 1.29, 1.33, 0.02, 0.93, 1.01, 1.42, 0.11, 0.14, 0.15, 0.00, 0.03, 0.00, 0.10, 0.00, 0.00, 1.00, 0.00, 1.00, 1.00, 0.00, 0.00, 0.00, 1.00, 0.00, 0.00, 0.00, 1.00, 0.00, 0.00, 0.00, 0.00
1194,  0,  19.883,  0.98,  1, 0.17, 0.05, 0.83, 0.00, 1.30, 1.35, 0.02, 1.03, 1.04, 1.45, 0.09, 0.12, 0.09, 0.05, 0.03, 0.10, 0.10, 0.00, 0.00, 1.00, 0.00, 1.00, 1.00, 0.00, 0.00, 0.00, 1.00, 0.00, 0.00, 0.00, 1.00, 0.00, 0.00, 0.00, 1.00
1195,  0,  19.900,  0.98,  1, 0.20, 0.19, 0.92, 0.00, 1.27, 1.14, 0.02, 1.09, 1.01, 1.20, 0.01, 0.18, 0.14, 0.08, 0.03, 0.10, 0.01, 0.00, 0.00, 1.00, 0.00, 1.00, 1.00, 0.00, 0.00, 0.00, 1.00, 0.00, 0.00, 0.00, 1.00, 0.00, 0.00, 0.00, 0.00
1196,  0,  19.917,  0.98,  1, 0.12, 0.15, 0.86, 0.00, 1.20, 1.08, 0.00, 1.06, 1.05, 1.15, 0.14, 0.23, 0.05, 0.08, 0.04, 0.11, 0.18, 0.00, 0.00, 1.00, 0.00, 1.00, 1.00, 0.00, 0.00, 0.00, 1.00, 0.00, 0.00, 0.00, 1.00, 0.00, 0.00, 0.00, 0.00
1197,  0,  19.933,  0.98,  1, 0.18, 0.15, 0.82, 0.00, 1.23, 1.03, 0.01, 1.18, 1.12, 0.99, 0.14, 0.41, 0.08, 0.03, 0.04, 0.04, 0.18, 0.00, 0.00, 1.00, 0.00, 1.00, 1.00, 0.00, 0.00, 0.00, 1.00, 0.00, 0.00, 0.00, 1.00, 0.00, 0.00, 0.00, 0.00
1198,  0,  19.950,  0.98,  1, 0.05, 0.00, 0.78, 0.00, 1.29, 0.77, 0.05, 1.06, 1.08, 1.12, 0.14, 0.27, 0.03, 0.00, 0.04, 0.06, 0.30, 0.00, 0.00, 1.00, 0.00, 1.00, 1.00, 0.00, 0.00, 0.00, 1.00, 0.00, 0.00, 0.00, 1.00, 0.00, 0.00, 0.00, 0.00
1199,  0,  19.967,  0.98,  1, 0.05, 0.00, 0.81, 0.00, 1.28, 0.82, 0.05, 0.99, 1.10, 1.14, 0.00, 0.22, 0.03, 0.00, 0.00, 0.22, 0.37, 0.00, 0.00, 1.00, 0.00, 1.00, 1.00, 0.00, 0.00, 0.00, 1.00, 0.00, 0.00, 0.00, 1.00, 0.00, 0.00, 0.00, 0.00
1200,  0,  19.983,  0.98,  1, 0.06, 0.01, 0.75, 0.00, 1.22, 0.82, 0.04, 0.70, 1.00, 1.41, 0.08, 0.11, 0.00, 0.00, 0.00, 0.34, 0.37, 0.00, 0.00, 1.00, 0.00, 1.00, 1.00, 0.00, 0.00, 0.00, 1.00, 0.00, 0.00, 0.00, 1.00, 0.00, 0.00, 0.00, 0.00
1201,  0,  20.000,  0.98,  1, 0.08, 0.07, 0.88, 0.00, 1.19, 1.07, 0.00, 0.73, 1.01, 1.49, 0.17, 0.25, 0.00, 0.00, 0.08, 0.52, 0.24, 0.00, 0.00, 1.00, 0.00, 1.00, 1.00, 0.00, 0.00, 0.00, 1.00, 0.00, 0.00, 0.00, 1.00, 0.00, 0.00, 0.00, 0.00
1202,  0,  20.017,  0.98,  1, 0.08, 0.07, 0.97, 0.00, 1.12, 1.08, 0.00, 0.75, 1.00, 1.41, 0.21, 0.41, 0.00, 0.00, 0.08, 0.36, 0.01, 0.00, 0.00, 1.00, 0.00, 1.00, 1.00, 0.00, 0.00, 0.00, 1.00, 0.00, 0.00, 0.00, 1.00, 0.00, 0.00, 0.00, 1.00
1203,  0,  20.033,  0.98,  1, 0.03, 0.07, 0.97, 0.00, 1.08, 1.04, 0.00, 0.81, 1.01, 1.33, 0.19, 0.39, 0.01, 0.00, 0.08, 0.26, 0.05, 0.00, 0.00, 1.00, 0.00, 0.00, 1.00, 0.00, 0.00, 0.00, 1.00, 0.00, 0.00, 0.00, 1.00, 0.00, 0.00, 0.00, 1.00
1204,  0,  20.050,  0.98,  1, 0.00, 0.00, 0.90, 0.00, 1.01, 0.90, 0.00, 0.70, 1.00, 1.21, 0.09, 0.37, 0.01, 0.00, 0.00, 0.29, 0.16, 0.00, 0.00, 1.00, 0.00, 1.00, 1.00, 0.00, 0.00, 0.00, 1.00, 0.00, 0.00, 0.00, 1.00, 0.00, 0.00, 0.00, 1.00
1205,  0,  20.067,  0.98,  1, 0.02, 0.00, 1.00, 0.00, 1.15, 0.96, 0.05, 0.68, 0.97, 1.23, 0.05, 0.21, 0.04, 0.00, 0.16, 0.32, 0.14, 0.00, 0.00, 1.00, 0.00, 1.00, 1.00, 0.00, 0.00, 0.00, 1.00, 0.00, 0.00, 0.00, 1.00, 0.00, 0.00, 0.00, 1.00
1206,  0,  20.083,  0.98,  1, 0.03, 0.00, 0.95, 0.00, 1.21, 0.95, 0.05, 0.70, 1.00, 1.19, 0.00, 0.11, 0.03, 0.00, 0.16, 0.27, 0.12, 0.00, 0.00, 1.00, 0.00, 1.00, 1.00, 0.00, 0.00, 0.00, 1.00, 0.00, 0.00, 0.00, 1.00, 0.00, 0.00, 0.00, 1.00
1207,  0,  20.100,  0.98,  1, 0.03, 0.00, 0.98, 0.00, 1.21, 1.15, 0.05, 0.71, 1.07, 1.29, 0.04, 0.23, 0.03, 0.00, 0.16, 0.09, 0.01, 0.00, 0.00, 1.00, 0.00, 1.00, 1.00, 0.00, 0.00, 0.00, 1.00, 0.00, 0.00, 0.00, 1.00, 0.00, 0.00, 0.00, 1.00
1208,  0,  20.117,  0.98,  1, 0.01, 0.00, 1.03, 0.00, 1.25, 1.01, 0.00, 0.76, 1.11, 1.44, 0.10, 0.26, 0.00, 0.00, 0.05, 0.06, 0.21, 0.00, 0.00, 1.00, 0.00, 1.00, 1.00, 0.00, 0.00, 0.00, 1.00, 0.00, 0.00, 0.00, 1.00, 0.00, 0.00, 0.00, 1.00
1209,  0,  20.133,  0.98,  1, 0.00, 0.00, 1.12, 0.00, 1.24, 1.20, 0.00, 0.88, 1.10, 1.56, 0.18, 0.32, 0.01, 0.00, 0.05, 0.06, 0.43, 0.00, 0.00, 1.00, 0.00, 1.00, 1.00, 0.00, 0.00, 0.00, 1.00, 0.00, 0.00, 0.00, 1.00, 0.00, 0.00, 0.00, 1.00
1210,  0,  20.150,  0.98,  1, 0.00, 0.00, 1.13, 0.00, 1.24, 1.18, 0.02, 0.99, 1.10, 1.59, 0.15, 0.24, 0.05, 0.00, 0.09, 0.02, 0.50, 0.00, 0.00, 1.00, 0.00, 1.00, 1.00, 0.00, 0.00, 0.00, 1.00, 0.00, 0.00, 0.00, 1.00, 0.00, 0.00, 0.00, 1.00
1211,  0,  20.167,  0.98,  1, 0.00, 0.00, 0.92, 0.00, 1.23, 1.31, 0.11, 1.04, 1.10, 1.71, 0.09, 0.25, 0.05, 0.00, 0.04, 0.10, 0.30, 0.00, 0.00, 1.00, 0.00, 1.00, 1.00, 0.00, 0.00, 0.00, 1.00, 0.00, 0.00, 0.00, 1.00, 0.00, 0.00, 0.00, 1.00
1212,  0,  20.183,  0.98,  1, 0.07, 0.00, 0.97, 0.00, 1.28, 1.14, 0.11, 1.03, 1.10, 1.63, 0.05, 0.32, 0.04, 0.00, 0.04, 0.16, 0.19, 0.00, 0.00, 1.00, 0.00, 1.00, 1.00, 0.00, 0.00, 0.00, 1.00, 0.00, 0.00, 0.00, 1.00, 0.00, 0.00, 0.00, 1.00
1213,  0,  20.200,  0.98,  1, 0.12, 0.00, 0.86, 0.00, 1.20, 0.81, 0.09, 1.03, 1.09, 1.53, 0.06, 0.19, 0.00, 0.00, 0.12, 0.25, 0.13, 0.00, 0.00, 1.00, 0.00, 1.00, 1.00, 0.00, 0.00, 0.00, 1.00, 0.00, 0.00, 0.00, 1.00, 0.00, 0.00, 0.00, 1.00
1214,  0,  20.217,  0.98,  1, 0.23, 0.00, 0.85, 0.00, 1.16, 0.82, 0.00, 0.98, 1.04, 1.48, 0.11, 0.20, 0.00, 0.00, 0.12, 0.27, 0.15, 0.00, 0.00, 1.00, 0.00, 1.00, 1.00, 0.00, 0.00, 0.00, 1.00, 0.00, 0.00, 0.00, 1.00, 0.00, 0.00, 0.00, 1.00
1215,  0,  20.233,  0.98,  1, 0.16, 0.00, 0.88, 0.00, 1.12, 0.78, 0.00, 0.85, 1.04, 1.54, 0.09, 0.20, 0.00, 0.00, 0.12, 0.24, 0.02, 0.00, 0.00, 1.00, 0.00, 1.00, 1.00, 0.00, 0.00, 0.00, 1.00, 0.00, 0.00, 0.00, 1.00, 0.00, 0.00, 0.00, 1.00
1216,  0,  20.250,  0.98,  1, 0.11, 0.00, 0.72, 0.00, 1.24, 1.06, 0.00, 0.68, 1.02, 1.44, 0.08, 0.30, 0.00, 0.00, 0.00, 0.17, 0.05, 0.00, 0.00, 1.00, 0.00, 1.00, 1.00, 0.00, 0.00, 0.00, 1.00, 0.00, 0.00, 0.00, 1.00, 0.00, 0.00, 0.00, 1.00
1217,  0,  20.267,  0.98,  1, 0.01, 0.00, 0.73, 0.00, 1.26, 1.03, 0.00, 0.65, 1.00, 1.36, 0.08, 0.31, 0.00, 0.00, 0.00, 0.06, 0.04, 0.00, 0.00, 1.00, 0.00, 1.00, 1.00, 0.00, 0.00, 0.00, 1.00, 0.00, 0.00, 0.00, 1.00, 0.00, 0.00, 0.00, 1.00
1218,  0,  20.283,  0.98,  1, 0.01, 0.11, 0.76, 0.00, 1.24, 1.11, 0.01, 0.63, 1.01, 1.40, 0.06, 0.30, 0.00, 0.00, 0.00, 0.03, 0.20, 0.00, 0.00, 1.00, 0.00, 1.00, 1.00, 0.00, 0.00, 0.00, 1.00, 0.00, 0.00, 0.00, 1.00, 0.00, 0.00, 0.00, 1.00
1219,  0,  20.300,  0.98,  1, 0.02, 0.11, 0.90, 0.00, 1.14, 0.88, 0.01, 0.68, 0.99, 1.55, 0.06, 0.30, 0.08, 0.00, 0.00, 0.02, 0.37, 0.00, 0.00, 1.00, 0.00, 1.00, 1.00, 0.00, 0.00, 0.00, 1.00, 0.00, 0.00, 0.00, 1.00, 0.00, 0.00, 0.00, 1.00
1220,  0,  20.317,  0.98,  1, 0.08, 0.11, 1.01, 0.00, 1.04, 0.62, 0.04, 0.59, 0.98, 1.65, 0.01, 0.33, 0.17, 0.00, 0.00, 0.02, 0.36, 0.00, 0.00, 1.00, 0.00, 1.00, 1.00, 0.00, 0.00, 0.00, 1.00, 0.00, 0.00, 0.00, 1.00, 0.00, 0.00, 0.00, 1.00
1221,  0,  20.333,  0.98,  1, 0.09, 0.00, 0.81, 0.00, 1.05, 0.66, 0.03, 0.65, 0.94, 1.57, 0.02, 0.21, 0.19, 0.00, 0.16, 0.12, 0.30, 0.00, 0.00, 1.00, 0.00, 0.00, 1.00, 0.00, 0.00, 0.00, 1.00, 0.00, 0.00, 0.00, 1.00, 0.00, 0.00, 0.00, 1.00
1222,  0,  20.350,  0.98,  1, 0.20, 0.00, 0.91, 0.00, 1.07, 0.99, 0.03, 0.64, 0.92, 1.61, 0.11, 0.19, 0.10, 0.00, 0.17, 0.18, 0.13, 0.00, 0.00, 1.00, 0.00, 0.00, 1.00, 0.00, 0.00, 0.00, 1.00, 0.00, 0.00, 0.00, 1.00, 0.00, 0.00, 0.00, 1.00
1223,  0,  20.367,  0.98,  1, 0.25, 0.00, 0.84, 0.00, 1.10, 1.13, 0.00, 0.79, 0.95, 1.51, 0.11, 0.08, 0.02, 0.00, 0.28, 0.18, 0.13, 0.00, 0.00, 1.00, 0.00, 0.00, 1.00, 0.00, 0.00, 0.00, 1.00, 0.00, 0.00, 0.00, 1.00, 0.00, 0.00, 0.00, 1.00
1224,  0,  20.383,  0.98,  1, 0.30, 0.00, 0.98, 0.00, 1.06, 1.09, 0.00, 0.82, 0.94, 1.43, 0.17, 0.15, 0.00, 0.00, 0.12, 0.15, 0.03, 0.00, 0.00, 1.00, 0.00, 0.00, 1.00, 0.00, 0.00, 0.00, 1.00, 0.00, 0.00, 0.00, 1.00, 0.00, 0.00, 0.00, 1.00
1225,  0,  20.400,  0.98,  1, 0.19, 0.00, 0.84, 0.00, 1.01, 1.07, 0.00, 0.99, 1.02, 1.29, 0.17, 0.12, 0.00, 0.00, 0.11, 0.10, 0.13, 0.00, 0.00, 1.00, 0.00, 1.00, 1.00, 0.00, 0.00, 0.00, 1.00, 0.00, 0.00, 0.00, 1.00, 0.00, 0.00, 0.00, 1.00
1226,  0,  20.417,  0.98,  1, 0.07, 0.00, 0.78, 0.00, 0.98, 1.02, 0.02, 0.94, 1.06, 1.22, 0.30, 0.17, 0.00, 0.00, 0.00, 0.10, 0.31, 0.00, 0.00, 1.00, 0.00, 0.00, 1.00, 0.00, 0.00, 0.00, 1.00, 0.00, 0.00, 0.00, 1.00, 0.00, 0.00, 0.00, 1.00
1227,  0,  20.433,  0.98,  1, 0.07, 0.00, 0.77, 0.00, 1.02, 0.93, 0.02, 0.92, 1.07, 1.30, 0.21, 0.10, 0.00, 0.00, 0.12, 0.20, 0.36, 0.00, 0.00, 1.00, 0.00, 0.00, 1.00, 0.00, 0.00, 0.00, 1.00, 0.00, 0.00, 0.00, 1.00, 0.00, 0.00, 0.00, 1.00
1228,  0,  20.450,  0.98,  1, 0.09, 0.00, 0.94, 0.00, 1.07, 0.67, 0.05, 0.82, 0.99, 1.40, 0.13, 0.07, 0.00, 0.00, 0.25, 0.40, 0.49, 0.00, 0.00, 1.00, 0.00, 0.00, 1.00, 0.00, 0.00, 0.00, 1.00, 0.00, 0.00, 0.00, 1.00, 0.00, 0.00, 0.00, 1.00
1229,  0,  20.467,  0.98,  1, 0.21, 0.00, 0.87, 0.00, 1.19, 0.78, 0.03, 0.95, 0.92, 1.52, 0.01, 0.11, 0.00, 0.00, 0.32, 0.47, 0.30, 0.00, 0.00, 1.00, 0.00, 0.00, 1.00, 0.00, 0.00, 0.00, 1.00, 0.00, 0.00, 0.00, 1.00, 0.00, 0.00, 0.00, 1.00
1230,  0,  20.483,  0.98,  1, 0.14, 0.00, 0.85, 0.00, 1.13, 0.95, 0.03, 0.97, 0.95, 1.65, 0.19, 0.30, 0.00, 0.00, 0.27, 0.41, 0.42, 0.00, 0.00, 1.00, 0.00, 0.00, 1.00, 0.00, 0.00, 0.00, 1.00, 0.00, 0.00, 0.00, 1.00, 0.00, 0.00, 0.00, 1.00
1231,  0,  20.500,  0.98,  1, 0.15, 0.00, 0.79, 0.00, 1.19, 1.26, 0.05, 0.99, 1.00, 1.49, 0.19, 0.33, 0.00, 0.00, 0.14, 0.24, 0.27, 0.00, 0.00, 1.00, 0.00, 0.00, 1.00, 0.00, 0.00, 0.00, 1.00, 0.00, 0.00, 0.00, 1.00, 0.00, 0.00, 0.00, 1.00
1232,  0,  20.517,  0.98,  1, 0.03, 0.00, 0.83, 0.00, 1.09, 1.41, 0.05, 0.91, 0.97, 1.40, 0.31, 0.42, 0.00, 0.00, 0.06, 0.25, 0.29, 0.00, 0.00, 1.00, 0.00, 0.00, 1.00, 0.00, 0.00, 0.00, 1.00, 0.00, 0.00, 0.00, 1.00, 0.00, 0.00, 0.00, 1.00
1233,  0,  20.533,  0.98,  1, 0.08, 0.00, 0.84, 0.00, 1.05, 1.32, 0.07, 0.80, 0.91, 1.12, 0.19, 0.28, 0.00, 0.00, 0.08, 0.24, 0.15, 0.00, 0.00, 1.00, 0.00, 0.00, 1.00, 0.00, 0.00, 0.00, 1.00, 0.00, 0.00, 0.00, 1.00, 0.00, 0.00, 0.00, 1.00
1234,  0,  20.550,  0.98,  1, 0.21, 0.06, 0.98, 0.00, 0.97, 1.14, 0.06, 0.88, 0.89, 1.25, 0.20, 0.30, 0.00, 0.00, 0.15, 0.27, 0.08, 0.00, 0.00, 1.00, 0.00, 0.00, 1.00, 0.00, 0.00, 0.00, 1.00, 0.00, 0.00, 0.00, 1.00, 0.00, 0.00, 0.00, 1.00
1235,  0,  20.567,  0.98,  1, 0.23, 0.06, 1.16, 0.00, 1.02, 1.12, 0.08, 0.84, 0.93, 1.17, 0.07, 0.19, 0.00, 0.00, 0.22, 0.30, 0.17, 0.00, 0.00, 1.00, 0.00, 0.00, 1.00, 0.00, 0.00, 0.00, 1.00, 0.00, 0.00, 0.00, 1.00, 0.00, 0.00, 0.00, 1.00
1236,  0,  20.583,  0.98,  1, 0.21, 0.06, 1.22, 0.00, 1.04, 0.95, 0.07, 0.92, 0.91, 1.09, 0.12, 0.21, 0.00, 0.00, 0.31, 0.22, 0.21, 0.00, 0.00, 1.00, 0.00, 0.00, 1.00, 0.00, 0.00, 0.00, 1.00, 0.00, 0.00, 0.00, 1.00, 0.00, 0.00, 0.00, 1.00
1237,  0,  20.600,  0.98,  1, 0.05, 0.00, 0.96, 0.00, 1.08, 0.89, 0.02, 0.86, 0.89, 1.04, 0.19, 0.16, 0.00, 0.00, 0.27, 0.13, 0.34, 0.00, 0.00, 1.00, 0.00, 0.00, 1.00, 0.00, 0.00, 0.00, 1.00, 0.00, 0.00, 0.00, 1.00, 0.00, 0.00, 0.00, 1.00
1238,  0,  20.617,  0.98,  1, 0.04, 0.00, 0.85, 0.00, 1.04, 0.46, 0.00, 0.83, 0.91, 1.21, 0.19, 0.18, 0.00, 0.00, 0.32, 0.33, 0.38, 0.00, 0.00, 1.00, 0.00, 0.00, 1.00, 0.00, 0.00, 0.00, 1.00, 0.00, 0.00, 0.00, 1.00, 0.00, 0.00, 0.00, 1.00
1239,  0,  20.633,  0.98,  1, 0.10, 0.00, 0.87, 0.00, 1.00, 0.60, 0.00, 0.95, 0.93, 1.39, 0.16, 0.26, 0.00, 0.00, 0.24, 0.52, 0.31, 0.00, 0.00, 1.00, 0.00, 0.00, 1.00, 0.00, 0.00, 0.00, 1.00, 0.00, 0.00, 0.00, 1.00, 0.00, 0.00, 0.00, 1.00
1240,  0,  20.650,  0.98,  1, 0.10, 0.00, 0.88, 0.00, 0.96, 0.64, 0.00, 0.90, 0.93, 1.28, 0.10, 0.23, 0.00, 0.00, 0.29, 0.52, 0.22, 0.00, 0.00, 1.00, 0.00, 0.00, 1.00, 0.00, 0.00, 0.00, 1.00, 0.00, 0.00, 0.00, 1.00, 0.00, 0.00, 0.00, 1.00
1241,  0,  20.667,  0.98,  1, 0.15, 0.00, 0.84, 0.00, 0.91, 0.88, 0.00, 0.93, 0.90, 1.20, 0.24, 0.23, 0.11, 0.00, 0.18, 0.34, 0.08, 0.00, 0.00, 1.00, 0.00, 0.00, 1.00, 0.00, 0.00, 0.00, 1.00, 0.00, 0.00, 0.00, 1.00, 0.00, 0.00, 0.00, 1.00
1242,  0,  20.683,  0.98,  1, 0.16, 0.00, 0.80, 0.00, 1.02, 1.08, 0.00, 0.85, 0.96, 1.21, 0.31, 0.25, 0.11, 0.00, 0.37, 0.34, 0.12, 0.00, 0.00, 1.00, 0.00, 0.00, 1.00, 0.00, 0.00, 0.00, 1.00, 0.00, 0.00, 0.00, 1.00, 0.00, 0.00, 0.00, 1.00
1243,  0,  20.700,  0.98,  1, 0.23, 0.00, 0.89, 0.00, 1.12, 1.31, 0.00, 0.80, 1.00, 1.37, 0.32, 0.32, 0.13, 0.00, 0.47, 0.55, 0.26, 0.00, 0.00, 1.00, 0.00, 0.00, 1.00, 0.00, 0.00, 0.00, 1.00, 0.00, 0.00, 0.00, 1.00, 0.00, 0.00, 0.00, 1.00
1244,  0,  20.717,  0.98,  1, 0.18, 0.00, 0.99, 0.00, 1.14, 1.46, 0.03, 0.74, 0.90, 1.36, 0.25, 0.27, 0.01, 0.00, 0.47, 0.71, 0.29, 0.00, 0.00, 1.00, 0.00, 0.00, 1.00, 0.00, 0.00, 0.00, 1.00, 0.00, 0.00, 0.00, 1.00, 0.00, 0.00, 0.00, 1.00
1245,  0,  20.733,  0.98,  1, 0.14, 0.00, 1.01, 0.00, 1.06, 1.10, 0.07, 0.62, 0.84, 1.30, 0.13, 0.32, 0.07, 0.00, 0.32, 0.74, 0.25, 0.00, 0.00, 1.00, 0.00, 0.00, 1.00, 0.00, 0.00, 0.00, 1.00, 0.00, 0.00, 0.00, 1.00, 0.00, 0.00, 0.00, 1.00
1246,  0,  20.750,  0.98,  1, 0.07, 0.00, 0.97, 0.00, 0.99, 0.71, 0.09, 0.58, 0.81, 1.23, 0.16, 0.38, 0.09, 0.00, 0.31, 0.68, 0.21, 0.00, 0.00, 1.00, 0.00, 0.00, 1.00, 0.00, 0.00, 0.00, 1.00, 0.00, 0.00, 0.00, 1.00, 0.00, 0.00, 0.00, 1.00
1247,  0,  20.767,  0.98,  1, 0.07, 0.00, 0.89, 0.00, 1.00, 0.37, 0.06, 0.55, 0.88, 1.12, 0.14, 0.40, 0.09, 0.00, 0.43, 0.53, 0.18, 0.00, 0.00, 1.00, 0.00, 0.00, 1.00, 0.00, 0.00, 0.00, 1.00, 0.00, 0.00, 0.00, 1.00, 0.00, 0.00, 0.00, 1.00
1248,  0,  20.783,  0.98,  1, 0.04, 0.00, 0.80, 0.00, 0.97, 0.41, 0.02, 0.52, 0.85, 0.95, 0.11, 0.32, 0.03, 0.00, 0.36, 0.29, 0.29, 0.00, 0.00, 1.00, 0.00, 0.00, 1.00, 0.00, 0.00, 0.00, 1.00, 0.00, 0.00, 0.00, 1.00, 0.00, 0.00, 0.00, 1.00
1249,  0,  20.800,  0.98,  1, 0.04, 0.03, 0.85, 0.00, 0.97, 0.63, 0.00, 0.61, 0.86, 0.83, 0.04, 0.29, 0.00, 0.00, 0.21, 0.26, 0.16, 0.00, 0.00, 1.00, 0.00, 0.00, 1.00, 0.00, 0.00, 0.00, 1.00, 0.00, 0.00, 0.00, 1.00, 0.00, 0.00, 0.00, 1.00
1250,  0,  20.817,  0.98,  1, 0.04, 0.03, 0.95, 0.00, 1.00, 0.87, 0.00, 0.69, 0.86, 1.07, 0.12, 0.26, 0.00, 0.00, 0.09, 0.24, 0.27, 0.00, 0.00, 1.00, 0.00, 0.00, 1.00, 0.00, 0.00, 0.00, 1.00, 0.00, 0.00, 0.00, 1.00, 0.00, 0.00, 0.00, 1.00
1251,  0,  20.833,  0.98,  1, 0.00, 0.03, 0.92, 0.00, 1.09, 0.77, 0.00, 0.76, 0.88, 1.30, 0.13, 0.18, 0.00, 0.00, 0.26, 0.33, 0.26, 0.00, 0.00, 1.00, 0.00, 0.00, 1.00, 0.00, 0.00, 0.00, 1.00, 0.00, 0.00, 0.00, 1.00, 0.00, 0.00, 0.00, 1.00
1252,  0,  20.850,  0.98,  1, 0.05, 0.07, 0.92, 0.00, 1.08, 0.53, 0.00, 0.72, 0.86, 1.44, 0.13, 0.09, 0.00, 0.00, 0.40, 0.39, 0.26, 0.00, 0.00, 1.00, 0.00, 0.00, 1.00, 0.00, 0.00, 0.00, 1.00, 0.00, 0.00, 0.00, 1.00, 0.00, 0.00, 0.00, 1.00
1253,  0,  20.867,  0.98,  1, 0.05, 0.07, 0.71, 0.00, 1.04, 0.46, 0.00, 0.62, 0.82, 1.29, 0.05, 0.06, 0.00, 0.00, 0.62, 0.55, 0.28, 0.00, 0.00, 1.00, 0.00, 0.00, 1.00, 0.00, 0.00, 0.00, 1.00, 0.00, 0.00, 0.00, 1.00, 0.00, 0.00, 0.00, 1.00
1254,  0,  20.883,  0.98,  1, 0.05, 0.08, 0.79, 0.00, 1.09, 0.66, 0.00, 0.79, 0.84, 1.14, 0.04, 0.00, 0.00, 0.00, 0.38, 0.58, 0.29, 0.00, 0.00, 1.00, 0.00, 0.00, 1.00, 0.00, 0.00, 0.00, 1.00, 0.00, 0.00, 0.00, 1.00, 0.00, 0.00, 0.00, 1.00
1255,  0,  20.900,  0.98,  1, 0.06, 0.02, 0.70, 0.00, 1.11, 0.68, 0.00, 0.79, 0.83, 1.13, 0.04, 0.03, 0.00, 0.00, 0.30, 0.75, 0.37, 0.00, 0.00, 1.00, 0.00, 0.00, 1.00, 0.00, 0.00, 0.00, 1.00, 0.00, 0.00, 0.00, 1.00, 0.00, 0.00, 0.00, 0.00
1256,  0,  20.917,  0.98,  1, 0.06, 0.02, 0.64, 0.00, 1.17, 0.53, 0.00, 0.94, 0.84, 1.18, 0.01, 0.10, 0.02, 0.00, 0.16, 0.70, 0.24, 0.00, 0.00, 1.00, 0.00, 0.00, 1.00, 0.00, 0.00, 0.00, 1.00, 0.00, 0.00, 0.00, 1.00, 0.00, 0.00, 0.00, 0.00
1257,  0,  20.933,  0.98,  1, 0.14, 0.00, 0.46, 0.00, 1.10, 0.47, 0.00, 0.91, 0.84, 1.21, 0.01, 0.10, 0.02, 0.00, 0.22, 0.74, 0.22, 0.00, 0.00, 1.00, 0.00, 0.00, 1.00, 0.00, 0.00, 0.00, 1.00, 0.00, 0.00, 0.00, 1.00, 0.00, 0.00, 0.00, 0.00
1258,  0,  20.950,  0.98,  1, 0.13, 0.00, 0.46, 0.00, 1.13, 0.49, 0.00, 0.95, 0.86, 1.27, 0.12, 0.16, 0.12, 0.00, 0.28, 0.54, 0.27, 0.00, 0.00, 1.00, 0.00, 0.00, 1.00, 0.00, 0.00, 0.00, 1.00, 0.00, 0.00, 0.00, 1.00, 0.00, 0.00, 0.00, 0.00
1259,  0,  20.967,  0.98,  1, 0.13, 0.00, 0.66, 0.00, 1.13, 0.49, 0.00, 0.91, 0.85, 1.30, 0.12, 0.08, 0.17, 0.00, 0.37, 0.61, 0.44, 0.00, 0.00, 1.00, 0.00, 0.00, 1.00, 0.00, 0.00, 0.00, 1.00, 0.00, 0.00, 0.00, 1.00, 0.00, 0.00, 0.00, 0.00
1260,  0,  20.983,  0.98,  1, 0.05, 0.00, 0.74, 0.00, 1.07, 0.57, 0.01, 0.87, 0.86, 1.22, 0.12, 0.08, 0.17, 0.00, 0.32, 0.65, 0.39, 0.00, 0.00, 1.00, 0.00, 0.00, 1.00, 0.00, 0.00, 0.00, 1.00, 0.00, 0.00, 0.00, 1.00, 0.00, 0.00, 0.00, 1.00
1261,  0,  21.000,  0.98,  1, 0.05, 0.00, 0.72, 0.00, 1.02, 0.73, 0.01, 0.88, 0.93, 1.15, 0.00, 0.00, 0.07, 0.00, 0.25, 0.68, 0.29, 0.00, 0.00, 1.00, 0.00, 0.00, 1.00, 0.00, 0.00, 0.00, 1.00, 0.00, 0.00, 0.00, 1.00, 0.00, 0.00, 0.00, 1.00
1262,  0,  21.017,  0.98,  1, 0.09, 0.00, 0.55, 0.00, 1.01, 0.77, 0.02, 0.87, 0.97, 1.09, 0.00, 0.00, 0.00, 0.00, 0.18, 0.54, 0.11, 0.00, 0.00, 1.00, 0.00, 0.00, 1.00, 0.00, 0.00, 0.00, 1.00, 0.00, 0.00, 0.00, 1.00, 0.00, 0.00, 0.00, 1.00
1263,  0,  21.033,  0.98,  1, 0.10, 0.00, 0.62, 0.00, 1.11, 0.78, 0.01, 0.93, 0.95, 1.26, 0.11, 0.00, 0.00, 0.00, 0.32, 0.53, 0.05, 0.00, 0.00, 1.00, 0.00, 0.00, 1.00, 0.00, 0.00, 0.00, 1.00, 0.00, 0.00, 0.00, 1.00, 0.00, 0.00, 0.00, 1.00
1264,  0,  21.050,  0.98,  1, 0.06, 0.00, 0.76, 0.00, 1.16, 0.69, 0.01, 0.90, 0.92, 1.27, 0.15, 0.02, 0.00, 0.00, 0.34, 0.43, 0.16, 0.00, 0.00, 1.00, 0.00, 0.00, 1.00, 0.00, 0.00, 0.00, 1.00, 0.00, 0.00, 0.00, 1.00, 0.00, 0.00, 0.00, 0.00
1265,  0,  21.067,  0.98,  1, 0.02, 0.00, 0.93, 0.00, 1.14, 1.01, 0.00, 0.88, 0.97, 1.19, 0.18, 0.04, 0.00, 0.00, 0.24, 0.43, 0.18, 0.00, 0.00, 1.00, 0.00, 0.00, 1.00, 0.00, 0.00, 0.00, 1.00, 0.00, 0.00, 0.00, 1.00, 0.00, 0.00, 0.00, 0.00
1266,  0,  21.083,  0.98,  1, 0.01, 0.00, 0.92, 0.00, 1.05, 0.92, 0.00, 0.77, 1.00, 1.16, 0.07, 0.04, 0.00, 0.00, 0.28, 0.44, 0.22, 0.00, 0.00, 1.00, 0.00, 0.00, 1.00, 0.00, 0.00, 0.00, 1.00, 0.00, 0.00, 0.00, 1.00, 0.00, 0.00, 0.00, 0.00
1267,  0,  21.100,  0.98,  1, 0.00, 0.16, 0.78, 0.00, 1.03, 0.89, 0.00, 0.86, 0.97, 1.09, 0.03, 0.08, 0.00, 0.00, 0.34, 0.55, 0.35, 0.00, 0.00, 1.00, 0.00, 0.00, 1.00, 0.00, 0.00, 0.00, 1.00, 0.00, 0.00, 0.00, 1.00, 0.00, 0.00, 0.00, 0.00
1268,  0,  21.117,  0.98,  1, 0.00, 0.16, 0.71, 0.00, 0.99, 0.70, 0.00, 0.80, 0.92, 1.10, 0.03, 0.07, 0.00, 0.00, 0.55, 0.64, 0.52, 0.00, 0.00, 1.00, 0.00, 0.00, 1.00, 0.00, 0.00, 0.00, 1.00, 0.00, 0.00, 0.00, 1.00, 0.00, 0.00, 0.00, 1.00
1269,  0,  21.133,  0.98,  1, 0.00, 0.21, 0.74, 0.00, 1.04, 0.77, 0.00, 0.77, 0.95, 1.08, 0.03, 0.07, 0.00, 0.00, 0.56, 0.61, 0.54, 0.00, 0.00, 1.00, 0.00, 0.00, 1.00, 0.00, 0.00, 0.00, 1.00, 0.00, 0.00, 0.00, 1.00, 0.00, 0.00, 0.00, 1.00
1270,  0,  21.150,  0.98,  1, 0.00, 0.05, 0.81, 0.00, 1.09, 0.70, 0.00, 0.63, 0.93, 1.22, 0.03, 0.10, 0.00, 0.00, 0.55, 0.68, 0.25, 0.00, 0.00, 1.00, 0.00, 0.00, 1.00, 0.00, 0.00, 0.00, 1.00, 0.00, 0.00, 0.00, 1.00, 0.00, 0.00, 0.00, 1.00
1271,  0,  21.167,  0.98,  1, 0.00, 0.19, 0.88, 0.00, 1.09, 0.57, 0.00, 0.59, 0.89, 1.19, 0.00, 0.13, 0.00, 0.00, 0.35, 0.57, 0.25, 0.00, 0.00, 1.00, 0.00, 0.00, 1.00, 0.00, 0.00, 0.00, 1.00, 0.00, 0.00, 0.00, 1.00, 0.00, 0.00, 0.00, 1.00
1272,  0,  21.183,  0.98,  1, 0.00, 0.15, 0.98, 0.00, 1.13, 0.60, 0.00, 0.66, 0.88, 1.26, 0.00, 0.13, 0.03, 0.00, 0.16, 0.64, 0.44, 0.00, 0.00, 1.00, 0.00, 0.00, 1.00, 0.00, 0.00, 0.00, 1.00, 0.00, 0.00, 0.00, 1.00, 0.00, 0.00, 0.00, 1.00
1273,  0,  21.200,  0.98,  1, 0.04, 0.15, 0.92, 0.00, 1.11, 0.73, 0.00, 0.68, 0.89, 1.14, 0.00, 0.06, 0.03, 0.00, 0.07, 0.53, 0.57, 0.00, 0.00, 1.00, 0.00, 0.00, 1.00, 0.00, 0.00, 0.00, 1.00, 0.00, 0.00, 0.00, 1.00, 0.00, 0.00, 0.00, 1.00
1274,  0,  21.217,  0.98,  1, 0.04, 0.00, 0.79, 0.00, 1.16, 0.77, 0.00, 0.82, 0.92, 1.18, 0.04, 0.00, 0.03, 0.00, 0.10, 0.49, 0.46, 0.00, 0.00, 1.00, 0.00, 0.00, 1.00, 0.00, 0.00, 0.00, 1.00, 0.00, 0.00, 0.00, 1.00, 0.00, 0.00, 0.00, 1.00
1275,  0,  21.233,  0.98,  1, 0.04, 0.00, 0.57, 0.00, 1.13, 0.58, 0.00, 0.69, 0.86, 1.08, 0.04, 0.04, 0.00, 0.00, 0.31, 0.45, 0.42, 0.00, 0.00, 1.00, 0.00, 0.00, 1.00, 0.00, 0.00, 0.00, 1.00, 0.00, 0.00, 0.00, 1.00, 0.00, 0.00, 0.00, 1.00
1276,  0,  21.250,  0.98,  1, 0.05, 0.06, 0.65, 0.00, 1.05, 0.57, 0.00, 0.84, 0.92, 1.11, 0.16, 0.07, 0.00, 0.00, 0.41, 0.52, 0.39, 0.00, 0.00, 1.00, 0.00, 0.00, 1.00, 0.00, 0.00, 0.00, 1.00, 0.00, 0.00, 0.00, 1.00, 0.00, 0.00, 0.00, 1.00
1277,  0,  21.267,  0.98,  1, 0.05, 0.13, 0.73, 0.00, 1.02, 0.51, 0.00, 0.87, 0.95, 1.07, 0.20, 0.07, 0.00, 0.00, 0.51, 0.52, 0.31, 0.00, 0.00, 1.00, 0.00, 0.00, 1.00, 0.00, 0.00, 0.00, 1.00, 0.00, 0.00, 0.00, 1.00, 0.00, 0.00, 0.00, 1.00
1278,  0,  21.283,  0.98,  1, 0.07, 0.23, 0.84, 0.00, 1.00, 0.56, 0.00, 0.90, 0.98, 1.17, 0.20, 0.03, 0.00, 0.00, 0.49, 0.45, 0.29, 0.00, 0.00, 1.00, 0.00, 0.00, 1.00, 0.00, 0.00, 0.00, 1.00, 0.00, 0.00, 0.00, 1.00, 0.00, 0.00, 0.00, 1.00
1279,  0,  21.300,  0.98,  1, 0.01, 0.18, 0.85, 0.00, 1.04, 0.66, 0.00, 0.89, 0.93, 1.18, 0.20, 0.01, 0.00, 0.00, 0.37, 0.28, 0.31, 0.00, 0.00, 1.00, 0.00, 0.00, 1.00, 0.00, 0.00, 0.00, 1.00, 0.00, 0.00, 0.00, 1.00, 0.00, 0.00, 0.00, 1.00
1280,  0,  21.317,  0.98,  1, 0.01, 0.11, 0.92, 0.00, 1.09, 0.51, 0.00, 0.78, 0.92, 1.15, 0.12, 0.00, 0.00, 0.00, 0.40, 0.51, 0.40, 0.00, 0.00, 1.00, 0.00, 0.00, 1.00, 0.00, 0.00, 0.00, 1.00, 0.00, 0.00, 0.00, 1.00, 0.00, 0.00, 0.00, 1.00
1281,  0,  21.333,  0.98,  1, 0.00, 0.00, 0.88, 0.00, 1.13, 0.54, 0.00, 0.69, 0.91, 1.09, 0.12, 0.01, 0.02, 0.00, 0.38, 0.72, 0.36, 0.00, 0.00, 1.00, 0.00, 0.00, 1.00, 0.00, 0.00, 0.00, 1.00, 0.00, 0.00, 0.00, 1.00, 0.00, 0.00, 0.00, 1.00
1282,  0,  21.350,  0.98,  1, 0.05, 0.00, 0.86, 0.00, 1.14, 0.41, 0.00, 0.56, 0.91, 1.06, 0.03, 0.07, 0.02, 0.00, 0.37, 0.79, 0.42, 0.00, 0.00, 1.00, 0.00, 0.00, 1.00, 0.00, 0.00, 0.00, 1.00, 0.00, 0.00, 0.00, 1.00, 0.00, 0.00, 0.00, 0.00
1283,  0,  21.367,  0.98,  1, 0.14, 0.00, 0.92, 0.00, 1.12, 0.74, 0.00, 0.60, 0.94, 1.13, 0.09, 0.17, 0.02, 0.00, 0.27, 0.67, 0.46, 0.00, 0.00, 1.00, 0.00, 0.00, 1.00, 0.00, 0.00, 0.00, 1.00, 0.00, 0.00, 0.00, 1.00, 0.00, 0.00, 0.00, 1.00
1284,  0,  21.383,  0.98,  1, 0.14, 0.10, 1.03, 0.00, 1.13, 0.74, 0.00, 0.78, 0.94, 1.02, 0.11, 0.24, 0.00, 0.00, 0.25, 0.41, 0.65, 0.00, 0.00, 1.00, 0.00, 0.00, 0.00, 0.00, 0.00, 0.00, 1.00, 0.00, 0.00, 0.00, 1.00, 0.00, 0.00, 0.00, 0.00
1285,  0,  21.400,  0.98,  1, 0.15, 0.17, 1.10, 0.00, 1.14, 0.72, 0.00, 0.88, 0.91, 1.07, 0.20, 0.21, 0.00, 0.00, 0.40, 0.47, 0.63, 0.00, 0.00, 1.00, 0.00, 0.00, 0.00, 0.00, 0.00, 0.00, 1.00, 0.00, 0.00, 0.00, 1.00, 0.00, 0.00, 0.00, 0.00
1286,  0,  21.417,  0.98,  1, 0.12, 0.31, 1.07, 0.04, 1.11, 0.56, 0.00, 0.90, 0.92, 1.14, 0.14, 0.10, 0.11, 0.00, 0.39, 0.32, 0.64, 0.00, 0.00, 1.00, 0.00, 0.00, 0.00, 0.00, 0.00, 0.00, 1.00, 0.00, 0.00, 0.00, 1.00, 0.00, 0.00, 0.00, 1.00
1287,  0,  21.433,  0.98,  1, 0.20, 0.27, 1.08, 0.04, 1.14, 0.73, 0.00, 0.91, 0.94, 1.18, 0.11, 0.02, 0.17, 0.00, 0.25, 0.32, 0.34, 0.00, 0.00, 1.00, 0.00, 0.00, 0.00, 0.00, 0.00, 0.00, 1.00, 0.00, 0.00, 0.00, 1.00, 0.00, 0.00, 0.00, 1.00
1288,  0,  21.450,  0.98,  1, 0.27, 0.41, 1.01, 0.04, 1.18, 0.74, 0.00, 0.79, 0.94, 1.06, 0.00, 0.02, 0.17, 0.00, 0.22, 0.34, 0.41, 0.00, 0.00, 1.00, 0.00, 0.00, 0.00, 0.00, 0.00, 0.00, 1.00, 0.00, 0.00, 0.00, 1.00, 0.00, 0.00, 0.00, 1.00
1289,  0,  21.467,  0.98,  1, 0.22, 0.28, 0.92, 0.00, 1.24, 0.68, 0.00, 0.79, 0.85, 1.13, 0.00, 0.08, 0.12, 0.00, 0.20, 0.41, 0.39, 0.00, 0.00, 1.00, 0.00, 0.00, 0.00, 0.00, 0.00, 0.00, 1.00, 0.00, 0.00, 0.00, 1.00, 0.00, 0.00, 0.00, 1.00
1290,  0,  21.483,  0.98,  1, 0.14, 0.21, 0.91, 0.00, 1.18, 0.50, 0.00, 0.80, 0.91, 1.20, 0.00, 0.08, 0.06, 0.00, 0.26, 0.49, 0.46, 0.00, 0.00, 1.00, 0.00, 0.00, 0.00, 0.00, 0.00, 0.00, 1.00, 0.00, 0.00, 0.00, 1.00, 0.00, 0.00, 0.00, 1.00
1291,  0,  21.500,  0.98,  1, 0.00, 0.00, 1.04, 0.00, 1.14, 0.44, 0.00, 0.82, 0.91, 1.36, 0.00, 0.22, 0.06, 0.00, 0.22, 0.40, 0.47, 0.00, 0.00, 1.00, 0.00, 0.00, 0.00, 0.00, 0.00, 0.00, 1.00, 0.00, 0.00, 0.00, 1.00, 0.00, 0.00, 0.00, 1.00
1292,  0,  21.517,  0.98,  1, 0.04, 0.02, 1.07, 0.00, 1.10, 0.46, 0.00, 0.86, 0.96, 1.19, 0.08, 0.21, 0.01, 0.00, 0.38, 0.51, 0.35, 0.00, 0.00, 1.00, 0.00, 0.00, 1.00, 0.00, 0.00, 0.00, 1.00, 0.00, 0.00, 0.00, 1.00, 0.00, 0.00, 0.00, 1.00
1293,  0,  21.533,  0.98,  1, 0.04, 0.02, 1.06, 0.00, 1.11, 0.67, 0.00, 0.97, 0.95, 1.21, 0.08, 0.21, 0.01, 0.00, 0.46, 0.49, 0.33, 0.00, 0.00, 1.00, 0.00, 0.00, 1.00, 0.00, 0.00, 0.00, 1.00, 0.00, 0.00, 0.00, 1.00, 0.00, 0.00, 0.00, 1.00
1294,  0,  21.550,  0.98,  1, 0.06, 0.02, 0.90, 0.05, 1.15, 0.60, 0.00, 0.94, 0.97, 1.12, 0.17, 0.10, 0.01, 0.00, 0.50, 0.64, 0.21, 0.00, 0.00, 1.00, 0.00, 0.00, 1.00, 0.00, 0.00, 0.00, 1.00, 0.00, 0.00, 0.00, 1.00, 0.00, 0.00, 0.00, 0.00
1295,  0,  21.567,  0.98,  1, 0.11, 0.00, 0.94, 0.09, 1.12, 0.52, 0.00, 0.78, 0.96, 1.26, 0.23, 0.07, 0.00, 0.00, 0.38, 0.46, 0.44, 0.00, 0.00, 1.00, 0.00, 0.00, 1.00, 0.00, 0.00, 0.00, 1.00, 0.00, 0.00, 0.00, 1.00, 0.00, 0.00, 0.00, 0.00
1296,  0,  21.583,  0.98,  1, 0.11, 0.00, 0.90, 0.09, 1.14, 0.27, 0.00, 0.49, 0.85, 1.20, 0.23, 0.10, 0.00, 0.00, 0.34, 0.58, 0.34, 0.00, 0.00, 1.00, 0.00, 0.00, 1.00, 0.00, 0.00, 0.00, 1.00, 0.00, 0.00, 0.00, 1.00, 0.00, 0.00, 0.00, 0.00
1297,  0,  21.600,  0.98,  1, 0.13, 0.00, 0.91, 0.04, 1.07, 0.27, 0.01, 0.53, 0.78, 1.18, 0.23, 0.05, 0.00, 0.00, 0.29, 0.48, 0.25, 0.00, 0.00, 1.00, 0.00, 0.00, 1.00, 0.00, 0.00, 0.00, 1.00, 0.00, 0.00, 0.00, 1.00, 0.00, 0.00, 0.00, 0.00
1298,  0,  21.617,  0.98,  1, 0.05, 0.00, 0.89, 0.00, 1.22, 0.54, 0.01, 0.77, 0.79, 1.06, 0.13, 0.11, 0.01, 0.00, 0.25, 0.59, 0.02, 0.00, 0.00, 1.00, 0.00, 0.00, 1.00, 0.00, 0.00, 0.00, 1.00, 0.00, 0.00, 0.00, 1.00, 0.00, 0.00, 0.00, 0.00
1299,  0,  21.633,  0.98,  1, 0.05, 0.00, 0.90, 0.00, 1.23, 1.00, 0.01, 0.90, 0.82, 1.06, 0.13, 0.08, 0.01, 0.00, 0.23, 0.51, 0.05, 0.00, 0.00, 1.00, 0.00, 0.00, 1.00, 0.00, 0.00, 0.00, 1.00, 0.00, 0.00, 0.00, 1.00, 0.00, 0.00, 0.00, 0.00
1300,  0,  21.650,  0.98,  1, 0.00, 0.00, 0.80, 0.00, 1.20, 0.91, 0.00, 0.87, 0.92, 1.10, 0.13, 0.08, 0.01, 0.00, 0.44, 0.53, 0.25, 0.00, 0.00, 1.00, 0.00, 0.00, 1.00, 0.00, 0.00, 0.00, 1.00, 0.00, 0.00, 0.00, 1.00, 0.00, 0.00, 0.00, 0.00
1301,  0,  21.667,  0.98,  1, 0.00, 0.00, 0.84, 0.00, 1.04, 0.72, 0.00, 0.80, 0.86, 1.17, 0.13, 0.17, 0.00, 0.00, 0.49, 0.49, 0.25, 0.00, 0.00, 1.00, 0.00, 0.00, 1.00, 0.00, 0.00, 0.00, 1.00, 0.00, 0.00, 0.00, 1.00, 0.00, 0.00, 0.00, 0.00
1302,  0,  21.683,  0.98,  1, 0.00, 0.00, 0.79, 0.00, 1.04, 0.19, 0.01, 0.86, 0.90, 1.31, 0.16, 0.17, 0.00, 0.00, 0.70, 0.56, 0.22, 0.00, 0.00, 1.00, 0.00, 0.00, 1.00, 0.00, 0.00, 0.00, 1.00, 0.00, 0.00, 0.00, 1.00, 0.00, 0.00, 0.00, 0.00
1303,  0,  21.700,  0.98,  1, 0.00, 0.00, 0.96, 0.00, 1.09, 0.53, 0.01, 0.95, 0.90, 1.41, 0.07, 0.17, 0.00, 0.00, 0.39, 0.53, 0.00, 0.00, 0.00, 1.00, 0.00, 0.00, 1.00, 0.00, 0.00, 0.00, 1.00, 0.00, 0.00, 0.00, 1.00, 0.00, 0.00, 0.00, 0.00
1304,  0,  21.717,  0.98,  1, 0.02, 0.00, 0.87, 0.00, 1.14, 0.64, 0.01, 0.85, 0.93, 1.39, 0.27, 0.00, 0.05, 0.00, 0.39, 0.45, 0.02, 0.00, 0.00, 1.00, 0.00, 0.00, 1.00, 0.00, 0.00, 0.00, 1.00, 0.00, 0.00, 0.00, 1.00, 0.00, 0.00, 0.00, 0.00
1305,  0,  21.733,  0.98,  1, 0.02, 0.04, 0.74, 0.00, 1.06, 0.67, 0.00, 0.82, 0.81, 1.29, 0.30, 0.09, 0.05, 0.00, 0.13, 0.28, 0.14, 0.00, 0.00, 1.00, 0.00, 0.00, 1.00, 0.00, 0.00, 0.00, 1.00, 0.00, 0.00, 0.00, 1.00, 0.00, 0.00, 0.00, 0.00
1306,  0,  21.750,  0.98,  1, 0.02, 0.04, 0.71, 0.00, 1.02, 0.55, 0.00, 0.79, 0.72, 1.24, 0.34, 0.09, 0.10, 0.00, 0.13, 0.26, 0.24, 0.00, 0.00, 1.00, 0.00, 0.00, 1.00, 0.00, 0.00, 0.00, 1.00, 0.00, 0.00, 0.00, 1.00, 0.00, 0.00, 0.00, 0.00
1307,  0,  21.767,  0.98,  1, 0.01, 0.04, 0.75, 0.00, 1.01, 0.48, 0.00, 0.85, 0.73, 1.30, 0.15, 0.16, 0.05, 0.00, 0.06, 0.38, 0.22, 0.00, 0.00, 1.00, 0.00, 0.00, 1.00, 0.00, 0.00, 0.00, 1.00, 0.00, 0.00, 0.00, 1.00, 0.00, 0.00, 0.00, 0.00
1308,  0,  21.783,  0.98,  1, 0.01, 0.00, 0.89, 0.00, 0.99, 0.57, 0.00, 0.84, 0.86, 1.30, 0.12, 0.08, 0.07, 0.00, 0.18, 0.49, 0.24, 0.00, 0.00, 1.00, 0.00, 0.00, 1.00, 0.00, 0.00, 0.00, 1.00, 0.00, 0.00, 0.00, 1.00, 0.00, 0.00, 0.00, 0.00
1309,  0,  21.800,  0.98,  1, 0.01, 0.07, 0.79, 0.00, 0.99, 0.66, 0.00, 0.79, 0.92, 1.08, 0.08, 0.13, 0.02, 0.00, 0.25, 0.37, 0.30, 0.00, 0.00, 1.00, 0.00, 0.00, 1.00, 0.00, 0.00, 0.00, 1.00, 0.00, 0.00, 0.00, 1.00, 0.00, 0.00, 0.00, 0.00
1310,  0,  21.817,  0.98,  1, 0.00, 0.07, 0.59, 0.00, 0.99, 0.54, 0.00, 0.83, 0.93, 0.94, 0.03, 0.05, 0.02, 0.00, 0.49, 0.42, 0.30, 0.00, 0.00, 1.00, 0.00, 0.00, 1.00, 0.00, 0.00, 0.00, 1.00, 0.00, 0.00, 0.00, 1.00, 0.00, 0.00, 0.00, 0.00
1311,  0,  21.833,  0.98,  1, 0.00, 0.07, 0.53, 0.00, 1.01, 0.54, 0.00, 0.78, 0.93, 0.95, 0.00, 0.07, 0.00, 0.00, 0.54, 0.40, 0.22, 0.00, 0.00, 1.00, 0.00, 0.00, 1.00, 0.00, 0.00, 0.00, 1.00, 0.00, 0.00, 0.00, 1.00, 0.00, 0.00, 0.00, 0.00
1312,  0,  21.850,  0.98,  1, 0.01, 0.04, 0.56, 0.00, 1.02, 0.22, 0.00, 0.88, 0.87, 1.03, 0.09, 0.02, 0.00, 0.00, 0.55, 0.52, 0.18, 0.00, 0.00, 1.00, 0.00, 0.00, 1.00, 0.00, 0.00, 0.00, 1.00, 0.00, 0.00, 0.00, 1.00, 0.00, 0.00, 0.00, 0.00
1313,  0,  21.867,  0.98,  1, 0.04, 0.04, 0.74, 0.00, 0.98, 0.23, 0.00, 0.73, 0.83, 0.97, 0.10, 0.02, 0.00, 0.00, 0.32, 0.50, 0.34, 0.00, 0.00, 1.00, 0.00, 0.00, 1.00, 0.00, 0.00, 0.00, 1.00, 0.00, 0.00, 0.00, 1.00, 0.00, 0.00, 0.00, 0.00
1314,  0,  21.883,  0.98,  1, 0.17, 0.16, 0.65, 0.00, 0.88, 0.06, 0.00, 0.68, 0.77, 1.13, 0.10, 0.00, 0.00, 0.00, 0.18, 0.37, 0.38, 0.00, 0.00, 1.00, 0.00, 0.00, 1.00, 0.00, 0.00, 0.00, 1.00, 0.00, 0.00, 0.00, 1.00, 0.00, 0.00, 0.00, 0.00
1315,  0,  21.900,  0.98,  1, 0.16, 0.12, 0.69, 0.00, 0.82, 0.25, 0.02, 0.61, 0.85, 1.10, 0.00, 0.00, 0.00, 0.00, 0.18, 0.34, 0.27, 0.00, 0.00, 1.00, 0.00, 0.00, 1.00, 0.00, 0.00, 0.00, 1.00, 0.00, 0.00, 0.00, 1.00, 0.00, 0.00, 0.00, 0.00
1316,  0,  21.917,  0.98,  1, 0.21, 0.33, 0.70, 0.00, 0.87, 0.54, 0.06, 0.62, 0.93, 1.32, 0.00, 0.00, 0.00, 0.00, 0.28, 0.25, 0.21, 0.00, 0.00, 1.00, 0.00, 0.00, 1.00, 0.00, 0.00, 0.00, 1.00, 0.00, 0.00, 0.00, 1.00, 0.00, 0.00, 0.00, 0.00
1317,  0,  21.933,  0.98,  1, 0.08, 0.21, 0.93, 0.00, 0.98, 0.75, 0.06, 0.59, 0.94, 1.28, 0.14, 0.00, 0.00, 0.00, 0.36, 0.28, 0.16, 0.00, 0.00, 1.00, 0.00, 0.00, 1.00, 0.00, 0.00, 0.00, 1.00, 0.00, 0.00, 0.00, 1.00, 0.00, 0.00, 0.00, 0.00
1318,  0,  21.950,  0.98,  1, 0.12, 0.41, 0.89, 0.00, 0.97, 0.66, 0.05, 0.57, 0.93, 1.50, 0.14, 0.00, 0.00, 0.00, 0.32, 0.31, 0.23, 0.00, 0.00, 1.00, 0.00, 0.00, 1.00, 0.00, 0.00, 0.00, 1.00, 0.00, 0.00, 0.00, 1.00, 0.00, 0.00, 0.00, 0.00
1319,  0,  21.967,  0.98,  1, 0.10, 0.23, 0.87, 0.00, 0.94, 0.37, 0.01, 0.62, 0.87, 1.40, 0.14, 0.01, 0.00, 0.00, 0.40, 0.35, 0.34, 0.00, 0.00, 1.00, 0.00, 0.00, 1.00, 0.00, 0.00, 0.00, 1.00, 0.00, 0.00, 0.00, 1.00, 0.00, 0.00, 0.00, 0.00
1320,  0,  21.983,  0.98,  1, 0.14, 0.23, 0.78, 0.00, 0.99, 0.37, 0.01, 0.75, 0.87, 1.42, 0.00, 0.01, 0.00, 0.00, 0.41, 0.35, 0.46, 0.00, 0.00, 1.00, 0.00, 0.00, 1.00, 0.00, 0.00, 0.00, 1.00, 0.00, 0.00, 0.00, 1.00, 0.00, 0.00, 0.00, 0.00
1321,  0,  22.000,  0.98,  1, 0.09, 0.03, 0.79, 0.00, 1.02, 0.44, 0.01, 0.76, 0.83, 1.34, 0.00, 0.09, 0.00, 0.00, 0.51, 0.48, 0.42, 0.00, 0.00, 1.00, 0.00, 0.00, 1.00, 0.00, 0.00, 0.00, 1.00, 0.00, 0.00, 0.00, 1.00, 0.00, 0.00, 0.00, 0.00
1322,  0,  22.017,  0.98,  1, 0.04, 0.00, 0.76, 0.00, 1.02, 0.39, 0.00, 0.67, 0.84, 1.32, 0.01, 0.16, 0.00, 0.00, 0.39, 0.41, 0.29, 0.00, 0.00, 1.00, 0.00, 0.00, 1.00, 0.00, 0.00, 0.00, 1.00, 0.00, 0.00, 0.00, 1.00, 0.00, 0.00, 0.00, 0.00
1323,  0,  22.033,  0.98,  1, 0.00, 0.00, 0.75, 0.00, 1.02, 0.57, 0.00, 0.70, 0.82, 1.43, 0.07, 0.16, 0.03, 0.00, 0.34, 0.38, 0.10, 0.00, 0.00, 1.00, 0.00, 0.00, 1.00, 0.00, 0.00, 0.00, 1.00, 0.00, 0.00, 0.00, 1.00, 0.00, 0.00, 0.00, 0.00
1324,  0,  22.050,  0.98,  1, 0.00, 0.02, 0.86, 0.00, 1.10, 0.50, 0.03, 0.76, 0.83, 1.44, 0.19, 0.09, 0.03, 0.00, 0.33, 0.39, 0.19, 0.00, 0.00, 1.00, 0.00, 0.00, 1.00, 0.00, 0.00, 0.00, 1.00, 0.00, 0.00, 0.00, 1.00, 0.00, 0.00, 0.00, 0.00
1325,  0,  22.067,  0.98,  1, 0.10, 0.08, 0.97, 0.00, 1.11, 0.86, 0.03, 0.86, 0.81, 1.55, 0.33, 0.04, 0.06, 0.00, 0.44, 0.34, 0.26, 0.00, 0.00, 1.00, 0.00, 0.00, 1.00, 0.00, 0.00, 0.00, 1.00, 0.00, 0.00, 0.00, 1.00, 0.00, 0.00, 0.00, 0.00
1326,  0,  22.083,  0.98,  1, 0.16, 0.08, 1.01, 0.00, 1.05, 0.61, 0.03, 0.74, 0.77, 1.34, 0.37, 0.14, 0.02, 0.00, 0.39, 0.34, 0.26, 0.00, 0.00, 1.00, 0.00, 0.00, 1.00, 0.00, 0.00, 0.00, 1.00, 0.00, 0.00, 0.00, 1.00, 0.00, 0.00, 0.00, 0.00
1327,  0,  22.100,  0.98,  1, 0.25, 0.06, 0.93, 0.15, 0.98, 0.50, 0.00, 0.61, 0.74, 1.42, 0.33, 0.24, 0.02, 0.00, 0.45, 0.18, 0.15, 0.00, 0.00, 1.00, 0.00, 0.00, 1.00, 0.00, 0.00, 0.00, 1.00, 0.00, 0.00, 0.00, 1.00, 0.00, 0.00, 0.00, 0.00
1328,  0,  22.117,  0.98,  1, 0.25, 0.00, 0.70, 0.15, 0.98, 0.16, 0.00, 0.62, 0.80, 1.38, 0.18, 0.22, 0.00, 0.00, 0.41, 0.31, 0.10, 0.00, 0.00, 1.00, 0.00, 0.00, 1.00, 0.00, 0.00, 0.00, 1.00, 0.00, 0.00, 0.00, 1.00, 0.00, 0.00, 0.00, 0.00
1329,  0,  22.133,  0.98,  1, 0.19, 0.00, 0.61, 0.15, 1.03, 0.18, 0.00, 0.64, 0.85, 1.38, 0.08, 0.12, 0.04, 0.00, 0.47, 0.39, 0.10, 0.00, 0.00, 1.00, 0.00, 0.00, 1.00, 0.00, 0.00, 0.00, 1.00, 0.00, 0.00, 0.00, 1.00, 0.00, 0.00, 0.00, 0.00
1330,  0,  22.150,  0.98,  1, 0.23, 0.24, 0.67, 0.00, 1.07, 0.42, 0.00, 0.70, 0.89, 1.26, 0.00, 0.18, 0.04, 0.00, 0.38, 0.38, 0.10, 0.00, 0.00, 1.00, 0.00, 0.00, 1.00, 0.00, 0.00, 0.00, 1.00, 0.00, 0.00, 0.00, 1.00, 0.00, 0.00, 0.00, 0.00
1331,  0,  22.167,  0.98,  1, 0.13, 0.25, 0.79, 0.00, 1.03, 0.71, 0.00, 0.74, 0.84, 1.16, 0.00, 0.18, 0.04, 0.00, 0.30, 0.32, 0.00, 0.00, 0.00, 1.00, 0.00, 0.00, 1.00, 0.00, 0.00, 0.00, 1.00, 0.00, 0.00, 0.00, 1.00, 0.00, 0.00, 0.00, 0.00
1332,  0,  22.183,  0.98,  1, 0.13, 0.31, 0.87, 0.00, 1.01, 0.67, 0.00, 0.86, 0.80, 1.08, 0.03, 0.27, 0.09, 0.00, 0.31, 0.20, 0.22, 0.00, 0.00, 1.00, 0.00, 0.00, 1.00, 0.00, 0.00, 0.00, 1.00, 0.00, 0.00, 0.00, 1.00, 0.00, 0.00, 0.00, 0.00
1333,  0,  22.200,  0.98,  1, 0.10, 0.08, 0.79, 0.00, 0.98, 0.69, 0.00, 0.87, 0.79, 1.21, 0.03, 0.18, 0.09, 0.00, 0.19, 0.10, 0.22, 0.00, 0.00, 1.00, 0.00, 0.00, 1.00, 0.00, 0.00, 0.00, 1.00, 0.00, 0.00, 0.00, 1.00, 0.00, 0.00, 0.00, 0.00
1334,  0,  22.217,  0.98,  1, 0.11, 0.11, 0.77, 0.00, 1.01, 0.44, 0.00, 0.83, 0.79, 1.34, 0.03, 0.27, 0.09, 0.00, 0.30, 0.12, 0.25, 0.00, 0.00, 1.00, 0.00, 0.00, 1.00, 0.00, 0.00, 0.00, 1.00, 0.00, 0.00, 0.00, 1.00, 0.00, 0.00, 0.00, 0.00
1335,  0,  22.233,  0.98,  1, 0.11, 0.05, 0.77, 0.00, 1.01, 0.55, 0.00, 0.67, 0.80, 1.38, 0.01, 0.29, 0.00, 0.00, 0.27, 0.22, 0.09, 0.00, 0.00, 1.00, 0.00, 0.00, 1.00, 0.00, 0.00, 0.00, 1.00, 0.00, 0.00, 0.00, 1.00, 0.00, 0.00, 0.00, 0.00
1336,  0,  22.250,  0.98,  1, 0.06, 0.04, 0.74, 0.00, 1.02, 0.58, 0.00, 0.80, 0.86, 1.20, 0.00, 0.19, 0.00, 0.00, 0.46, 0.27, 0.09, 0.00, 0.00, 1.00, 0.00, 0.00, 1.00, 0.00, 0.00, 0.00, 1.00, 0.00, 0.00, 0.00, 1.00, 0.00, 0.00, 0.00, 0.00
1337,  0,  22.267,  0.98,  1, 0.12, 0.00, 0.74, 0.00, 1.09, 0.52, 0.00, 0.90, 0.96, 1.12, 0.06, 0.16, 0.00, 0.00, 0.43, 0.21, 0.06, 0.00, 0.00, 1.00, 0.00, 0.00, 1.00, 0.00, 0.00, 0.00, 1.00, 0.00, 0.00, 0.00, 1.00, 0.00, 0.00, 0.00, 0.00
1338,  0,  22.283,  0.98,  1, 0.17, 0.10, 0.84, 0.00, 1.17, 0.32, 0.00, 0.95, 1.07, 1.20, 0.06, 0.06, 0.00, 0.00, 0.61, 0.25, 0.00, 0.00, 0.00, 1.00, 0.00, 0.00, 1.00, 0.00, 0.00, 0.00, 1.00, 0.00, 0.00, 0.00, 1.00, 0.00, 0.00, 0.00, 0.00
1339,  0,  22.300,  0.98,  1, 0.12, 0.10, 0.84, 0.00, 1.10, 0.16, 0.00, 0.81, 1.00, 1.23, 0.06, 0.06, 0.00, 0.00, 0.56, 0.28, 0.11, 0.00, 0.00, 1.00, 0.00, 0.00, 1.00, 0.00, 0.00, 0.00, 1.00, 0.00, 0.00, 0.00, 1.00, 0.00, 0.00, 0.00, 0.00
1340,  0,  22.317,  0.98,  1, 0.06, 0.10, 0.89, 0.00, 1.06, 0.40, 0.00, 0.67, 0.82, 1.27, 0.08, 0.08, 0.00, 0.00, 0.44, 0.22, 0.20, 0.00, 0.00, 1.00, 0.00, 0.00, 0.00, 0.00, 0.00, 0.00, 1.00, 0.00, 0.00, 0.00, 1.00, 0.00, 0.00, 0.00, 0.00
1341,  0,  22.333,  0.98,  1, 0.00, 0.00, 0.91, 0.00, 0.95, 0.43, 0.01, 0.75, 0.70, 1.19, 0.14, 0.25, 0.00, 0.00, 0.39, 0.25, 0.20, 0.00, 0.00, 1.00, 0.00, 0.00, 0.00, 0.00, 0.00, 0.00, 1.00, 0.00, 0.00, 0.00, 1.00, 0.00, 0.00, 0.00, 0.00
1342,  0,  22.350,  0.98,  1, 0.00, 0.14, 0.85, 0.00, 0.92, 0.30, 0.01, 0.70, 0.72, 1.34, 0.23, 0.25, 0.04, 0.00, 0.40, 0.18, 0.09, 0.00, 0.00, 1.00, 0.00, 0.00, 1.00, 0.00, 0.00, 0.00, 1.00, 0.00, 0.00, 0.00, 1.00, 0.00, 0.00, 0.00, 0.00
1343,  0,  22.367,  0.98,  1, 0.00, 0.14, 0.90, 0.00, 0.92, 0.17, 0.01, 0.71, 0.82, 1.36, 0.15, 0.24, 0.04, 0.00, 0.49, 0.32, 0.09, 0.00, 0.00, 1.00, 0.00, 0.00, 1.00, 0.00, 0.00, 0.00, 1.00, 0.00, 0.00, 0.00, 1.00, 0.00, 0.00, 0.00, 0.00
1344,  0,  22.383,  0.98,  1, 0.00, 0.27, 0.82, 0.00, 0.85, 0.11, 0.00, 0.54, 0.81, 1.41, 0.09, 0.14, 0.04, 0.00, 0.59, 0.27, 0.09, 0.00, 0.00, 1.00, 0.00, 0.00, 1.00, 0.00, 0.00, 0.00, 1.00, 0.00, 0.00, 0.00, 1.00, 0.00, 0.00, 0.00, 0.00
1345,  0,  22.400,  0.98,  1, 0.00, 0.14, 0.88, 0.00, 0.82, 0.13, 0.00, 0.54, 0.76, 1.15, 0.00, 0.21, 0.00, 0.00, 0.60, 0.44, 0.11, 0.00, 0.00, 1.00, 0.00, 0.00, 1.00, 0.00, 0.00, 0.00, 1.00, 0.00, 0.00, 0.00, 1.00, 0.00, 0.00, 0.00, 0.00
1346,  0,  22.417,  0.98,  1, 0.00, 0.27, 0.84, 0.00, 0.77, 0.24, 0.00, 0.55, 0.76, 1.11, 0.00, 0.17, 0.07, 0.00, 0.66, 0.39, 0.22, 0.00, 0.00, 1.00, 0.00, 0.00, 1.00, 0.00, 0.00, 0.00, 1.00, 0.00, 0.00, 0.00, 1.00, 0.00, 0.00, 0.00, 0.00
1347,  0,  22.433,  0.98,  1, 0.00, 0.13, 0.68, 0.00, 0.80, 0.41, 0.00, 0.73, 0.82, 1.08, 0.00, 0.20, 0.09, 0.00, 0.35, 0.39, 0.34, 0.00, 0.00, 1.00, 0.00, 0.00, 1.00, 0.00, 0.00, 0.00, 1.00, 0.00, 0.00, 0.00, 1.00, 0.00, 0.00, 0.00, 0.00
1348,  0,  22.450,  0.98,  1, 0.00, 0.13, 0.79, 0.00, 0.90, 0.66, 0.00, 0.75, 0.87, 1.18, 0.00, 0.13, 0.09, 0.00, 0.22, 0.37, 0.34, 0.00, 0.00, 1.00, 0.00, 0.00, 1.00, 0.00, 0.00, 0.00, 1.00, 0.00, 0.00, 0.00, 1.00, 0.00, 0.00, 0.00, 0.00
1349,  0,  22.467,  0.98,  1, 0.00, 0.04, 0.73, 0.00, 0.98, 0.60, 0.00, 0.81, 0.89, 1.26, 0.07, 0.20, 0.02, 0.00, 0.14, 0.53, 0.14, 0.00, 0.00, 1.00, 0.00, 0.00, 1.00, 0.00, 0.00, 0.00, 1.00, 0.00, 0.00, 0.00, 1.00, 0.00, 0.00, 0.00, 0.00
1350,  0,  22.483,  0.98,  1, 0.00, 0.04, 0.89, 0.00, 0.93, 0.57, 0.00, 0.68, 0.80, 1.37, 0.12, 0.19, 0.00, 0.00, 0.20, 0.54, 0.01, 0.00, 0.00, 1.00, 0.00, 0.00, 1.00, 0.00, 0.00, 0.00, 1.00, 0.00, 0.00, 0.00, 1.00, 0.00, 0.00, 0.00, 0.00
1351,  0,  22.500,  0.98,  1, 0.00, 0.09, 0.83, 0.00, 0.94, 0.29, 0.00, 0.69, 0.76, 1.55, 0.12, 0.19, 0.00, 0.00, 0.33, 0.51, 0.06, 0.00, 0.00, 1.00, 0.00, 0.00, 1.00, 0.00, 0.00, 0.00, 1.00, 0.00, 0.00, 0.00, 1.00, 0.00, 0.00, 0.00, 0.00
1352,  0,  22.517,  0.98,  1, 0.00, 0.05, 0.76, 0.00, 0.85, 0.14, 0.02, 0.64, 0.75, 1.53, 0.05, 0.09, 0.00, 0.00, 0.25, 0.37, 0.06, 0.00, 0.00, 1.00, 0.00, 0.00, 1.00, 0.00, 0.00, 0.00, 1.00, 0.00, 0.00, 0.00, 1.00, 0.00, 0.00, 0.00, 0.00
1353,  0,  22.533,  0.98,  1, 0.01, 0.07, 0.72, 0.00, 0.94, 0.12, 0.02, 0.67, 0.83, 1.36, 0.01, 0.10, 0.02, 0.00, 0.27, 0.34, 0.06, 0.00, 0.00, 1.00, 0.00, 0.00, 1.00, 0.00, 0.00, 0.00, 1.00, 0.00, 0.00, 0.00, 1.00, 0.00, 0.00, 0.00, 0.00
1354,  0,  22.550,  0.98,  1, 0.02, 0.02, 0.76, 0.00, 0.97, 0.59, 0.02, 0.72, 0.90, 1.30, 0.06, 0.24, 0.04, 0.00, 0.25, 0.48, 0.00, 0.00, 0.00, 1.00, 0.00, 0.00, 1.00, 0.00, 0.00, 0.00, 1.00, 0.00, 0.00, 0.00, 1.00, 0.00, 0.00, 0.00, 0.00
1355,  0,  22.567,  0.98,  1, 0.02, 0.10, 0.85, 0.00, 0.95, 0.66, 0.00, 0.72, 0.85, 1.22, 0.10, 0.33, 0.04, 0.00, 0.25, 0.47, 0.09, 0.00, 0.00, 1.00, 0.00, 0.00, 1.00, 0.00, 0.00, 0.00, 1.00, 0.00, 0.00, 0.00, 1.00, 0.00, 0.00, 0.00, 0.00
1356,  0,  22.583,  0.98,  1, 0.01, 0.14, 0.84, 0.00, 1.01, 0.71, 0.02, 0.85, 0.84, 1.22, 0.15, 0.32, 0.11, 0.00, 0.31, 0.49, 0.09, 0.00, 0.00, 1.00, 0.00, 0.00, 1.00, 0.00, 0.00, 0.00, 1.00, 0.00, 0.00, 0.00, 1.00, 0.00, 0.00, 0.00, 0.00
1357,  0,  22.600,  0.98,  1, 0.05, 0.14, 0.82, 0.00, 0.92, 0.48, 0.02, 0.77, 0.73, 0.94, 0.10, 0.19, 0.09, 0.00, 0.20, 0.35, 0.24, 0.00, 1.00, 1.00, 0.00, 0.00, 1.00, 0.00, 0.00, 0.00, 1.00, 0.00, 0.00, 0.00, 1.00, 0.00, 0.00, 0.00, 0.00
1358,  0,  22.617,  0.98,  1, 0.05, 0.13, 0.84, 0.00, 0.96, 0.43, 0.02, 0.65, 0.74, 0.91, 0.06, 0.14, 0.11, 0.00, 0.34, 0.49, 0.22, 0.00, 0.00, 1.00, 0.00, 0.00, 1.00, 0.00, 0.00, 0.00, 1.00, 0.00, 0.00, 0.00, 1.00, 0.00, 0.00, 0.00, 0.00
1359,  0,  22.633,  0.98,  1, 0.09, 0.12, 0.92, 0.00, 0.88, 0.57, 0.00, 0.52, 0.69, 1.00, 0.00, 0.06, 0.04, 0.00, 0.23, 0.44, 0.22, 0.00, 0.00, 1.00, 0.00, 0.00, 1.00, 0.00, 0.00, 0.00, 1.00, 0.00, 0.00, 0.00, 1.00, 0.00, 0.00, 0.00, 0.00
1360,  0,  22.650,  0.98,  1, 0.04, 0.12, 0.81, 0.00, 0.85, 0.42, 0.00, 0.62, 0.75, 1.14, 0.00, 0.14, 0.04, 0.00, 0.21, 0.50, 0.07, 0.00, 0.00, 1.00, 0.00, 0.00, 1.00, 0.00, 0.00, 0.00, 1.00, 0.00, 0.00, 0.00, 1.00, 0.00, 0.00, 0.00, 0.00
1361,  0,  22.667,  0.98,  1, 0.04, 0.08, 0.66, 0.06, 0.85, 0.61, 0.00, 0.70, 0.78, 1.26, 0.00, 0.10, 0.02, 0.00, 0.03, 0.41, 0.03, 0.00, 0.00, 1.00, 0.00, 0.00, 1.00, 0.00, 0.00, 0.00, 1.00, 0.00, 0.00, 0.00, 1.00, 0.00, 0.00, 0.00, 0.00
1362,  0,  22.683,  0.98,  1, 0.00, 0.11, 0.50, 0.06, 0.84, 0.58, 0.00, 0.69, 0.81, 1.21, 0.00, 0.17, 0.00, 0.00, 0.09, 0.40, 0.03, 0.00, 0.00, 1.00, 0.00, 0.00, 1.00, 0.00, 0.00, 0.00, 1.00, 0.00, 0.00, 0.00, 1.00, 0.00, 0.00, 0.00, 0.00
1363,  0,  22.700,  0.98,  1, 0.00, 0.17, 0.41, 0.06, 0.85, 0.63, 0.00, 0.70, 0.83, 1.20, 0.00, 0.11, 0.01, 0.00, 0.27, 0.46, 0.20, 0.00, 0.00, 1.00, 0.00, 0.00, 1.00, 0.00, 0.00, 0.00, 1.00, 0.00, 0.00, 0.00, 1.00, 0.00, 0.00, 0.00, 0.00
1364,  0,  22.717,  0.98,  1, 0.00, 0.44, 0.45, 0.00, 0.82, 0.50, 0.00, 0.65, 0.83, 1.11, 0.00, 0.23, 0.01, 0.00, 0.27, 0.36, 0.17, 0.00, 0.00, 1.00, 0.00, 0.00, 1.00, 0.00, 0.00, 0.00, 1.00, 0.00, 0.00, 0.00, 1.00, 0.00, 0.00, 0.00, 0.00
1365,  0,  22.733,  0.98,  1, 0.03, 0.37, 0.44, 0.00, 0.86, 0.22, 0.00, 0.69, 0.79, 1.17, 0.07, 0.18, 0.01, 0.00, 0.30, 0.34, 0.32, 0.00, 0.00, 1.00, 0.00, 0.00, 1.00, 0.00, 0.00, 0.00, 1.00, 0.00, 0.00, 0.00, 1.00, 0.00, 0.00, 0.00, 0.00
1366,  0,  22.750,  0.98,  1, 0.18, 0.55, 0.67, 0.00, 0.90, 0.37, 0.00, 0.70, 0.72, 1.23, 0.07, 0.18, 0.00, 0.00, 0.16, 0.31, 0.15, 0.00, 0.00, 1.00, 0.00, 0.00, 1.00, 0.00, 0.00, 0.00, 1.00, 0.00, 0.00, 0.00, 1.00, 0.00, 0.00, 0.00, 0.00
1367,  0,  22.767,  0.98,  1, 0.18, 0.25, 0.71, 0.00, 0.92, 0.58, 0.00, 0.70, 0.70, 1.21, 0.09, 0.11, 0.00, 0.00, 0.19, 0.44, 0.16, 0.00, 0.00, 1.00, 0.00, 0.00, 0.00, 0.00, 0.00, 0.00, 1.00, 0.00, 0.00, 0.00, 1.00, 0.00, 0.00, 0.00, 0.00
1368,  0,  22.783,  0.98,  1, 0.16, 0.34, 0.75, 0.00, 0.91, 0.72, 0.00, 0.65, 0.76, 1.16, 0.06, 0.12, 0.00, 0.00, 0.15, 0.43, 0.13, 0.00, 0.00, 1.00, 0.00, 0.00, 0.00, 0.00, 0.00, 0.00, 1.00, 0.00, 0.00, 0.00, 1.00, 0.00, 0.00, 0.00, 0.00
1369,  0,  22.800,  0.98,  1, 0.00, 0.09, 0.72, 0.04, 0.86, 0.50, 0.00, 0.56, 0.82, 1.13, 0.07, 0.15, 0.01, 0.00, 0.10, 0.34, 0.23, 0.00, 0.00, 1.00, 0.00, 0.00, 0.00, 0.00, 0.00, 0.00, 1.00, 0.00, 0.00, 0.00, 1.00, 0.00, 0.00, 0.00, 0.00
1370,  0,  22.817,  0.98,  1, 0.02, 0.18, 0.68, 0.04, 0.78, 0.36, 0.00, 0.57, 0.79, 1.21, 0.05, 0.13, 0.12, 0.00, 0.24, 0.22, 0.23, 0.00, 0.00, 1.00, 0.00, 0.00, 1.00, 0.00, 0.00, 0.00, 1.00, 0.00, 0.00, 0.00, 1.00, 0.00, 0.00, 0.00, 0.00
1371,  0,  22.833,  0.98,  1, 0.02, 0.09, 0.76, 0.04, 0.77, 0.51, 0.00, 0.57, 0.72, 1.13, 0.02, 0.14, 0.12, 0.00, 0.16, 0.26, 0.11, 0.00, 0.00, 1.00, 0.00, 0.00, 1.00, 0.00, 0.00, 0.00, 1.00, 0.00, 0.00, 0.00, 1.00, 0.00, 0.00, 0.00, 0.00
1372,  0,  22.850,  0.98,  1, 0.08, 0.24, 0.68, 0.00, 0.81, 0.65, 0.00, 0.58, 0.64, 1.07, 0.06, 0.12, 0.13, 0.00, 0.23, 0.39, 0.01, 0.00, 0.00, 1.00, 0.00, 0.00, 1.00, 0.00, 0.00, 0.00, 1.00, 0.00, 0.00, 0.00, 1.00, 0.00, 0.00, 0.00, 0.00
1373,  0,  22.867,  0.98,  1, 0.06, 0.15, 0.70, 0.00, 0.90, 0.81, 0.00, 0.66, 0.64, 1.07, 0.06, 0.12, 0.02, 0.00, 0.07, 0.43, 0.00, 0.00, 0.00, 1.00, 0.00, 0.00, 1.00, 0.00, 0.00, 0.00, 1.00, 0.00, 0.00, 0.00, 1.00, 0.00, 0.00, 0.00, 0.00
1374,  0,  22.883,  0.98,  1, 0.10, 0.26, 0.69, 0.00, 0.93, 0.87, 0.00, 0.68, 0.70, 0.96, 0.21, 0.28, 0.02, 0.00, 0.07, 0.45, 0.00, 0.00, 0.00, 1.00, 0.00, 0.00, 1.00, 0.00, 0.00, 0.00, 1.00, 0.00, 0.00, 0.00, 1.00, 0.00, 0.00, 0.00, 0.00
1375,  0,  22.900,  0.98,  1, 0.04, 0.11, 0.87, 0.00, 1.03, 0.92, 0.00, 0.72, 0.76, 1.04, 0.16, 0.26, 0.01, 0.00, 0.06, 0.30, 0.03, 0.00, 0.00, 1.00, 0.00, 0.00, 1.00, 0.00, 0.00, 0.00, 1.00, 0.00, 0.00, 0.00, 1.00, 0.00, 0.00, 0.00, 0.00
1376,  0,  22.917,  0.98,  1, 0.04, 0.11, 0.90, 0.00, 1.06, 0.59, 0.00, 0.65, 0.81, 0.93, 0.18, 0.29, 0.01, 0.00, 0.12, 0.26, 0.03, 0.00, 0.00, 1.00, 0.00, 0.00, 1.00, 0.00, 0.00, 0.00, 1.00, 0.00, 0.00, 0.00, 1.00, 0.00, 0.00, 0.00, 0.00
1377,  0,  22.933,  0.98,  1, 0.00, 0.00, 0.89, 0.05, 1.08, 0.42, 0.00, 0.70, 0.79, 1.20, 0.02, 0.09, 0.01, 0.00, 0.29, 0.37, 0.03, 0.00, 0.00, 1.00, 0.00, 0.00, 1.00, 0.00, 0.00, 0.00, 1.00, 0.00, 0.00, 0.00, 1.00, 0.00, 0.00, 0.00, 0.00
1378,  0,  22.950,  0.98,  1, 0.00, 0.20, 0.72, 0.05, 0.96, 0.35, 0.00, 0.69, 0.72, 1.17, 0.05, 0.22, 0.00, 0.00, 0.24, 0.37, 0.00, 0.00, 0.00, 1.00, 0.00, 0.00, 1.00, 0.00, 0.00, 0.00, 1.00, 0.00, 0.00, 0.00, 1.00, 0.00, 0.00, 0.00, 0.00
1379,  0,  22.967,  0.98,  1, 0.00, 0.20, 0.65, 0.05, 0.96, 0.43, 0.00, 0.73, 0.71, 1.26, 0.07, 0.29, 0.01, 0.00, 0.22, 0.47, 0.00, 0.00, 0.00, 1.00, 0.00, 0.00, 0.00, 0.00, 0.00, 0.00, 1.00, 0.00, 0.00, 0.00, 1.00, 0.00, 0.00, 0.00, 0.00
1380,  0,  22.983,  0.98,  1, 0.00, 0.20, 0.64, 0.00, 0.92, 0.31, 0.00, 0.72, 0.78, 1.22, 0.07, 0.33, 0.01, 0.00, 0.14, 0.44, 0.00, 0.00, 0.00, 1.00, 0.00, 0.00, 0.00, 0.00, 0.00, 0.00, 1.00, 0.00, 0.00, 0.00, 1.00, 0.00, 0.00, 0.00, 0.00
1381,  0,  23.000,  0.98,  1, 0.05, 0.00, 0.54, 0.00, 0.98, 0.16, 0.00, 0.69, 0.84, 1.21, 0.04, 0.25, 0.01, 0.00, 0.30, 0.54, 0.00, 0.00, 0.00, 1.00, 0.00, 0.00, 0.00, 0.00, 0.00, 0.00, 1.00, 0.00, 0.00, 0.00, 1.00, 0.00, 0.00, 0.00, 0.00
1382,  0,  23.017,  0.98,  1, 0.05, 0.00, 0.54, 0.00, 1.01, 0.34, 0.00, 0.79, 0.84, 1.20, 0.00, 0.17, 0.00, 0.00, 0.36, 0.53, 0.00, 0.00, 0.00, 1.00, 0.00, 0.00, 0.00, 0.00, 0.00, 0.00, 1.00, 0.00, 0.00, 0.00, 1.00, 0.00, 0.00, 0.00, 0.00
1383,  0,  23.033,  0.98,  1, 0.05, 0.00, 0.68, 0.00, 1.00, 0.38, 0.00, 0.86, 0.80, 1.01, 0.00, 0.17, 0.00, 0.00, 0.30, 0.35, 0.09, 0.00, 0.00, 1.00, 0.00, 0.00, 0.00, 0.00, 0.00, 0.00, 1.00, 0.00, 0.00, 0.00, 1.00, 0.00, 0.00, 0.00, 0.00
1384,  0,  23.050,  0.98,  1, 0.00, 0.00, 0.81, 0.00, 0.97, 0.48, 0.00, 0.87, 0.77, 1.17, 0.00, 0.15, 0.00, 0.00, 0.18, 0.18, 0.09, 0.00, 0.00, 1.00, 0.00, 0.00, 0.00, 0.00, 0.00, 0.00, 1.00, 0.00, 0.00, 0.00, 1.00, 0.00, 0.00, 0.00, 0.00
1385,  0,  23.067,  0.98,  1, 0.00, 0.00, 0.89, 0.00, 0.92, 0.28, 0.00, 0.84, 0.82, 1.25, 0.00, 0.18, 0.00, 0.00, 0.10, 0.14, 0.18, 0.00, 0.00, 1.00, 0.00, 0.00, 0.00, 0.00, 0.00, 0.00, 1.00, 0.00, 0.00, 0.00, 1.00, 0.00, 0.00, 0.00, 0.00
1386,  0,  23.083,  0.98,  1, 0.01, 0.00, 0.81, 0.00, 0.89, 0.18, 0.00, 0.78, 0.82, 1.47, 0.00, 0.22, 0.00, 0.00, 0.07, 0.16, 0.09, 0.00, 0.00, 1.00, 0.00, 0.00, 0.00, 0.00, 0.00, 0.00, 1.00, 0.00, 0.00, 0.00, 1.00, 0.00, 0.00, 0.00, 0.00
1387,  0,  23.100,  0.98,  1, 0.01, 0.00, 0.76, 0.02, 0.83, 0.17, 0.00, 0.73, 0.79, 1.41, 0.08, 0.25, 0.00, 0.00, 0.07, 0.26, 0.13, 0.00, 0.00, 1.00, 0.00, 0.00, 0.00, 0.00, 0.00, 0.00, 1.00, 0.00, 0.00, 0.00, 1.00, 0.00, 0.00, 0.00, 0.00
1388,  0,  23.117,  0.98,  1, 0.01, 0.00, 0.71, 0.10, 0.82, 0.35, 0.00, 0.66, 0.76, 1.37, 0.12, 0.17, 0.00, 0.00, 0.07, 0.25, 0.09, 0.00, 0.00, 1.00, 0.00, 0.00, 0.00, 0.00, 0.00, 0.00, 1.00, 0.00, 0.00, 0.00, 1.00, 0.00, 0.00, 0.00, 0.00
1389,  0,  23.133,  0.98,  1, 0.03, 0.00, 0.68, 0.10, 0.86, 0.35, 0.00, 0.57, 0.72, 1.25, 0.12, 0.10, 0.00, 0.00, 0.24, 0.34, 0.09, 0.00, 0.00, 1.00, 0.00, 0.00, 0.00, 0.00, 0.00, 0.00, 1.00, 0.00, 0.00, 0.00, 1.00, 0.00, 0.00, 0.00, 0.00
1390,  0,  23.150,  0.98,  1, 0.03, 0.00, 0.77, 0.07, 0.89, 0.28, 0.00, 0.72, 0.69, 1.30, 0.05, 0.05, 0.00, 0.00, 0.19, 0.44, 0.05, 0.00, 0.00, 1.00, 0.00, 0.00, 0.00, 0.00, 0.00, 0.00, 1.00, 0.00, 0.00, 0.00, 1.00, 0.00, 0.00, 0.00, 0.00
1391,  0,  23.167,  0.98,  1, 0.03, 0.04, 0.81, 0.00, 0.91, 0.28, 0.00, 0.70, 0.67, 1.20, 0.04, 0.13, 0.00, 0.00, 0.36, 0.55, 0.00, 0.00, 0.00, 1.00, 0.00, 0.00, 0.00, 0.00, 0.00, 0.00, 1.00, 0.00, 0.00, 0.00, 1.00, 0.00, 0.00, 0.00, 0.00
1392,  0,  23.183,  0.98,  1, 0.07, 0.12, 0.81, 0.00, 0.95, 0.52, 0.00, 0.99, 0.70, 1.28, 0.16, 0.10, 0.03, 0.00, 0.26, 0.46, 0.00, 0.00, 0.00, 1.00, 0.00, 0.00, 0.00, 0.00, 0.00, 0.00, 1.00, 0.00, 0.00, 0.00, 1.00, 0.00, 0.00, 0.00, 0.00
1393,  0,  23.200,  0.98,  1, 0.07, 0.12, 0.77, 0.00, 0.94, 0.50, 0.00, 0.96, 0.80, 1.19, 0.16, 0.10, 0.03, 0.00, 0.43, 0.37, 0.07, 0.00, 0.00, 1.00, 0.00, 0.00, 0.00, 0.00, 0.00, 0.00, 1.00, 0.00, 0.00, 0.00, 1.00, 0.00, 0.00, 0.00, 0.00
1394,  0,  23.217,  0.98,  1, 0.07, 0.16, 0.72, 0.00, 0.85, 0.31, 0.00, 0.90, 0.77, 1.33, 0.12, 0.15, 0.03, 0.00, 0.36, 0.22, 0.07, 0.00, 0.00, 1.00, 0.00, 0.00, 0.00, 0.00, 0.00, 0.00, 1.00, 0.00, 0.00, 0.00, 1.00, 0.00, 0.00, 0.00, 0.00
1395,  0,  23.233,  0.98,  1, 0.00, 0.08, 0.77, 0.00, 0.71, 0.07, 0.00, 0.65, 0.79, 1.04, 0.00, 0.17, 0.05, 0.00, 0.53, 0.25, 0.07, 0.00, 0.00, 1.00, 0.00, 0.00, 0.00, 0.00, 0.00, 0.00, 1.00, 0.00, 0.00, 0.00, 1.00, 0.00, 0.00, 0.00, 0.00
1396,  0,  23.250,  0.98,  1, 0.00, 0.21, 0.92, 0.00, 0.68, 0.19, 0.02, 0.58, 0.77, 1.08, 0.04, 0.23, 0.05, 0.00, 0.36, 0.35, 0.14, 0.00, 0.00, 1.00, 0.00, 0.00, 0.00, 0.00, 0.00, 0.00, 1.00, 0.00, 0.00, 0.00, 1.00, 0.00, 0.00, 0.00, 0.00
1397,  0,  23.267,  0.98,  1, 0.10, 0.40, 1.00, 0.00, 0.73, 0.23, 0.02, 0.74, 0.82, 1.07, 0.04, 0.16, 0.05, 0.00, 0.24, 0.28, 0.14, 0.00, 0.00, 1.00, 0.00, 0.00, 0.00, 0.00, 0.00, 0.00, 1.00, 0.00, 0.00, 0.00, 1.00, 0.00, 0.00, 0.00, 0.00
1398,  0,  23.283,  0.98,  1, 0.10, 0.47, 1.00, 0.00, 0.81, 0.23, 0.02, 0.79, 0.79, 1.33, 0.04, 0.21, 0.00, 0.00, 0.03, 0.33, 0.20, 0.00, 0.00, 1.00, 0.00, 0.00, 0.00, 0.00, 0.00, 0.00, 1.00, 0.00, 0.00, 0.00, 1.00, 0.00, 0.00, 0.00, 0.00
1399,  0,  23.300,  0.98,  1, 0.10, 0.35, 0.87, 0.00, 0.89, 0.10, 0.00, 0.87, 0.81, 1.31, 0.00, 0.17, 0.00, 0.00, 0.10, 0.35, 0.17, 0.00, 0.00, 1.00, 0.00, 0.00, 0.00, 0.00, 0.00, 0.00, 1.00, 0.00, 0.00, 0.00, 1.00, 0.00, 0.00, 0.00, 0.00
1400,  0,  23.317,  0.98,  1, 0.04, 0.07, 0.88, 0.00, 0.90, 0.16, 0.00, 0.84, 0.80, 1.18, 0.00, 0.14, 0.00, 0.00, 0.11, 0.43, 0.17, 0.00, 0.00, 1.00, 0.00, 0.00, 0.00, 0.00, 0.00, 0.00, 1.00, 0.00, 0.00, 0.00, 1.00, 0.00, 0.00, 0.00, 0.00
1401,  0,  23.333,  0.98,  1, 0.04, 0.00, 0.92, 0.01, 0.98, 0.16, 0.00, 0.87, 0.88, 1.22, 0.00, 0.07, 0.00, 0.00, 0.29, 0.50, 0.28, 0.00, 0.00, 1.00, 0.00, 0.00, 0.00, 0.00, 0.00, 0.00, 1.00, 0.00, 0.00, 0.00, 1.00, 0.00, 0.00, 0.00, 0.00
1402,  0,  23.350,  0.98,  1, 0.04, 0.00, 0.90, 0.01, 0.91, 0.18, 0.00, 0.93, 0.83, 1.16, 0.00, 0.07, 0.00, 0.00, 0.28, 0.48, 0.17, 0.00, 0.00, 1.00, 0.00, 0.00, 0.00, 0.00, 0.00, 0.00, 1.00, 0.00, 0.00, 0.00, 1.00, 0.00, 0.00, 0.00, 0.00
1403,  0,  23.367,  0.98,  1, 0.00, 0.01, 0.90, 0.01, 0.94, 0.02, 0.00, 0.85, 0.79, 1.16, 0.00, 0.20, 0.00, 0.00, 0.30, 0.42, 0.38, 0.00, 0.00, 1.00, 0.00, 0.00, 0.00, 0.00, 0.00, 0.00, 1.00, 0.00, 0.00, 0.00, 1.00, 0.00, 0.00, 0.00, 0.00
1404,  0,  23.383,  0.98,  1, 0.03, 0.01, 0.92, 0.00, 0.93, 0.16, 0.00, 0.92, 0.74, 1.16, 0.00, 0.23, 0.00, 0.00, 0.11, 0.29, 0.21, 0.00, 0.00, 1.00, 0.00, 0.00, 0.00, 0.00, 0.00, 0.00, 1.00, 0.00, 0.00, 0.00, 1.00, 0.00, 0.00, 0.00, 0.00
1405,  0,  23.400,  0.98,  1, 0.14, 0.09, 0.94, 0.00, 1.04, 0.39, 0.00, 0.89, 0.79, 1.17, 0.03, 0.24, 0.00, 0.00, 0.15, 0.14, 0.21, 0.00, 0.00, 1.00, 0.00, 0.00, 0.00, 0.00, 0.00, 0.00, 1.00, 0.00, 0.00, 0.00, 1.00, 0.00, 0.00, 0.00, 0.00
1406,  0,  23.417,  0.98,  1, 0.14, 0.08, 0.83, 0.00, 1.06, 0.39, 0.00, 1.01, 0.78, 1.31, 0.03, 0.09, 0.00, 0.00, 0.14, 0.20, 0.00, 0.00, 0.00, 1.00, 0.00, 0.00, 0.00, 0.00, 0.00, 0.00, 1.00, 0.00, 0.00, 0.00, 1.00, 0.00, 0.00, 0.00, 0.00
1407,  0,  23.433,  0.98,  1, 0.13, 0.16, 0.67, 0.00, 1.01, 0.25, 0.00, 0.87, 0.76, 1.48, 0.03, 0.11, 0.00, 0.00, 0.23, 0.30, 0.00, 0.00, 0.00, 1.00, 0.00, 0.00, 0.00, 0.00, 0.00, 0.00, 1.00, 0.00, 0.00, 0.00, 1.00, 0.00, 0.00, 0.00, 0.00
1408,  0,  23.450,  0.98,  1, 0.01, 0.08, 0.75, 0.00, 0.99, 0.00, 0.00, 0.89, 0.77, 1.54, 0.22, 0.06, 0.00, 0.00, 0.27, 0.35, 0.00, 0.00, 0.00, 1.00, 0.00, 0.00, 0.00, 0.00, 0.00, 0.00, 1.00, 0.00, 0.00, 0.00, 1.00, 0.00, 0.00, 0.00, 0.00
1409,  0,  23.467,  0.98,  1, 0.01, 0.08, 0.91, 0.00, 0.93, 0.00, 0.00, 0.68, 0.74, 1.44, 0.35, 0.06, 0.00, 0.00, 0.43, 0.32, 0.00, 0.00, 0.00, 1.00, 0.00, 0.00, 0.00, 0.00, 0.00, 0.00, 1.00, 0.00, 0.00, 0.00, 1.00, 0.00, 0.00, 0.00, 0.00
1410,  0,  23.483,  0.98,  1, 0.00, 0.00, 1.06, 0.00, 1.00, 0.05, 0.00, 0.77, 0.71, 1.34, 0.35, 0.05, 0.00, 0.00, 0.39, 0.32, 0.00, 0.00, 0.00, 1.00, 0.00, 0.00, 0.00, 0.00, 0.00, 0.00, 1.00, 0.00, 0.00, 0.00, 1.00, 0.00, 0.00, 0.00, 0.00
1411,  0,  23.500,  0.98,  1, 0.03, 0.20, 0.90, 0.00, 0.96, 0.05, 0.00, 0.81, 0.72, 1.38, 0.27, 0.19, 0.00, 0.00, 0.32, 0.37, 0.00, 0.00, 0.00, 1.00, 0.00, 0.00, 0.00, 0.00, 0.00, 0.00, 1.00, 0.00, 0.00, 0.00, 1.00, 0.00, 0.00, 0.00, 0.00
1412,  0,  23.517,  0.98,  1, 0.03, 0.25, 0.88, 0.00, 0.99, 0.05, 0.00, 0.83, 0.73, 1.46, 0.13, 0.19, 0.00, 0.00, 0.25, 0.45, 0.13, 0.00, 0.00, 1.00, 0.00, 0.00, 0.00, 0.00, 0.00, 0.00, 1.00, 0.00, 0.00, 0.00, 1.00, 0.00, 0.00, 0.00, 0.00
1413,  0,  23.533,  0.98,  1, 0.03, 0.41, 0.92, 0.00, 0.91, 0.02, 0.00, 0.78, 0.76, 1.24, 0.13, 0.14, 0.00, 0.00, 0.34, 0.46, 0.13, 0.00, 0.00, 1.00, 0.00, 0.00, 0.00, 0.00, 0.00, 0.00, 1.00, 0.00, 0.00, 0.00, 1.00, 0.00, 0.00, 0.00, 0.00
1414,  0,  23.550,  0.98,  1, 0.00, 0.34, 1.01, 0.01, 0.88, 0.02, 0.00, 0.60, 0.70, 1.22, 0.00, 0.00, 0.00, 0.00, 0.37, 0.58, 0.13, 0.00, 0.00, 1.00, 0.00, 0.00, 0.00, 0.00, 0.00, 0.00, 1.00, 0.00, 0.00, 0.00, 1.00, 0.00, 0.00, 0.00, 0.00
1415,  0,  23.567,  0.98,  1, 0.04, 0.42, 0.84, 0.01, 0.94, 0.21, 0.00, 0.70, 0.69, 1.12, 0.00, 0.02, 0.06, 0.00, 0.39, 0.48, 0.00, 0.00, 0.00, 1.00, 0.00, 0.00, 0.00, 0.00, 0.00, 0.00, 1.00, 0.00, 0.00, 0.00, 1.00, 0.00, 0.00, 0.00, 0.00
1416,  0,  23.583,  0.98,  1, 0.04, 0.26, 0.66, 0.01, 0.99, 0.40, 0.00, 0.78, 0.73, 1.22, 0.02, 0.17, 0.06, 0.00, 0.24, 0.63, 0.00, 0.00, 0.00, 1.00, 0.00, 0.00, 0.00, 0.00, 0.00, 0.00, 1.00, 0.00, 0.00, 0.00, 1.00, 0.00, 0.00, 0.00, 0.00
1417,  0,  23.600,  0.98,  1, 0.10, 0.12, 0.59, 0.00, 1.00, 0.48, 0.00, 0.92, 0.75, 1.21, 0.02, 0.17, 0.06, 0.00, 0.34, 0.37, 0.03, 0.00, 0.00, 1.00, 0.00, 0.00, 0.00, 0.00, 0.00, 0.00, 1.00, 0.00, 0.00, 0.00, 1.00, 0.00, 0.00, 0.00, 0.00
1418,  0,  23.617,  0.98,  1, 0.16, 0.15, 0.85, 0.00, 0.89, 0.30, 0.00, 0.88, 0.83, 1.16, 0.05, 0.17, 0.00, 0.00, 0.28, 0.32, 0.03, 0.00, 0.00, 1.00, 0.00, 0.00, 0.00, 0.00, 0.00, 0.00, 1.00, 0.00, 0.00, 0.00, 1.00, 0.00, 0.00, 0.00, 0.00
1419,  0,  23.633,  0.98,  1, 0.16, 0.15, 0.88, 0.10, 0.89, 0.11, 0.00, 0.89, 0.83, 1.19, 0.14, 0.10, 0.00, 0.00, 0.46, 0.13, 0.03, 0.00, 0.00, 1.00, 0.00, 0.00, 0.00, 0.00, 0.00, 0.00, 1.00, 0.00, 0.00, 0.00, 1.00, 0.00, 0.00, 0.00, 0.00
1420,  0,  23.650,  0.98,  1, 0.10, 0.15, 0.81, 0.10, 0.84, 0.19, 0.00, 0.69, 0.89, 1.21, 0.14, 0.10, 0.00, 0.00, 0.48, 0.11, 0.00, 0.00, 0.00, 1.00, 0.00, 0.00, 0.00, 0.00, 0.00, 0.00, 1.00, 0.00, 0.00, 0.00, 1.00, 0.00, 0.00, 0.00, 0.00
1421,  0,  23.667,  0.98,  1, 0.00, 0.08, 0.63, 0.17, 0.91, 0.30, 0.00, 0.72, 0.88, 1.34, 0.10, 0.08, 0.00, 0.00, 0.60, 0.13, 0.00, 0.00, 0.00, 1.00, 0.00, 0.00, 0.00, 0.00, 0.00, 0.00, 1.00, 0.00, 0.00, 0.00, 1.00, 0.00, 0.00, 0.00, 0.00
1422,  0,  23.683,  0.98,  1, 0.11, 0.13, 0.66, 0.20, 0.97, 0.48, 0.00, 0.77, 0.82, 1.25, 0.00, 0.00, 0.05, 0.00, 0.67, 0.16, 0.00, 0.00, 0.00, 1.00, 0.00, 0.00, 0.00, 0.00, 0.00, 0.00, 1.00, 0.00, 0.00, 0.00, 1.00, 0.00, 0.00, 0.00, 0.00
1423,  0,  23.700,  0.98,  1, 0.16, 0.13, 0.89, 0.22, 1.07, 0.31, 0.00, 0.88, 0.79, 1.27, 0.00, 0.00, 0.05, 0.00, 0.61, 0.30, 0.07, 0.00, 0.00, 1.00, 0.00, 0.00, 0.00, 0.00, 0.00, 0.00, 1.00, 0.00, 0.00, 0.00, 1.00, 0.00, 0.00, 0.00, 0.00
1424,  0,  23.717,  0.98,  1, 0.16, 0.05, 0.96, 0.16, 1.06, 0.45, 0.00, 0.94, 0.75, 1.08, 0.01, 0.00, 0.05, 0.00, 0.40, 0.39, 0.07, 0.00, 0.00, 1.00, 0.00, 0.00, 0.00, 0.00, 0.00, 0.00, 1.00, 0.00, 0.00, 0.00, 1.00, 0.00, 0.00, 0.00, 0.00
1425,  0,  23.733,  0.98,  1, 0.04, 0.00, 0.89, 0.03, 1.02, 0.45, 0.00, 0.86, 0.82, 1.18, 0.01, 0.00, 0.00, 0.00, 0.41, 0.53, 0.07, 0.00, 0.00, 1.00, 0.00, 0.00, 0.00, 0.00, 0.00, 0.00, 1.00, 0.00, 0.00, 0.00, 1.00, 0.00, 0.00, 0.00, 0.00
1426,  0,  23.750,  0.98,  1, 0.04, 0.16, 0.80, 0.15, 0.93, 0.45, 0.00, 0.89, 0.78, 1.19, 0.03, 0.07, 0.00, 0.00, 0.42, 0.56, 0.18, 0.00, 0.00, 1.00, 0.00, 0.00, 0.00, 0.00, 0.00, 0.00, 1.00, 0.00, 0.00, 0.00, 1.00, 0.00, 0.00, 0.00, 0.00
1427,  0,  23.767,  0.98,  1, 0.04, 0.22, 0.73, 0.15, 0.87, 0.25, 0.05, 0.79, 0.74, 1.38, 0.02, 0.08, 0.00, 0.00, 0.67, 0.59, 0.23, 0.00, 0.00, 1.00, 0.00, 0.00, 0.00, 0.00, 0.00, 0.00, 1.00, 0.00, 0.00, 0.00, 1.00, 0.00, 0.00, 0.00, 0.00
1428,  0,  23.783,  0.98,  1, 0.12, 0.33, 0.84, 0.14, 0.82, 0.12, 0.05, 0.73, 0.75, 1.36, 0.03, 0.12, 0.00, 0.00, 0.63, 0.58, 0.29, 0.00, 0.00, 1.00, 0.00, 0.00, 0.00, 0.00, 0.00, 0.00, 1.00, 0.00, 0.00, 0.00, 1.00, 0.00, 0.00, 0.00, 0.00
1429,  0,  23.800,  0.98,  1, 0.08, 0.16, 0.81, 0.00, 0.94, 0.25, 0.05, 0.67, 0.73, 1.16, 0.01, 0.13, 0.00, 0.00, 0.47, 0.46, 0.12, 0.00, 0.00, 1.00, 0.00, 0.00, 0.00, 0.00, 0.00, 0.00, 1.00, 0.00, 0.00, 0.00, 1.00, 0.00, 0.00, 0.00, 0.00
1430,  0,  23.817,  0.98,  1, 0.07, 0.11, 0.59, 0.00, 0.95, 0.19, 0.00, 0.69, 0.79, 1.14, 0.01, 0.14, 0.00, 0.00, 0.34, 0.39, 0.17, 0.00, 0.00, 1.00, 0.00, 0.00, 0.00, 0.00, 0.00, 0.00, 1.00, 0.00, 0.00, 0.00, 1.00, 0.00, 0.00, 0.00, 0.00
1431,  0,  23.833,  0.98,  1, 0.08, 0.14, 0.58, 0.00, 0.97, 0.13, 0.00, 0.71, 0.77, 1.27, 0.00, 0.14, 0.00, 0.00, 0.19, 0.17, 0.11, 0.00, 0.00, 1.00, 0.00, 0.00, 0.00, 0.00, 0.00, 0.00, 1.00, 0.00, 0.00, 0.00, 1.00, 0.00, 0.00, 0.00, 0.00
1432,  0,  23.850,  0.98,  1, 0.08, 0.15, 0.55, 0.00, 0.92, 0.16, 0.00, 0.58, 0.85, 1.54, 0.00, 0.10, 0.00, 0.00, 0.35, 0.28, 0.11, 0.00, 0.00, 1.00, 0.00, 0.00, 0.00, 0.00, 0.00, 0.00, 1.00, 0.00, 0.00, 0.00, 1.00, 0.00, 0.00, 0.00, 0.00
1433,  0,  23.867,  0.98,  1, 0.08, 0.24, 0.82, 0.00, 0.98, 0.18, 0.00, 0.63, 0.84, 1.58, 0.00, 0.10, 0.01, 0.00, 0.30, 0.30, 0.05, 0.00, 0.00, 1.00, 0.00, 0.00, 0.00, 0.00, 0.00, 0.00, 1.00, 0.00, 0.00, 0.00, 1.00, 0.00, 0.00, 0.00, 0.00
1434,  0,  23.883,  0.98,  1, 0.00, 0.18, 0.99, 0.00, 0.94, 0.36, 0.00, 0.59, 0.77, 1.42, 0.12, 0.05, 0.01, 0.00, 0.38, 0.31, 0.05, 0.00, 0.00, 1.00, 0.00, 0.00, 0.00, 0.00, 0.00, 0.00, 1.00, 0.00, 0.00, 0.00, 1.00, 0.00, 0.00, 0.00, 0.00
1435,  0,  23.900,  0.98,  1, 0.00, 0.17, 1.08, 0.00, 0.89, 0.33, 0.00, 0.71, 0.69, 1.13, 0.12, 0.02, 0.01, 0.00, 0.39, 0.25, 0.05, 0.00, 0.00, 1.00, 0.00, 0.00, 0.00, 0.00, 0.00, 0.00, 1.00, 0.00, 0.00, 0.00, 1.00, 0.00, 0.00, 0.00, 0.00
1436,  0,  23.917,  0.98,  1, 0.01, 0.14, 1.03, 0.00, 0.91, 0.31, 0.00, 0.65, 0.72, 1.12, 0.15, 0.16, 0.00, 0.00, 0.43, 0.37, 0.09, 0.00, 0.00, 1.00, 0.00, 0.00, 0.00, 0.00, 0.00, 0.00, 1.00, 0.00, 0.00, 0.00, 1.00, 0.00, 0.00, 0.00, 0.00
1437,  0,  23.933,  0.98,  1, 0.09, 0.13, 0.75, 0.00, 0.85, 0.13, 0.00, 0.60, 0.77, 1.17, 0.07, 0.18, 0.00, 0.00, 0.52, 0.46, 0.08, 0.00, 0.00, 1.00, 0.00, 0.00, 0.00, 0.00, 0.00, 0.00, 1.00, 0.00, 0.00, 0.00, 1.00, 0.00, 0.00, 0.00, 0.00
1438,  0,  23.950,  0.98,  1, 0.09, 0.20, 0.82, 0.00, 0.83, 0.18, 0.00, 0.56, 0.78, 1.27, 0.07, 0.18, 0.00, 0.00, 0.55, 0.39, 0.08, 0.00, 0.00, 1.00, 0.00, 0.00, 0.00, 0.00, 0.00, 0.00, 1.00, 0.00, 0.00, 0.00, 1.00, 0.00, 0.00, 0.00, 0.00
1439,  0,  23.967,  0.98,  1, 0.08, 0.14, 0.84, 0.00, 0.79, 0.28, 0.00, 0.53, 0.78, 1.16, 0.04, 0.05, 0.00, 0.00, 0.44, 0.19, 0.09, 0.00, 0.00, 1.00, 0.00, 0.00, 0.00, 0.00, 0.00, 0.00, 1.00, 0.00, 0.00, 0.00, 1.00, 0.00, 0.00, 0.00, 0.00
1440,  0,  23.983,  0.98,  1, 0.00, 0.06, 0.94, 0.00, 0.88, 0.48, 0.00, 0.63, 0.82, 1.17, 0.02, 0.03, 0.00, 0.00, 0.32, 0.16, 0.09, 0.00, 0.00, 1.00, 0.00, 0.00, 0.00, 0.00, 0.00, 0.00, 1.00, 0.00, 0.00, 0.00, 1.00, 0.00, 0.00, 0.00, 0.00
1441,  0,  24.000,  0.98,  1, 0.05, 0.13, 0.87, 0.00, 0.92, 0.30, 0.00, 0.59, 0.81, 1.11, 0.02, 0.03, 0.00, 0.00, 0.23, 0.22, 0.09, 0.00, 0.00, 1.00, 0.00, 0.00, 0.00, 0.00, 0.00, 0.00, 1.00, 0.00, 0.00, 0.00, 1.00, 0.00, 0.00, 0.00, 0.00
1442,  0,  24.017,  0.98,  1, 0.05, 0.18, 0.77, 0.00, 0.88, 0.20, 0.00, 0.65, 0.78, 1.13, 0.08, 0.02, 0.00, 0.00, 0.38, 0.20, 0.03, 0.00, 0.00, 1.00, 0.00, 0.00, 0.00, 0.00, 0.00, 0.00, 1.00, 0.00, 0.00, 0.00, 1.00, 0.00, 0.00, 0.00, 0.00
1443,  0,  24.033,  0.98,  1, 0.05, 0.28, 0.68, 0.00, 0.86, 0.12, 0.00, 0.64, 0.67, 0.92, 0.06, 0.02, 0.00, 0.00, 0.36, 0.16, 0.03, 0.00, 0.00, 1.00, 0.00, 0.00, 0.00, 0.00, 0.00, 0.00, 1.00, 0.00, 0.00, 0.00, 1.00, 0.00, 0.00, 0.00, 0.00
1444,  0,  24.050,  0.98,  1, 0.00, 0.19, 0.71, 0.00, 0.82, 0.12, 0.00, 0.79, 0.63, 0.98, 0.06, 0.02, 0.00, 0.00, 0.41, 0.26, 0.03, 0.00, 0.00, 1.00, 0.00, 0.00, 0.00, 0.00, 0.00, 0.00, 1.00, 0.00, 0.00, 0.00, 1.00, 0.00, 0.00, 0.00, 0.00
1445,  0,  24.067,  0.98,  1, 0.00, 0.16, 0.67, 0.00, 0.78, 0.18, 0.00, 0.70, 0.63, 1.05, 0.00, 0.14, 0.00, 0.00, 0.33, 0.35, 0.24, 0.00, 0.00, 1.00, 0.00, 0.00, 0.00, 0.00, 0.00, 0.00, 1.00, 0.00, 0.00, 0.00, 1.00, 0.00, 0.00, 0.00, 0.00
1446,  0,  24.083,  0.98,  1, 0.00, 0.07, 0.75, 0.00, 0.86, 0.32, 0.00, 0.81, 0.63, 1.05, 0.06, 0.14, 0.00, 0.00, 0.29, 0.48, 0.24, 0.00, 0.00, 1.00, 0.00, 0.00, 0.00, 0.00, 0.00, 0.00, 1.00, 0.00, 0.00, 0.00, 1.00, 0.00, 0.00, 0.00, 0.00
1447,  0,  24.100,  0.98,  1, 0.01, 0.02, 0.56, 0.00, 0.83, 0.55, 0.00, 0.76, 0.69, 1.08, 0.06, 0.15, 0.00, 0.00, 0.29, 0.41, 0.24, 0.00, 0.00, 1.00, 0.00, 0.00, 0.00, 0.00, 0.00, 0.00, 1.00, 0.00, 0.00, 0.00, 1.00, 0.00, 0.00, 0.00, 0.00
1448,  0,  24.117,  0.98,  1, 0.05, 0.05, 0.83, 0.00, 0.88, 0.69, 0.00, 0.79, 0.69, 1.10, 0.06, 0.04, 0.04, 0.00, 0.41, 0.45, 0.05, 0.00, 0.00, 1.00, 0.00, 0.00, 0.00, 0.00, 0.00, 0.00, 1.00, 0.00, 0.00, 0.00, 1.00, 0.00, 0.00, 0.00, 0.00
1449,  0,  24.133,  0.98,  1, 0.05, 0.05, 0.78, 0.00, 0.81, 0.72, 0.02, 0.70, 0.71, 1.22, 0.02, 0.18, 0.12, 0.00, 0.40, 0.41, 0.05, 0.00, 0.00, 1.00, 0.00, 0.00, 0.00, 0.00, 0.00, 0.00, 1.00, 0.00, 0.00, 0.00, 1.00, 0.00, 0.00, 0.00, 0.00
1450,  0,  24.150,  0.98,  1, 0.04, 0.05, 0.80, 0.00, 0.88, 0.49, 0.02, 0.73, 0.75, 1.23, 0.03, 0.17, 0.12, 0.00, 0.51, 0.34, 0.05, 0.00, 0.00, 1.00, 0.00, 0.00, 0.00, 0.00, 0.00, 0.00, 1.00, 0.00, 0.00, 0.00, 1.00, 0.00, 0.00, 0.00, 0.00
1451,  0,  24.167,  0.98,  1, 0.00, 0.00, 0.73, 0.01, 0.91, 0.50, 0.02, 0.75, 0.75, 1.20, 0.10, 0.28, 0.07, 0.00, 0.49, 0.41, 0.00, 0.00, 0.00, 1.00, 0.00, 0.00, 0.00, 0.00, 0.00, 0.00, 1.00, 0.00, 0.00, 0.00, 1.00, 0.00, 0.00, 0.00, 0.00
1452,  0,  24.183,  0.98,  1, 0.00, 0.00, 0.77, 0.01, 0.90, 0.41, 0.00, 0.76, 0.73, 1.20, 0.08, 0.14, 0.00, 0.00, 0.49, 0.31, 0.00, 0.00, 0.00, 1.00, 0.00, 0.00, 0.00, 0.00, 0.00, 0.00, 1.00, 0.00, 0.00, 0.00, 1.00, 0.00, 0.00, 0.00, 0.00
1453,  0,  24.200,  0.98,  1, 0.03, 0.03, 0.78, 0.01, 0.79, 0.41, 0.00, 0.74, 0.69, 1.18, 0.07, 0.14, 0.03, 0.00, 0.42, 0.38, 0.00, 0.00, 0.00, 1.00, 0.00, 0.00, 1.00, 0.00, 0.00, 0.00, 1.00, 0.00, 0.00, 0.00, 1.00, 0.00, 0.00, 0.00, 0.00
1454,  0,  24.217,  0.98,  1, 0.03, 0.03, 0.53, 0.14, 0.75, 0.33, 0.00, 0.84, 0.74, 1.06, 0.08, 0.05, 0.03, 0.00, 0.47, 0.21, 0.00, 0.00, 0.00, 1.00, 0.00, 0.00, 1.00, 0.00, 0.00, 0.00, 1.00, 0.00, 0.00, 0.00, 1.00, 0.00, 0.00, 0.00, 0.00
1455,  0,  24.233,  0.98,  1, 0.03, 0.03, 0.48, 0.18, 0.81, 0.32, 0.00, 0.89, 0.81, 1.23, 0.08, 0.05, 0.03, 0.00, 0.45, 0.14, 0.00, 0.00, 0.00, 1.00, 0.00, 0.00, 1.00, 0.00, 0.00, 0.00, 1.00, 0.00, 0.00, 0.00, 1.00, 0.00, 0.00, 0.00, 0.00
1456,  0,  24.250,  0.98,  1, 0.02, 0.00, 0.45, 0.18, 0.79, 0.47, 0.00, 0.84, 0.81, 1.17, 0.08, 0.13, 0.00, 0.00, 0.37, 0.24, 0.00, 0.00, 0.00, 1.00, 0.00, 0.00, 1.00, 0.00, 0.00, 0.00, 1.00, 0.00, 0.00, 0.00, 1.00, 0.00, 0.00, 0.00, 0.00
1457,  0,  24.267,  0.98,  1, 0.02, 0.00, 0.69, 0.04, 0.79, 0.35, 0.00, 0.69, 0.75, 1.21, 0.00, 0.08, 0.00, 0.00, 0.29, 0.34, 0.00, 0.00, 0.00, 1.00, 0.00, 0.00, 0.00, 0.00, 0.00, 0.00, 1.00, 0.00, 0.00, 0.00, 1.00, 0.00, 0.00, 0.00, 0.00
1458,  0,  24.283,  0.98,  1, 0.02, 0.00, 0.59, 0.00, 0.80, 0.15, 0.00, 0.52, 0.70, 1.03, 0.09, 0.19, 0.00, 0.00, 0.31, 0.42, 0.00, 0.00, 0.00, 1.00, 0.00, 0.00, 0.00, 0.00, 0.00, 0.00, 1.00, 0.00, 0.00, 0.00, 1.00, 0.00, 0.00, 0.00, 0.00
1459,  0,  24.300,  0.98,  1, 0.00, 0.14, 0.70, 0.03, 0.95, 0.08, 0.00, 0.50, 0.71, 1.06, 0.09, 0.18, 0.00, 0.00, 0.32, 0.28, 0.00, 0.00, 0.00, 1.00, 0.00, 0.00, 0.00, 0.00, 0.00, 0.00, 1.00, 0.00, 0.00, 0.00, 1.00, 0.00, 0.00, 0.00, 0.00
1460,  0,  24.317,  0.98,  1, 0.03, 0.22, 0.64, 0.09, 0.90, 0.08, 0.00, 0.53, 0.73, 1.20, 0.13, 0.18, 0.00, 0.00, 0.30, 0.14, 0.00, 0.00, 0.00, 1.00, 0.00, 0.00, 0.00, 0.00, 0.00, 0.00, 1.00, 0.00, 0.00, 0.00, 1.00, 0.00, 0.00, 0.00, 0.00
1461,  0,  24.333,  0.98,  1, 0.03, 0.22, 0.69, 0.09, 0.81, 0.08, 0.00, 0.58, 0.76, 1.29, 0.04, 0.13, 0.00, 0.00, 0.38, 0.16, 0.00, 0.00, 0.00, 1.00, 0.00, 0.00, 0.00, 0.00, 0.00, 0.00, 1.00, 0.00, 0.00, 0.00, 1.00, 0.00, 0.00, 0.00, 0.00
1462,  0,  24.350,  0.98,  1, 0.03, 0.08, 0.79, 0.06, 0.77, 0.06, 0.00, 0.64, 0.77, 1.19, 0.04, 0.06, 0.00, 0.00, 0.43, 0.21, 0.00, 0.00, 0.00, 1.00, 0.00, 0.00, 0.00, 0.00, 0.00, 0.00, 1.00, 0.00, 0.00, 0.00, 1.00, 0.00, 0.00, 0.00, 0.00
1463,  0,  24.367,  0.98,  1, 0.05, 0.07, 0.58, 0.00, 0.76, 0.09, 0.00, 0.60, 0.71, 1.23, 0.00, 0.06, 0.00, 0.00, 0.45, 0.32, 0.00, 0.00, 0.00, 1.00, 0.00, 0.00, 0.00, 0.00, 0.00, 0.00, 1.00, 0.00, 0.00, 0.00, 1.00, 0.00, 0.00, 0.00, 0.00
1464,  0,  24.383,  0.98,  1, 0.05, 0.07, 0.60, 0.00, 0.79, 0.09, 0.01, 0.76, 0.71, 1.33, 0.01, 0.03, 0.00, 0.00, 0.32, 0.33, 0.00, 0.00, 0.00, 1.00, 0.00, 0.00, 0.00, 0.00, 0.00, 0.00, 1.00, 0.00, 0.00, 0.00, 1.00, 0.00, 0.00, 0.00, 0.00
1465,  0,  24.400,  0.98,  1, 0.07, 0.18, 0.45, 0.02, 0.83, 0.03, 0.01, 0.76, 0.72, 1.50, 0.01, 0.06, 0.00, 0.00, 0.29, 0.31, 0.00, 0.00, 0.00, 1.00, 0.00, 0.00, 0.00, 0.00, 0.00, 0.00, 1.00, 0.00, 0.00, 0.00, 1.00, 0.00, 0.00, 0.00, 0.00
1466,  0,  24.417,  0.98,  1, 0.02, 0.20, 0.54, 0.02, 0.82, 0.08, 0.01, 0.59, 0.73, 1.42, 0.01, 0.07, 0.00, 0.00, 0.19, 0.29, 0.00, 0.00, 0.00, 1.00, 0.00, 0.00, 0.00, 0.00, 0.00, 0.00, 1.00, 0.00, 0.00, 0.00, 1.00, 0.00, 0.00, 0.00, 0.00
1467,  0,  24.433,  0.98,  1, 0.06, 0.27, 0.60, 0.02, 0.87, 0.28, 0.00, 0.33, 0.62, 1.26, 0.00, 0.04, 0.00, 0.00, 0.30, 0.18, 0.06, 0.00, 0.00, 1.00, 0.00, 0.00, 0.00, 0.00, 0.00, 0.00, 1.00, 0.00, 0.00, 0.00, 1.00, 0.00, 0.00, 0.00, 0.00
1468,  0,  24.450,  0.98,  1, 0.12, 0.29, 0.76, 0.00, 0.76, 0.28, 0.00, 0.27, 0.57, 1.31, 0.06, 0.06, 0.00, 0.00, 0.43, 0.13, 0.06, 0.00, 0.00, 1.00, 0.00, 0.00, 1.00, 0.00, 0.00, 0.00, 1.00, 0.00, 0.00, 0.00, 1.00, 0.00, 0.00, 0.00, 0.00
1469,  0,  24.467,  0.98,  1, 0.15, 0.27, 0.93, 0.00, 0.85, 0.21, 0.01, 0.50, 0.61, 1.31, 0.09, 0.04, 0.00, 0.00, 0.65, 0.05, 0.06, 0.00, 0.00, 1.00, 0.00, 0.00, 0.00, 0.00, 0.00, 0.00, 1.00, 0.00, 0.00, 0.00, 1.00, 0.00, 0.00, 0.00, 0.00
1470,  0,  24.483,  0.98,  1, 0.17, 0.27, 0.91, 0.00, 0.82, 0.12, 0.01, 0.64, 0.68, 1.39, 0.12, 0.07, 0.00, 0.00, 0.67, 0.08, 0.00, 0.00, 0.00, 1.00, 0.00, 0.00, 0.00, 0.00, 0.00, 0.00, 1.00, 0.00, 0.00, 0.00, 1.00, 0.00, 0.00, 0.00, 0.00
1471,  0,  24.500,  0.98,  1, 0.10, 0.20, 0.79, 0.00, 0.86, 0.12, 0.01, 0.64, 0.66, 1.26, 0.07, 0.02, 0.00, 0.00, 0.49, 0.10, 0.00, 0.00, 0.00, 1.00, 0.00, 0.00, 0.00, 0.00, 0.00, 0.00, 1.00, 0.00, 0.00, 0.00, 1.00, 0.00, 0.00, 0.00, 0.00
1472,  0,  24.517,  0.98,  1, 0.08, 0.13, 0.72, 0.00, 0.81, 0.22, 0.00, 0.63, 0.66, 1.30, 0.06, 0.05, 0.00, 0.00, 0.36, 0.23, 0.07, 0.00, 0.00, 1.00, 0.00, 0.00, 0.00, 0.00, 0.00, 0.00, 1.00, 0.00, 0.00, 0.00, 1.00, 0.00, 0.00, 0.00, 0.00
1473,  0,  24.533,  0.98,  1, 0.01, 0.07, 0.62, 0.00, 0.72, 0.17, 0.00, 0.69, 0.71, 1.21, 0.06, 0.02, 0.00, 0.00, 0.36, 0.33, 0.07, 0.00, 0.00, 1.00, 0.00, 0.00, 0.00, 0.00, 0.00, 0.00, 1.00, 0.00, 0.00, 0.00, 1.00, 0.00, 0.00, 0.00, 0.00
1474,  0,  24.550,  0.98,  1, 0.00, 0.00, 0.57, 0.00, 0.61, 0.16, 0.00, 0.76, 0.75, 1.40, 0.06, 0.05, 0.00, 0.00, 0.52, 0.41, 0.07, 0.00, 0.00, 1.00, 0.00, 0.00, 0.00, 0.00, 0.00, 0.00, 1.00, 0.00, 0.00, 0.00, 1.00, 0.00, 0.00, 0.00, 0.00
1475,  0,  24.567,  0.98,  1, 0.02, 0.02, 0.52, 0.00, 0.64, 0.07, 0.00, 0.80, 0.77, 1.47, 0.04, 0.02, 0.00, 0.00, 0.58, 0.46, 0.00, 0.00, 0.00, 1.00, 0.00, 0.00, 0.00, 0.00, 0.00, 0.00, 1.00, 0.00, 0.00, 0.00, 1.00, 0.00, 0.00, 0.00, 0.00
1476,  0,  24.583,  0.98,  1, 0.02, 0.04, 0.69, 0.09, 0.66, 0.23, 0.00, 0.72, 0.73, 1.39, 0.07, 0.02, 0.01, 0.00, 0.43, 0.43, 0.03, 0.00, 0.00, 1.00, 0.00, 0.00, 0.00, 0.00, 0.00, 0.00, 1.00, 0.00, 0.00, 0.00, 1.00, 0.00, 0.00, 0.00, 0.00
1477,  0,  24.600,  0.98,  1, 0.02, 0.04, 0.71, 0.09, 0.71, 0.26, 0.00, 0.72, 0.72, 1.14, 0.07, 0.00, 0.01, 0.00, 0.22, 0.28, 0.03, 0.00, 0.00, 1.00, 0.00, 0.00, 0.00, 0.00, 0.00, 0.00, 1.00, 0.00, 0.00, 0.00, 1.00, 0.00, 0.00, 0.00, 0.00
1478,  0,  24.617,  0.98,  1, 0.02, 0.02, 0.74, 0.09, 0.69, 0.44, 0.00, 0.58, 0.68, 1.10, 0.07, 0.05, 0.01, 0.00, 0.11, 0.11, 0.03, 0.00, 0.00, 1.00, 0.00, 0.00, 1.00, 0.00, 0.00, 0.00, 1.00, 0.00, 0.00, 0.00, 1.00, 0.00, 0.00, 0.00, 0.00
1479,  0,  24.633,  0.98,  1, 0.09, 0.00, 0.57, 0.00, 0.69, 0.32, 0.00, 0.53, 0.66, 1.20, 0.00, 0.05, 0.00, 0.00, 0.17, 0.01, 0.14, 0.00, 0.00, 1.00, 0.00, 0.00, 1.00, 0.00, 0.00, 0.00, 1.00, 0.00, 0.00, 0.00, 1.00, 0.00, 0.00, 0.00, 0.00
1480,  0,  24.650,  0.98,  1, 0.09, 0.00, 0.60, 0.00, 0.76, 0.52, 0.00, 0.55, 0.67, 1.28, 0.00, 0.15, 0.00, 0.00, 0.30, 0.11, 0.14, 0.00, 0.00, 1.00, 0.00, 0.00, 1.00, 0.00, 0.00, 0.00, 1.00, 0.00, 0.00, 0.00, 1.00, 0.00, 0.00, 0.00, 0.00
1481,  0,  24.667,  0.98,  1, 0.10, 0.00, 0.65, 0.03, 0.74, 0.40, 0.00, 0.68, 0.69, 1.17, 0.01, 0.12, 0.00, 0.00, 0.32, 0.11, 0.19, 0.00, 0.00, 1.00, 0.00, 0.00, 1.00, 0.00, 0.00, 0.00, 1.00, 0.00, 0.00, 0.00, 1.00, 0.00, 0.00, 0.00, 0.00
1482,  0,  24.683,  0.98,  1, 0.03, 0.00, 0.78, 0.03, 0.68, 0.30, 0.00, 0.73, 0.74, 1.12, 0.01, 0.12, 0.00, 0.00, 0.45, 0.18, 0.05, 0.00, 0.00, 1.00, 0.00, 0.00, 0.00, 0.00, 0.00, 0.00, 1.00, 0.00, 0.00, 0.00, 1.00, 0.00, 0.00, 0.00, 0.00
1483,  0,  24.700,  0.98,  1, 0.03, 0.00, 0.85, 0.05, 0.69, 0.16, 0.00, 0.66, 0.73, 1.12, 0.01, 0.03, 0.00, 0.00, 0.50, 0.08, 0.05, 0.00, 0.00, 1.00, 0.00, 0.00, 0.00, 0.00, 0.00, 0.00, 1.00, 0.00, 0.00, 0.00, 1.00, 0.00, 0.00, 0.00, 0.00
1484,  0,  24.717,  0.98,  1, 0.00, 0.00, 0.72, 0.02, 0.77, 0.29, 0.00, 0.61, 0.76, 1.21, 0.00, 0.01, 0.00, 0.00, 0.60, 0.13, 0.00, 0.00, 0.00, 1.00, 0.00, 0.00, 0.00, 0.00, 0.00, 0.00, 1.00, 0.00, 0.00, 0.00, 1.00, 0.00, 0.00, 0.00, 0.00
1485,  0,  24.733,  0.98,  1, 0.00, 0.00, 0.70, 0.02, 0.77, 0.30, 0.00, 0.71, 0.72, 1.18, 0.05, 0.01, 0.00, 0.00, 0.55, 0.05, 0.00, 0.00, 0.00, 1.00, 0.00, 0.00, 0.00, 0.00, 0.00, 0.00, 1.00, 0.00, 0.00, 0.00, 1.00, 0.00, 0.00, 0.00, 0.00
1486,  0,  24.750,  0.98,  1, 0.00, 0.00, 0.69, 0.00, 0.82, 0.47, 0.00, 0.74, 0.74, 1.14, 0.08, 0.10, 0.00, 0.00, 0.51, 0.17, 0.00, 0.00, 0.00, 1.00, 0.00, 0.00, 0.00, 0.00, 0.00, 0.00, 1.00, 0.00, 0.00, 0.00, 1.00, 0.00, 0.00, 0.00, 0.00
1487,  0,  24.767,  0.98,  1, 0.00, 0.01, 0.84, 0.08, 0.77, 0.46, 0.00, 0.83, 0.74, 1.10, 0.08, 0.10, 0.00, 0.00, 0.50, 0.34, 0.06, 0.00, 0.00, 1.00, 0.00, 0.00, 0.00, 0.00, 0.00, 0.00, 1.00, 0.00, 0.00, 0.00, 1.00, 0.00, 0.00, 0.00, 0.00
1488,  0,  24.783,  0.98,  1, 0.00, 0.01, 0.80, 0.08, 0.90, 0.72, 0.00, 0.77, 0.78, 1.27, 0.03, 0.12, 0.00, 0.00, 0.43, 0.50, 0.19, 0.00, 0.00, 1.00, 0.00, 0.00, 0.00, 0.00, 0.00, 0.00, 1.00, 0.00, 0.00, 0.00, 1.00, 0.00, 0.00, 0.00, 0.00
1489,  0,  24.800,  0.98,  1, 0.03, 0.01, 0.91, 0.22, 0.99, 0.75, 0.00, 0.81, 0.75, 1.38, 0.01, 0.09, 0.00, 0.00, 0.35, 0.44, 0.30, 0.00, 0.00, 1.00, 0.00, 0.00, 0.00, 0.00, 0.00, 0.00, 1.00, 0.00, 0.00, 0.00, 1.00, 0.00, 0.00, 0.00, 0.00
1490,  0,  24.817,  0.98,  1, 0.03, 0.00, 0.92, 0.22, 1.05, 0.60, 0.00, 0.81, 0.81, 1.36, 0.01, 0.09, 0.00, 0.00, 0.22, 0.27, 0.24, 0.00, 0.00, 1.00, 0.00, 0.00, 1.00, 0.00, 0.00, 0.00, 1.00, 0.00, 0.00, 0.00, 1.00, 0.00, 0.00, 0.00, 0.00
1491,  0,  24.833,  0.98,  1, 0.03, 0.00, 0.94, 0.22, 0.95, 0.32, 0.00, 0.81, 0.76, 1.32, 0.02, 0.10, 0.00, 0.00, 0.20, 0.13, 0.11, 0.00, 0.00, 1.00, 0.00, 0.00, 0.00, 0.00, 0.00, 0.00, 1.00, 0.00, 0.00, 0.00, 1.00, 0.00, 0.00, 0.00, 0.00
1492,  0,  24.850,  0.98,  1, 0.00, 0.00, 0.73, 0.08, 0.85, 0.34, 0.00, 0.79, 0.81, 1.37, 0.03, 0.11, 0.00, 0.00, 0.23, 0.11, 0.08, 0.00, 0.00, 1.00, 0.00, 0.00, 0.00, 0.00, 0.00, 0.00, 1.00, 0.00, 0.00, 0.00, 1.00, 0.00, 0.00, 0.00, 0.00
1493,  0,  24.867,  0.98,  1, 0.01, 0.00, 0.66, 0.07, 0.85, 0.31, 0.00, 0.73, 0.79, 1.49, 0.03, 0.18, 0.02, 0.00, 0.27, 0.11, 0.08, 0.00, 0.00, 1.00, 0.00, 0.00, 0.00, 0.00, 0.00, 0.00, 1.00, 0.00, 0.00, 0.00, 1.00, 0.00, 0.00, 0.00, 0.00
1494,  0,  24.883,  0.98,  1, 0.04, 0.07, 0.74, 0.10, 0.91, 0.36, 0.00, 0.71, 0.83, 1.35, 0.00, 0.15, 0.02, 0.00, 0.40, 0.23, 0.08, 0.00, 0.00, 1.00, 0.00, 0.00, 0.00, 0.00, 0.00, 0.00, 1.00, 0.00, 0.00, 0.00, 1.00, 0.00, 0.00, 0.00, 0.00
1495,  0,  24.900,  0.98,  1, 0.04, 0.07, 0.86, 0.16, 0.89, 0.13, 0.00, 0.75, 0.78, 1.31, 0.00, 0.07, 0.02, 0.00, 0.37, 0.25, 0.00, 0.00, 0.00, 1.00, 0.00, 0.00, 0.00, 0.00, 0.00, 0.00, 1.00, 0.00, 0.00, 0.00, 1.00, 0.00, 0.00, 0.00, 0.00
1496,  0,  24.917,  0.98,  1, 0.03, 0.15, 0.88, 0.09, 0.77, 0.13, 0.00, 0.80, 0.74, 1.21, 0.00, 0.16, 0.00, 0.00, 0.32, 0.26, 0.15, 0.00, 0.00, 1.00, 0.00, 0.00, 0.00, 0.00, 0.00, 0.00, 1.00, 0.00, 0.00, 0.00, 1.00, 0.00, 0.00, 0.00, 0.00
1497,  0,  24.933,  0.98,  1, 0.00, 0.11, 0.81, 0.07, 0.71, 0.30, 0.00, 0.73, 0.75, 1.26, 0.10, 0.16, 0.02, 0.00, 0.21, 0.19, 0.20, 0.00, 0.00, 1.00, 0.00, 0.00, 0.00, 0.00, 0.00, 0.00, 1.00, 0.00, 0.00, 0.00, 1.00, 0.00, 0.00, 0.00, 0.00
1498,  0,  24.950,  0.98,  1, 0.00, 0.20, 0.91, 0.00, 0.68, 0.23, 0.00, 0.67, 0.74, 1.18, 0.17, 0.28, 0.02, 0.00, 0.18, 0.14, 0.20, 0.00, 0.00, 1.00, 0.00, 0.00, 1.00, 0.00, 0.00, 0.00, 1.00, 0.00, 0.00, 0.00, 1.00, 0.00, 0.00, 0.00, 0.00
1499,  0,  24.967,  0.98,  1, 0.00, 0.27, 0.86, 0.00, 0.73, 0.26, 0.00, 0.70, 0.73, 1.18, 0.17, 0.13, 0.02, 0.00, 0.38, 0.23, 0.05, 0.00, 1.00, 1.00, 0.00, 0.00, 0.00, 0.00, 0.00, 0.00, 1.00, 0.00, 1.00, 0.00, 1.00, 0.00, 0.00, 0.00, 0.00
1500,  0,  24.983,  0.98,  1, 0.00, 0.45, 0.56, 0.00, 0.78, 0.10, 0.00, 0.94, 0.78, 1.33, 0.00, 0.00, 0.00, 0.00, 0.70, 0.41, 0.00, 0.00, 0.00, 1.00, 0.00, 0.00, 0.00, 0.00, 0.00, 0.00, 1.00, 0.00, 0.00, 0.00, 1.00, 0.00, 0.00, 0.00, 0.00
