frame, face_id, timestamp, confidence, success, AU01_r, AU02_r, AU04_r, AU05_r, AU06_r, AU07_r, AU09_r, AU10_r, AU12_r, AU14_r, AU15_r, AU17_r, AU20_r, AU23_r, AU25_r, AU26_r, AU45_r, AU01_c, AU02_c, AU04_c, AU05_c, AU06_c, AU07_c, AU09_c, AU10_c, AU12_c, AU14_c, AU15_c, AU17_c, AU20_c, AU23_c, AU25_c, AU26_c, AU28_c, AU45_c
1,  0,  0.000,  0.98,  1, 0.42, 0.74, 1.23, 0.00, 0.86, 1.58, 0.00, 0.70, 0.40, 1.03, 0.37, 0.92, 0.00, 0.00, 0.00, 0.00, 0.56, 0.00, 1.00, 1.00, 0.00, 0.00, 1.00, 0.00, 0.00, 0.00, 1.00, 0.00, 0.00, 0.00, 0.00, 0.00, 0.00, 0.00, 1.00
2,  0,  0.017,  0.98,  1, 0.20, 0.36, 1.01, 0.01, 0.75, 1.48, 0.00, 0.45, 0.40, 0.99, 0.23, 1.08, 0.04, 0.00, 0.00, 0.09, 0.41, 0.00, 0.00, 1.00, 0.00, 0.00, 1.00, 0.00, 0.00, 0.00, 1.00, 0.00, 1.00, 0.00, 0.00, 0.00, 0.00, 0.00, 1.00
3,  0,  0.033,  0.98,  1, 0.08, 0.11, 1.00, 0.01, 0.66, 1.22, 0.00, 0.41, 0.43, 0.94, 0.15, 1.10, 0.05, 0.00, 0.04, 0.23, 0.22, 0.00, 0.00, 0.00, 0.00, 0.00, 1.00, 0.00, 0.00, 0.00, 1.00, 0.00, 1.00, 0.00, 0.00, 0.00, 0.00, 0.00, 0.00
4,  0,  0.050,  0.98,  1, 0.20, 0.01, 0.99, 0.00, 0.61, 0.96, 0.00, 0.42, 0.41, 1.04, 0.16, 1.13, 0.00, 0.00, 0.05, 0.23, 0.03, 0.00, 0.00, 1.00, 0.00, 0.00, 1.00, 0.00, 0.00, 0.00, 1.00, 0.00, 1.00, 0.00, 0.00, 0.00, 0.00, 0.00, 0.00
5,  0,  0.067,  0.98,  1, 0.21, 0.01, 1.07, 0.00, 0.59, 0.94, 0.00, 0.47, 0.38, 0.99, 0.18, 1.23, 0.11, 0.00, 0.05, 0.21, 0.03, 0.00, 0.00, 1.00, 0.00, 0.00, 1.00, 0.00, 0.00, 0.00, 1.00, 0.00, 1.00, 0.00, 0.00, 0.00, 0.00, 0.00, 0.00
6,  0,  0.083,  0.98,  1, 0.29, 0.01, 0.98, 0.00, 0.58, 1.15, 0.00, 0.47, 0.37, 1.00, 0.27, 1.42, 0.13, 0.00, 0.01, 0.17, 0.03, 0.00, 0.00, 1.00, 0.00, 0.00, 1.00, 0.00, 0.00, 0.00, 1.00, 0.00, 1.00, 0.00, 0.00, 0.00, 0.00, 0.00, 0.00
7,  0,  0.100,  0.98,  1, 0.33, 0.00, 1.06, 0.10, 0.52, 1.24, 0.00, 0.46, 0.35, 0.92, 0.28, 1.47, 0.19, 0.00, 0.00, 0.10, 0.00, 0.00, 0.00, 1.00, 0.00, 0.00, 1.00, 0.00, 0.00, 0.00, 1.00, 0.00, 1.00, 0.00, 0.00, 0.00, 0.00, 0.00, 0.00
8,  0,  0.117,  0.98,  1, 0.26, 0.00, 1.03, 0.10, 0.52, 0.99, 0.00, 0.50, 0.43, 0.97, 0.26, 1.45, 0.08, 0.00, 0.00, 0.16, 0.00, 0.00, 0.00, 1.00, 0.00, 0.00, 1.00, 0.00, 0.00, 0.00, 1.00, 0.00, 1.00, 0.00, 0.00, 0.00, 0.00, 0.00, 0.00
9,  0,  0.133,  0.98,  1, 0.27, 0.00, 1.05, 0.10, 0.51, 0.94, 0.00, 0.47, 0.32, 1.01, 0.20, 1.38, 0.06, 0.00, 0.02, 0.17, 0.00, 0.00, 0.00, 1.00, 0.00, 0.00, 1.00, 0.00, 0.00, 0.00, 1.00, 0.00, 1.00, 0.00, 0.00, 0.00, 0.00, 0.00, 0.00
10,  0,  0.150,  0.98,  1, 0.21, 0.00, 0.95, 0.05, 0.54, 0.97, 0.00, 0.43, 0.32, 0.91, 0.20, 1.20, 0.00, 0.00, 0.03, 0.24, 0.00, 0.00, 0.00, 1.00, 0.00, 0.00, 1.00, 0.00, 0.00, 0.00, 1.00, 0.00, 1.00, 0.00, 0.00, 0.00, 0.00, 0.00, 0.00
11,  0,  0.167,  0.98,  1, 0.36, 0.00, 0.92, 0.15, 0.52, 1.19, 0.00, 0.37, 0.27, 0.88, 0.13, 1.25, 0.00, 0.00, 0.03, 0.22, 0.00, 0.00, 0.00, 1.00, 0.00, 0.00, 1.00, 0.00, 0.00, 0.00, 1.00, 0.00, 1.00, 0.00, 0.00, 0.00, 0.00, 0.00, 0.00
12,  0,  0.183,  0.98,  1, 0.31, 0.00, 0.86, 0.15, 0.47, 0.90, 0.00, 0.42, 0.33, 0.80, 0.06, 1.31, 0.00, 0.00, 0.01, 0.11, 0.00, 0.00, 0.00, 1.00, 0.00, 0.00, 1.00, 0.00, 0.00, 0.00, 1.00, 0.00, 1.00, 0.00, 0.00, 0.00, 0.00, 0.00, 0.00
13,  0,  0.200,  0.98,  1, 0.23, 0.00, 0.88, 0.10, 0.51, 0.76, 0.00, 0.38, 0.32, 0.83, 0.05, 1.47, 0.04, 0.02, 0.00, 0.04, 0.00, 0.00, 0.00, 1.00, 0.00, 0.00, 1.00, 0.00, 0.00, 0.00, 1.00, 0.00, 1.00, 0.00, 0.00, 0.00, 0.00, 0.00, 0.00
14,  0,  0.217,  0.98,  1, 0.20, 0.12, 0.99, 0.00, 0.51, 0.82, 0.00, 0.30, 0.37, 0.88, 0.14, 1.34, 0.04, 0.02, 0.11, 0.04, 0.00, 0.00, 0.00, 1.00, 0.00, 0.00, 1.00, 0.00, 0.00, 0.00, 1.00, 0.00, 1.00, 0.00, 0.00, 0.00, 0.00, 0.00, 0.00
15,  0,  0.233,  0.98,  1, 0.21, 0.12, 1.08, 0.00, 0.53, 0.88, 0.00, 0.17, 0.44, 1.05, 0.14, 1.21, 0.04, 0.02, 0.16, 0.14, 0.00, 0.00, 0.00, 1.00, 0.00, 0.00, 1.00, 0.00, 0.00, 0.00, 1.00, 0.00, 1.00, 0.00, 0.00, 0.00, 0.00, 0.00, 0.00
16,  0,  0.250,  0.98,  1, 0.22, 0.12, 1.23, 0.00, 0.52, 0.92, 0.00, 0.13, 0.39, 1.02, 0.09, 1.16, 0.00, 0.00, 0.18, 0.14, 0.00, 0.00, 0.00, 1.00, 0.00, 0.00, 0.00, 0.00, 0.00, 0.00, 1.00, 0.00, 1.00, 0.00, 0.00, 0.00, 0.00, 0.00, 0.00
17,  0,  0.267,  0.98,  1, 0.22, 0.04, 1.22, 0.00, 0.45, 0.86, 0.00, 0.18, 0.32, 1.11, 0.00, 1.14, 0.03, 0.00, 0.07, 0.17, 0.00, 0.00, 0.00, 1.00, 0.00, 0.00, 0.00, 0.00, 0.00, 0.00, 1.00, 0.00, 1.00, 0.00, 0.00, 0.00, 0.00, 0.00, 0.00
18,  0,  0.283,  0.98,  1, 0.14, 0.04, 1.13, 0.03, 0.39, 0.90, 0.00, 0.10, 0.21, 0.95, 0.02, 1.23, 0.03, 0.06, 0.02, 0.07, 0.00, 0.00, 0.00, 1.00, 0.00, 0.00, 1.00, 0.00, 0.00, 0.00, 1.00, 0.00, 0.00, 0.00, 0.00, 0.00, 0.00, 0.00, 0.00
19,  0,  0.300,  0.98,  1, 0.12, 0.04, 1.00, 0.19, 0.40, 0.87, 0.00, 0.16, 0.26, 0.92, 0.16, 1.27, 0.07, 0.10, 0.14, 0.25, 0.00, 0.00, 0.00, 1.00, 0.00, 0.00, 1.00, 0.00, 0.00, 0.00, 1.00, 0.00, 1.00, 0.00, 0.00, 0.00, 0.00, 0.00, 0.00
20,  0,  0.317,  0.98,  1, 0.11, 0.00, 0.97, 0.19, 0.39, 0.79, 0.00, 0.22, 0.24, 0.86, 0.16, 1.30, 0.09, 0.10, 0.18, 0.31, 0.00, 0.00, 0.00, 1.00, 0.00, 0.00, 1.00, 0.00, 0.00, 0.00, 1.00, 0.00, 1.00, 0.00, 0.00, 0.00, 0.00, 0.00, 0.00
21,  0,  0.333,  0.98,  1, 0.29, 0.00, 1.09, 0.16, 0.42, 0.91, 0.00, 0.30, 0.25, 0.96, 0.19, 1.34, 0.09, 0.06, 0.18, 0.35, 0.00, 0.00, 0.00, 1.00, 0.00, 0.00, 1.00, 0.00, 0.00, 0.00, 1.00, 0.00, 1.00, 0.00, 0.00, 0.00, 0.00, 0.00, 0.00
22,  0,  0.350,  0.98,  1, 0.40, 0.06, 1.17, 0.08, 0.35, 0.93, 0.00, 0.26, 0.22, 1.07, 0.10, 1.32, 0.05, 0.06, 0.05, 0.24, 0.00, 0.00, 0.00, 1.00, 0.00, 0.00, 1.00, 0.00, 0.00, 0.00, 1.00, 0.00, 1.00, 0.00, 0.00, 0.00, 0.00, 0.00, 0.00
23,  0,  0.367,  0.98,  1, 0.29, 0.06, 1.11, 0.13, 0.38, 1.06, 0.00, 0.16, 0.24, 1.04, 0.16, 1.30, 0.11, 0.06, 0.06, 0.11, 0.00, 0.00, 0.00, 1.00, 0.00, 0.00, 1.00, 0.00, 0.00, 0.00, 1.00, 0.00, 1.00, 0.00, 0.00, 0.00, 0.00, 0.00, 0.00
24,  0,  0.383,  0.98,  1, 0.22, 0.06, 1.10, 0.13, 0.41, 0.99, 0.00, 0.19, 0.28, 1.05, 0.11, 1.21, 0.11, 0.04, 0.06, 0.13, 0.00, 0.00, 0.00, 1.00, 0.00, 0.00, 1.00, 0.00, 0.00, 0.00, 1.00, 0.00, 1.00, 0.00, 0.00, 0.00, 0.00, 0.00, 0.00
25,  0,  0.400,  0.98,  1, 0.14, 0.00, 1.11, 0.10, 0.40, 0.74, 0.00, 0.22, 0.29, 1.07, 0.15, 1.20, 0.11, 0.00, 0.06, 0.05, 0.00, 0.00, 0.00, 1.00, 0.00, 0.00, 0.00, 0.00, 0.00, 0.00, 1.00, 0.00, 1.00, 0.00, 0.00, 0.00, 0.00, 0.00, 0.00
26,  0,  0.417,  0.98,  1, 0.14, 0.00, 1.21, 0.04, 0.40, 0.74, 0.00, 0.25, 0.33, 1.08, 0.08, 1.30, 0.12, 0.01, 0.06, 0.29, 0.00, 0.00, 0.00, 1.00, 0.00, 0.00, 0.00, 0.00, 0.00, 0.00, 1.00, 0.00, 1.00, 0.00, 0.00, 0.00, 0.00, 0.00, 0.00
27,  0,  0.433,  0.98,  1, 0.14, 0.04, 1.18, 0.04, 0.45, 0.56, 0.00, 0.30, 0.32, 1.01, 0.08, 1.27, 0.12, 0.02, 0.06, 0.24, 0.00, 0.00, 0.00, 1.00, 0.00, 0.00, 0.00, 0.00, 0.00, 0.00, 1.00, 0.00, 1.00, 0.00, 0.00, 0.00, 0.00, 0.00, 0.00
28,  0,  0.450,  0.98,  1, 0.14, 0.04, 1.19, 0.12, 0.50, 0.76, 0.00, 0.37, 0.31, 1.01, 0.01, 1.30, 0.25, 0.05, 0.06, 0.24, 0.00, 0.00, 0.00, 1.00, 0.00, 0.00, 0.00, 0.00, 0.00, 0.00, 1.00, 0.00, 1.00, 0.00, 0.00, 0.00, 0.00, 0.00, 0.00
29,  0,  0.467,  0.98,  1, 0.22, 0.04, 1.16, 0.12, 0.50, 0.51, 0.00, 0.42, 0.25, 0.85, 0.03, 1.23, 0.12, 0.04, 0.05, 0.09, 0.00, 0.00, 0.00, 1.00, 0.00, 0.00, 0.00, 0.00, 0.00, 0.00, 1.00, 0.00, 1.00, 0.00, 0.00, 0.00, 0.00, 0.00, 0.00
30,  0,  0.483,  0.98,  1, 0.14, 0.00, 1.23, 0.22, 0.41, 0.46, 0.00, 0.35, 0.24, 0.82, 0.03, 1.16, 0.12, 0.03, 0.06, 0.13, 0.00, 0.00, 0.00, 1.00, 0.00, 0.00, 0.00, 0.00, 0.00, 0.00, 1.00, 0.00, 1.00, 0.00, 0.00, 0.00, 0.00, 0.00, 0.00
31,  0,  0.500,  0.98,  1, 0.10, 0.00, 1.35, 0.09, 0.39, 0.76, 0.00, 0.28, 0.21, 0.71, 0.08, 1.18, 0.09, 0.08, 0.06, 0.31, 0.00, 0.00, 0.00, 1.00, 0.00, 0.00, 0.00, 0.00, 0.00, 0.00, 1.00, 0.00, 1.00, 0.00, 0.00, 0.00, 0.00, 0.00, 0.00
32,  0,  0.517,  0.98,  1, 0.07, 0.00, 1.46, 0.18, 0.42, 0.79, 0.00, 0.25, 0.24, 0.84, 0.06, 1.18, 0.09, 0.12, 0.02, 0.21, 0.00, 0.00, 0.00, 1.00, 0.00, 0.00, 0.00, 0.00, 0.00, 0.00, 1.00, 0.00, 1.00, 0.00, 0.00, 0.00, 0.00, 0.00, 0.00
33,  0,  0.533,  0.98,  1, 0.16, 0.00, 1.44, 0.09, 0.37, 0.81, 0.00, 0.25, 0.24, 0.84, 0.21, 1.41, 0.09, 0.18, 0.01, 0.20, 0.00, 0.00, 0.00, 1.00, 0.00, 0.00, 0.00, 0.00, 0.00, 0.00, 1.00, 0.00, 1.00, 0.00, 0.00, 0.00, 0.00, 0.00, 0.00
34,  0,  0.550,  0.98,  1, 0.16, 0.00, 1.18, 0.09, 0.40, 0.44, 0.00, 0.29, 0.29, 0.83, 0.15, 1.32, 0.00, 0.12, 0.01, 0.02, 0.00, 0.00, 0.00, 1.00, 0.00, 0.00, 0.00, 0.00, 0.00, 0.00, 1.00, 0.00, 1.00, 0.00, 0.00, 0.00, 0.00, 0.00, 0.00
35,  0,  0.567,  0.98,  1, 0.11, 0.04, 0.99, 0.06, 0.34, 0.40, 0.00, 0.24, 0.25, 0.89, 0.24, 1.34, 0.00, 0.12, 0.03, 0.14, 0.00, 0.00, 0.00, 1.00, 0.00, 0.00, 0.00, 0.00, 0.00, 0.00, 1.00, 0.00, 1.00, 0.00, 0.00, 0.00, 0.00, 0.00, 0.00
36,  0,  0.583,  0.98,  1, 0.00, 0.10, 1.00, 0.06, 0.43, 0.39, 0.00, 0.16, 0.25, 0.95, 0.09, 1.11, 0.03, 0.11, 0.03, 0.12, 0.00, 0.00, 0.00, 1.00, 0.00, 0.00, 0.00, 0.00, 0.00, 0.00, 1.00, 0.00, 1.00, 0.00, 0.00, 0.00, 0.00, 0.00, 0.00
37,  0,  0.600,  0.98,  1, 0.04, 0.10, 1.00, 0.06, 0.41, 0.40, 0.00, 0.18, 0.29, 1.01, 0.24, 1.08, 0.03, 0.15, 0.05, 0.31, 0.00, 0.00, 0.00, 1.00, 0.00, 0.00, 0.00, 0.00, 0.00, 0.00, 1.00, 0.00, 1.00, 0.00, 0.00, 0.00, 0.00, 0.00, 0.00
38,  0,  0.617,  0.98,  1, 0.04, 0.06, 0.95, 0.00, 0.43, 0.31, 0.00, 0.20, 0.31, 0.98, 0.22, 1.06, 0.03, 0.15, 0.11, 0.25, 0.00, 0.00, 0.00, 1.00, 0.00, 0.00, 0.00, 0.00, 0.00, 0.00, 1.00, 0.00, 1.00, 0.00, 0.00, 0.00, 0.00, 0.00, 0.00
39,  0,  0.633,  0.98,  1, 0.11, 0.07, 0.92, 0.00, 0.41, 0.54, 0.00, 0.26, 0.30, 1.05, 0.28, 1.12, 0.00, 0.12, 0.19, 0.39, 0.00, 0.00, 0.00, 1.00, 0.00, 0.00, 0.00, 0.00, 0.00, 0.00, 1.00, 0.00, 0.00, 0.00, 0.00, 0.00, 0.00, 0.00, 0.00
40,  0,  0.650,  0.98,  1, 0.07, 0.07, 0.96, 0.00, 0.43, 0.48, 0.00, 0.16, 0.25, 0.93, 0.20, 1.21, 0.00, 0.09, 0.20, 0.31, 0.00, 0.00, 0.00, 1.00, 0.00, 0.00, 0.00, 0.00, 0.00, 0.00, 1.00, 0.00, 0.00, 0.00, 0.00, 0.00, 0.00, 0.00, 0.00
41,  0,  0.667,  0.98,  1, 0.07, 0.07, 1.07, 0.14, 0.47, 0.71, 0.00, 0.23, 0.24, 0.93, 0.13, 1.30, 0.02, 0.10, 0.11, 0.24, 0.00, 0.00, 0.00, 1.00, 0.00, 0.00, 0.00, 0.00, 0.00, 0.00, 1.00, 0.00, 1.00, 0.00, 0.00, 0.00, 0.00, 0.00, 0.00
42,  0,  0.683,  0.98,  1, 0.09, 0.00, 1.03, 0.18, 0.42, 0.56, 0.00, 0.25, 0.23, 0.87, 0.07, 1.34, 0.02, 0.09, 0.05, 0.10, 0.00, 0.00, 0.00, 1.00, 0.00, 0.00, 0.00, 0.00, 0.00, 0.00, 1.00, 0.00, 1.00, 0.00, 0.00, 0.00, 0.00, 0.00, 0.00
43,  0,  0.700,  0.98,  1, 0.12, 0.00, 1.06, 0.31, 0.42, 0.62, 0.00, 0.32, 0.18, 0.91, 0.00, 1.38, 0.03, 0.07, 0.02, 0.01, 0.00, 0.00, 0.00, 1.00, 0.00, 0.00, 0.00, 0.00, 0.00, 0.00, 1.00, 0.00, 1.00, 0.00, 0.00, 0.00, 0.00, 0.00, 0.00
44,  0,  0.717,  0.98,  1, 0.14, 0.00, 1.08, 0.29, 0.32, 0.41, 0.00, 0.33, 0.20, 0.93, 0.05, 1.29, 0.02, 0.08, 0.02, 0.08, 0.00, 0.00, 0.00, 1.00, 0.00, 0.00, 0.00, 0.00, 0.00, 0.00, 1.00, 0.00, 1.00, 0.00, 0.00, 0.00, 0.00, 0.00, 0.00
45,  0,  0.733,  0.98,  1, 0.06, 0.00, 1.15, 0.31, 0.30, 0.43, 0.00, 0.30, 0.22, 0.99, 0.08, 1.43, 0.08, 0.17, 0.02, 0.14, 0.00, 0.00, 0.00, 1.00, 0.00, 0.00, 0.00, 0.00, 0.00, 0.00, 1.00, 0.00, 1.00, 0.00, 0.00, 0.00, 0.00, 0.00, 0.00
46,  0,  0.750,  0.98,  1, 0.02, 0.00, 1.11, 0.19, 0.26, 0.49, 0.00, 0.31, 0.32, 1.01, 0.09, 1.36, 0.06, 0.23, 0.04, 0.24, 0.00, 0.00, 0.00, 1.00, 0.00, 0.00, 0.00, 0.00, 0.00, 0.00, 1.00, 0.00, 1.00, 0.00, 0.00, 0.00, 0.00, 0.00, 0.00
47,  0,  0.767,  0.98,  1, 0.00, 0.00, 1.05, 0.06, 0.34, 0.46, 0.00, 0.28, 0.32, 1.01, 0.05, 1.30, 0.06, 0.17, 0.04, 0.26, 0.00, 0.00, 0.00, 1.00, 0.00, 0.00, 0.00, 0.00, 0.00, 0.00, 1.00, 0.00, 1.00, 0.00, 0.00, 0.00, 0.00, 0.00, 0.00
48,  0,  0.783,  0.98,  1, 0.00, 0.00, 1.15, 0.04, 0.37, 0.32, 0.00, 0.22, 0.33, 0.87, 0.07, 1.16, 0.00, 0.10, 0.07, 0.24, 0.00, 0.00, 0.00, 1.00, 0.00, 0.00, 0.00, 0.00, 0.00, 0.00, 1.00, 0.00, 1.00, 0.00, 0.00, 0.00, 0.00, 0.00, 0.00
49,  0,  0.800,  0.98,  1, 0.12, 0.00, 1.34, 0.04, 0.31, 0.33, 0.00, 0.17, 0.28, 0.92, 0.10, 1.25, 0.00, 0.10, 0.04, 0.25, 0.00, 0.00, 0.00, 1.00, 0.00, 0.00, 0.00, 0.00, 0.00, 0.00, 1.00, 0.00, 1.00, 0.00, 0.00, 0.00, 0.00, 0.00, 0.00
50,  0,  0.817,  0.98,  1, 0.12, 0.00, 1.33, 0.21, 0.32, 0.39, 0.00, 0.17, 0.30, 0.87, 0.16, 1.39, 0.13, 0.12, 0.04, 0.16, 0.00, 0.00, 0.00, 1.00, 0.00, 0.00, 0.00, 0.00, 0.00, 0.00, 1.00, 0.00, 1.00, 0.00, 0.00, 0.00, 0.00, 0.00, 0.00
51,  0,  0.833,  0.98,  1, 0.18, 0.00, 1.11, 0.33, 0.37, 0.70, 0.00, 0.28, 0.25, 0.89, 0.11, 1.37, 0.13, 0.16, 0.00, 0.15, 0.00, 0.00, 0.00, 1.00, 0.00, 0.00, 0.00, 0.00, 0.00, 0.00, 1.00, 0.00, 1.00, 0.00, 0.00, 0.00, 0.00, 0.00, 0.00
52,  0,  0.850,  0.98,  1, 0.06, 0.00, 1.04, 0.36, 0.42, 0.51, 0.00, 0.34, 0.21, 0.88, 0.09, 1.17, 0.13, 0.10, 0.02, 0.03, 0.00, 0.00, 0.00, 1.00, 0.00, 0.00, 0.00, 0.00, 0.00, 0.00, 1.00, 0.00, 1.00, 0.00, 0.00, 0.00, 0.00, 0.00, 0.00
53,  0,  0.867,  0.98,  1, 0.12, 0.00, 0.98, 0.33, 0.35, 0.44, 0.00, 0.25, 0.17, 0.90, 0.02, 1.09, 0.00, 0.13, 0.02, 0.03, 0.00, 0.00, 0.00, 1.00, 0.00, 0.00, 0.00, 0.00, 0.00, 0.00, 1.00, 0.00, 1.00, 0.00, 0.00, 0.00, 0.00, 0.00, 0.00
54,  0,  0.883,  0.98,  1, 0.06, 0.00, 1.01, 0.22, 0.30, 0.18, 0.00, 0.22, 0.23, 0.81, 0.12, 1.12, 0.03, 0.14, 0.02, 0.13, 0.00, 0.00, 0.00, 1.00, 0.00, 0.00, 0.00, 0.00, 0.00, 0.00, 1.00, 0.00, 1.00, 0.00, 0.00, 0.00, 0.00, 0.00, 0.00
55,  0,  0.900,  0.98,  1, 0.07, 0.00, 0.94, 0.19, 0.30, 0.60, 0.00, 0.12, 0.24, 0.74, 0.10, 1.13, 0.03, 0.18, 0.12, 0.16, 0.00, 0.00, 0.00, 1.00, 0.00, 0.00, 0.00, 0.00, 0.00, 0.00, 1.00, 0.00, 1.00, 0.00, 0.00, 0.00, 0.00, 0.00, 0.00
56,  0,  0.917,  0.98,  1, 0.15, 0.00, 1.13, 0.06, 0.30, 0.67, 0.00, 0.13, 0.23, 0.80, 0.10, 1.20, 0.06, 0.18, 0.15, 0.16, 0.00, 0.00, 0.00, 1.00, 0.00, 0.00, 0.00, 0.00, 0.00, 0.00, 1.00, 0.00, 1.00, 0.00, 0.00, 0.00, 0.00, 0.00, 0.00
57,  0,  0.933,  0.98,  1, 0.15, 0.01, 1.16, 0.22, 0.28, 0.88, 0.00, 0.17, 0.15, 0.78, 0.00, 1.14, 0.05, 0.13, 0.15, 0.04, 0.00, 0.00, 0.00, 1.00, 0.00, 0.00, 1.00, 0.00, 0.00, 0.00, 1.00, 0.00, 1.00, 0.00, 0.00, 0.00, 0.00, 0.00, 0.00
58,  0,  0.950,  0.98,  1, 0.19, 0.04, 1.09, 0.35, 0.25, 0.77, 0.00, 0.28, 0.18, 0.80, 0.00, 1.25, 0.08, 0.17, 0.03, 0.02, 0.00, 0.00, 0.00, 1.00, 0.00, 0.00, 1.00, 0.00, 0.00, 0.00, 1.00, 0.00, 1.00, 0.00, 0.00, 0.00, 0.00, 0.00, 0.00
59,  0,  0.967,  0.98,  1, 0.05, 0.04, 0.93, 0.52, 0.31, 0.95, 0.00, 0.22, 0.21, 0.70, 0.00, 1.22, 0.05, 0.22, 0.00, 0.10, 0.00, 0.00, 0.00, 1.00, 0.00, 0.00, 1.00, 0.00, 0.00, 0.00, 1.00, 0.00, 1.00, 0.00, 0.00, 0.00, 0.00, 0.00, 0.00
60,  0,  0.983,  0.98,  1, 0.06, 0.03, 0.92, 0.48, 0.36, 0.86, 0.00, 0.19, 0.24, 0.81, 0.00, 1.22, 0.02, 0.30, 0.00, 0.10, 0.00, 0.00, 0.00, 1.00, 0.00, 0.00, 1.00, 0.00, 0.00, 0.00, 1.00, 0.00, 1.00, 0.00, 0.00, 0.00, 0.00, 0.00, 0.00
61,  0,  1.000,  0.98,  1, 0.04, 0.00, 1.04, 0.42, 0.38, 0.54, 0.00, 0.20, 0.21, 0.85, 0.02, 1.21, 0.07, 0.25, 0.00, 0.16, 0.00, 0.00, 0.00, 1.00, 0.00, 0.00, 1.00, 0.00, 0.00, 0.00, 1.00, 0.00, 1.00, 0.00, 0.00, 0.00, 0.00, 0.00, 0.00
62,  0,  1.017,  0.98,  1, 0.05, 0.00, 1.09, 0.30, 0.34, 0.43, 0.00, 0.20, 0.15, 1.00, 0.02, 1.33, 0.13, 0.25, 0.00, 0.08, 0.00, 0.00, 0.00, 1.00, 0.00, 0.00, 1.00, 0.00, 0.00, 0.00, 1.00, 0.00, 1.00, 0.00, 0.00, 0.00, 0.00, 0.00, 0.00
63,  0,  1.033,  0.98,  1, 0.17, 0.00, 1.06, 0.36, 0.25, 0.49, 0.00, 0.14, 0.15, 1.08, 0.02, 1.38, 0.13, 0.28, 0.00, 0.18, 0.00, 0.00, 0.00, 1.00, 0.00, 0.00, 1.00, 0.00, 0.00, 0.00, 1.00, 0.00, 1.00, 0.00, 0.00, 0.00, 0.00, 0.00, 0.00
64,  0,  1.050,  0.98,  1, 0.15, 0.00, 1.02, 0.43, 0.23, 0.56, 0.00, 0.02, 0.18, 0.94, 0.13, 1.40, 0.06, 0.33, 0.04, 0.10, 0.00, 0.00, 0.00, 1.00, 0.00, 0.00, 0.00, 0.00, 0.00, 0.00, 1.00, 0.00, 1.00, 0.00, 0.00, 0.00, 0.00, 0.00, 0.00
65,  0,  1.067,  0.98,  1, 0.20, 0.00, 0.97, 0.43, 0.24, 0.45, 0.00, 0.13, 0.21, 0.86, 0.16, 1.34, 0.08, 0.32, 0.04, 0.19, 0.00, 0.00, 0.00, 1.00, 0.00, 0.00, 0.00, 0.00, 0.00, 0.00, 1.00, 0.00, 1.00, 0.00, 0.00, 0.00, 0.00, 0.00, 0.00
66,  0,  1.083,  0.98,  1, 0.07, 0.00, 0.91, 0.27, 0.33, 0.32, 0.00, 0.23, 0.27, 0.81, 0.22, 1.46, 0.08, 0.26, 0.04, 0.20, 0.00, 0.00, 0.00, 1.00, 0.00, 0.00, 1.00, 0.00, 0.00, 0.00, 1.00, 0.00, 1.00, 0.00, 0.00, 0.00, 0.00, 0.00, 0.00
67,  0,  1.100,  0.98,  1, 0.07, 0.01, 0.86, 0.13, 0.40, 0.52, 0.00, 0.30, 0.24, 0.85, 0.12, 1.44, 0.14, 0.20, 0.14, 0.25, 0.00, 0.00, 0.00, 1.00, 0.00, 0.00, 1.00, 0.00, 0.00, 0.00, 1.00, 0.00, 1.00, 0.00, 0.00, 0.00, 0.00, 0.00, 0.00
68,  0,  1.117,  0.98,  1, 0.09, 0.01, 1.05, 0.05, 0.45, 0.73, 0.00, 0.39, 0.21, 0.68, 0.13, 1.36, 0.13, 0.12, 0.14, 0.27, 0.00, 0.00, 0.00, 1.00, 0.00, 0.00, 0.00, 0.00, 0.00, 0.00, 1.00, 0.00, 1.00, 0.00, 0.00, 0.00, 0.00, 0.00, 0.00
69,  0,  1.133,  0.98,  1, 0.19, 0.07, 1.19, 0.00, 0.51, 1.00, 0.00, 0.34, 0.25, 0.70, 0.08, 1.35, 0.13, 0.04, 0.21, 0.24, 0.29, 0.00, 0.00, 1.00, 0.00, 0.00, 1.00, 0.00, 0.00, 0.00, 1.00, 0.00, 1.00, 0.00, 0.00, 0.00, 0.00, 0.00, 0.00
70,  0,  1.150,  0.98,  1, 0.42, 0.07, 1.22, 0.00, 0.59, 0.86, 0.00, 0.38, 0.33, 0.74, 0.13, 1.37, 0.22, 0.00, 0.08, 0.30, 0.67, 0.00, 0.00, 1.00, 0.00, 0.00, 1.00, 0.00, 0.00, 0.00, 1.00, 0.00, 1.00, 0.00, 0.00, 0.00, 0.00, 0.00, 1.00
71,  0,  1.167,  0.98,  1, 0.53, 0.11, 1.12, 0.00, 0.61, 0.67, 0.00, 0.30, 0.42, 0.74, 0.29, 1.38, 0.25, 0.00, 0.11, 0.41, 1.02, 0.00, 0.00, 1.00, 0.00, 0.00, 1.00, 0.00, 0.00, 0.00, 1.00, 0.00, 1.00, 0.00, 0.00, 0.00, 0.00, 0.00, 1.00
72,  0,  1.183,  0.98,  1, 0.71, 0.28, 1.01, 0.00, 0.62, 0.73, 0.00, 0.39, 0.43, 0.72, 0.32, 1.29, 0.42, 0.00, 0.04, 0.35, 1.05, 0.00, 0.00, 1.00, 0.00, 0.00, 1.00, 0.00, 0.00, 0.00, 1.00, 0.00, 1.00, 0.00, 0.00, 0.00, 0.00, 0.00, 1.00
73,  0,  1.200,  0.98,  1, 0.69, 0.31, 1.28, 0.04, 0.64, 1.11, 0.00, 0.45, 0.45, 0.68, 0.51, 1.23, 0.27, 0.00, 0.03, 0.24, 0.91, 0.00, 0.00, 1.00, 0.00, 0.00, 1.00, 0.00, 0.00, 0.00, 1.00, 0.00, 1.00, 0.00, 0.00, 0.00, 0.00, 0.00, 1.00
74,  0,  1.217,  0.98,  1, 0.49, 0.27, 1.19, 0.04, 0.77, 1.47, 0.00, 0.46, 0.46, 0.67, 0.32, 1.27, 0.21, 0.00, 0.00, 0.14, 0.84, 0.00, 1.00, 1.00, 0.00, 0.00, 1.00, 0.00, 0.00, 0.00, 1.00, 0.00, 1.00, 0.00, 0.00, 0.00, 0.00, 0.00, 1.00
75,  0,  1.233,  0.98,  1, 0.37, 0.08, 1.44, 0.08, 0.80, 1.55, 0.00, 0.41, 0.41, 0.68, 0.33, 1.30, 0.04, 0.00, 0.00, 0.28, 0.74, 0.00, 1.00, 1.00, 0.00, 0.00, 1.00, 0.00, 0.00, 0.00, 1.00, 0.00, 1.00, 0.00, 0.00, 0.00, 0.00, 0.00, 1.00
76,  0,  1.250,  0.98,  1, 0.32, 0.13, 1.22, 0.05, 0.78, 1.61, 0.00, 0.36, 0.37, 0.75, 0.06, 1.46, 0.04, 0.00, 0.01, 0.34, 0.53, 0.00, 0.00, 1.00, 0.00, 0.00, 1.00, 0.00, 0.00, 0.00, 1.00, 0.00, 1.00, 0.00, 0.00, 0.00, 0.00, 0.00, 1.00
77,  0,  1.267,  0.98,  1, 0.37, 0.13, 1.32, 0.05, 0.68, 1.40, 0.00, 0.38, 0.39, 0.94, 0.11, 1.39, 0.00, 0.02, 0.01, 0.39, 0.25, 0.00, 0.00, 1.00, 0.00, 0.00, 1.00, 0.00, 0.00, 0.00, 1.00, 0.00, 1.00, 0.00, 0.00, 0.00, 0.00, 0.00, 0.00
78,  0,  1.283,  0.98,  1, 0.20, 0.08, 1.11, 0.00, 0.63, 1.17, 0.00, 0.35, 0.40, 0.95, 0.11, 1.41, 0.00, 0.02, 0.02, 0.38, 0.05, 0.00, 0.00, 1.00, 0.00, 0.00, 1.00, 0.00, 0.00, 0.00, 1.00, 0.00, 1.00, 0.00, 0.00, 0.00, 0.00, 0.00, 0.00
79,  0,  1.300,  0.98,  1, 0.17, 0.00, 1.03, 0.06, 0.61, 1.01, 0.00, 0.42, 0.40, 0.99, 0.25, 1.22, 0.00, 0.05, 0.02, 0.35, 0.01, 0.00, 0.00, 1.00, 0.00, 0.00, 1.00, 0.00, 0.00, 0.00, 1.00, 0.00, 1.00, 0.00, 0.00, 0.00, 0.00, 0.00, 0.00
80,  0,  1.317,  0.98,  1, 0.15, 0.06, 0.88, 0.06, 0.55, 1.07, 0.00, 0.40, 0.32, 0.96, 0.19, 1.26, 0.15, 0.05, 0.02, 0.21, 0.01, 0.00, 0.00, 1.00, 0.00, 0.00, 1.00, 0.00, 0.00, 0.00, 1.00, 0.00, 1.00, 0.00, 0.00, 0.00, 0.00, 0.00, 0.00
81,  0,  1.333,  0.98,  1, 0.15, 0.06, 0.94, 0.15, 0.49, 1.11, 0.00, 0.42, 0.28, 0.86, 0.23, 1.33, 0.15, 0.09, 0.04, 0.21, 0.00, 0.00, 0.00, 1.00, 0.00, 0.00, 1.00, 0.00, 0.00, 0.00, 1.00, 0.00, 1.00, 0.00, 0.00, 0.00, 0.00, 0.00, 0.00
82,  0,  1.350,  0.98,  1, 0.03, 0.06, 0.85, 0.09, 0.43, 0.78, 0.00, 0.28, 0.30, 0.84, 0.10, 1.24, 0.15, 0.06, 0.03, 0.18, 0.00, 0.00, 0.00, 1.00, 0.00, 0.00, 1.00, 0.00, 0.00, 0.00, 1.00, 0.00, 1.00, 0.00, 0.00, 0.00, 0.00, 0.00, 0.00
83,  0,  1.367,  0.98,  1, 0.02, 0.00, 0.96, 0.09, 0.41, 0.72, 0.00, 0.28, 0.29, 0.79, 0.18, 1.22, 0.03, 0.04, 0.03, 0.16, 0.00, 0.00, 0.00, 1.00, 0.00, 0.00, 1.00, 0.00, 0.00, 0.00, 1.00, 0.00, 1.00, 0.00, 0.00, 0.00, 0.00, 0.00, 0.00
84,  0,  1.383,  0.98,  1, 0.02, 0.00, 0.89, 0.00, 0.43, 0.59, 0.00, 0.25, 0.26, 0.84, 0.09, 1.06, 0.03, 0.02, 0.00, 0.01, 0.00, 0.00, 0.00, 1.00, 0.00, 0.00, 1.00, 0.00, 0.00, 0.00, 1.00, 0.00, 1.00, 0.00, 0.00, 0.00, 0.00, 0.00, 0.00
85,  0,  1.400,  0.98,  1, 0.02, 0.00, 1.04, 0.00, 0.44, 0.68, 0.00, 0.24, 0.25, 0.80, 0.20, 1.20, 0.03, 0.02, 0.05, 0.05, 0.00, 0.00, 0.00, 1.00, 0.00, 0.00, 1.00, 0.00, 0.00, 0.00, 1.00, 0.00, 1.00, 0.00, 0.00, 0.00, 0.00, 0.00, 0.00
86,  0,  1.417,  0.98,  1, 0.00, 0.00, 0.96, 0.00, 0.48, 0.69, 0.00, 0.26, 0.25, 0.93, 0.13, 1.30, 0.00, 0.02, 0.05, 0.08, 0.00, 0.00, 0.00, 1.00, 0.00, 0.00, 1.00, 0.00, 0.00, 0.00, 1.00, 0.00, 1.00, 0.00, 0.00, 0.00, 0.00, 0.00, 0.00
87,  0,  1.433,  0.98,  1, 0.04, 0.12, 1.04, 0.00, 0.58, 0.84, 0.00, 0.28, 0.33, 0.98, 0.13, 1.34, 0.00, 0.01, 0.05, 0.20, 0.00, 0.00, 0.00, 1.00, 0.00, 0.00, 1.00, 0.00, 0.00, 0.00, 1.00, 0.00, 1.00, 0.00, 0.00, 0.00, 0.00, 0.00, 0.00
88,  0,  1.450,  0.98,  1, 0.04, 0.12, 0.95, 0.00, 0.55, 0.90, 0.00, 0.22, 0.30, 0.92, 0.09, 1.23, 0.00, 0.03, 0.00, 0.25, 0.00, 0.00, 0.00, 1.00, 0.00, 0.00, 1.00, 0.00, 0.00, 0.00, 1.00, 0.00, 0.00, 0.00, 0.00, 0.00, 0.00, 0.00, 0.00
89,  0,  1.467,  0.98,  1, 0.09, 0.13, 1.07, 0.07, 0.55, 0.89, 0.00, 0.22, 0.32, 0.78, 0.09, 1.13, 0.00, 0.07, 0.00, 0.30, 0.00, 0.00, 0.00, 1.00, 0.00, 0.00, 1.00, 0.00, 0.00, 0.00, 1.00, 0.00, 0.00, 0.00, 0.00, 0.00, 0.00, 0.00, 0.00
90,  0,  1.483,  0.98,  1, 0.05, 0.01, 1.01, 0.07, 0.46, 0.87, 0.00, 0.20, 0.30, 0.76, 0.09, 1.06, 0.00, 0.08, 0.00, 0.19, 0.00, 0.00, 0.00, 1.00, 0.00, 0.00, 1.00, 0.00, 0.00, 0.00, 1.00, 0.00, 0.00, 0.00, 0.00, 0.00, 0.00, 0.00, 0.00
91,  0,  1.500,  0.98,  1, 0.09, 0.05, 1.12, 0.07, 0.44, 0.99, 0.00, 0.32, 0.29, 0.85, 0.01, 1.03, 0.00, 0.10, 0.01, 0.10, 0.00, 0.00, 0.00, 1.00, 0.00, 0.00, 1.00, 0.00, 0.00, 0.00, 1.00, 0.00, 0.00, 0.00, 0.00, 0.00, 0.00, 0.00, 0.00
92,  0,  1.517,  0.98,  1, 0.16, 0.04, 0.99, 0.12, 0.40, 1.04, 0.00, 0.37, 0.25, 0.74, 0.04, 0.91, 0.00, 0.09, 0.00, 0.08, 0.00, 0.00, 0.00, 1.00, 0.00, 0.00, 1.00, 0.00, 0.00, 0.00, 1.00, 0.00, 0.00, 0.00, 0.00, 0.00, 0.00, 0.00, 0.00
93,  0,  1.533,  0.98,  1, 0.20, 0.07, 1.05, 0.20, 0.41, 1.02, 0.00, 0.34, 0.24, 0.74, 0.04, 0.98, 0.01, 0.10, 0.00, 0.20, 0.00, 0.00, 0.00, 1.00, 0.00, 0.00, 1.00, 0.00, 0.00, 0.00, 1.00, 0.00, 0.00, 0.00, 0.00, 0.00, 0.00, 0.00, 0.00
94,  0,  1.550,  0.98,  1, 0.16, 0.04, 0.95, 0.22, 0.45, 1.16, 0.00, 0.28, 0.23, 0.77, 0.11, 1.24, 0.01, 0.13, 0.00, 0.29, 0.00, 0.00, 0.00, 1.00, 0.00, 0.00, 1.00, 0.00, 0.00, 0.00, 1.00, 0.00, 0.00, 0.00, 0.00, 0.00, 0.00, 0.00, 0.00
95,  0,  1.567,  0.98,  1, 0.05, 0.12, 1.10, 0.10, 0.45, 1.23, 0.00, 0.21, 0.29, 0.88, 0.07, 1.38, 0.01, 0.18, 0.00, 0.23, 0.00, 0.00, 0.00, 1.00, 0.00, 0.00, 1.00, 0.00, 0.00, 0.00, 1.00, 0.00, 0.00, 0.00, 0.00, 0.00, 0.00, 0.00, 0.00
96,  0,  1.583,  0.98,  1, 0.11, 0.10, 1.00, 0.05, 0.42, 1.19, 0.00, 0.23, 0.24, 0.82, 0.10, 1.42, 0.08, 0.22, 0.00, 0.26, 0.00, 0.00, 0.00, 1.00, 0.00, 0.00, 1.00, 0.00, 0.00, 0.00, 1.00, 0.00, 1.00, 0.00, 0.00, 0.00, 0.00, 0.00, 0.00
97,  0,  1.600,  0.98,  1, 0.13, 0.10, 1.08, 0.03, 0.36, 0.96, 0.00, 0.21, 0.20, 0.75, 0.03, 1.22, 0.15, 0.19, 0.00, 0.15, 0.00, 0.00, 0.00, 1.00, 0.00, 0.00, 1.00, 0.00, 0.00, 0.00, 1.00, 0.00, 1.00, 0.00, 0.00, 0.00, 0.00, 0.00, 0.00
98,  0,  1.617,  0.98,  1, 0.13, 0.03, 0.99, 0.03, 0.36, 0.72, 0.00, 0.16, 0.14, 0.74, 0.05, 1.23, 0.15, 0.14, 0.03, 0.30, 0.00, 0.00, 0.00, 1.00, 0.00, 0.00, 1.00, 0.00, 0.00, 0.00, 1.00, 0.00, 1.00, 0.00, 0.00, 0.00, 0.00, 0.00, 0.00
99,  0,  1.633,  0.98,  1, 0.05, 0.02, 1.14, 0.00, 0.32, 0.59, 0.00, 0.14, 0.16, 0.82, 0.06, 1.24, 0.06, 0.16, 0.10, 0.20, 0.00, 0.00, 0.00, 1.00, 0.00, 0.00, 0.00, 0.00, 0.00, 0.00, 1.00, 0.00, 0.00, 0.00, 0.00, 0.00, 0.00, 0.00, 0.00
100,  0,  1.650,  0.98,  1, 0.03, 0.02, 0.98, 0.01, 0.32, 0.53, 0.00, 0.24, 0.19, 0.90, 0.06, 1.22, 0.00, 0.13, 0.12, 0.26, 0.00, 0.00, 0.00, 1.00, 0.00, 0.00, 0.00, 0.00, 0.00, 0.00, 1.00, 0.00, 1.00, 0.00, 0.00, 0.00, 0.00, 0.00, 0.00
101,  0,  1.667,  0.98,  1, 0.02, 0.02, 1.03, 0.01, 0.34, 0.33, 0.00, 0.31, 0.23, 0.92, 0.03, 1.13, 0.00, 0.13, 0.16, 0.18, 0.00, 0.00, 0.00, 1.00, 0.00, 0.00, 0.00, 0.00, 0.00, 0.00, 1.00, 0.00, 0.00, 0.00, 0.00, 0.00, 0.00, 0.00, 0.00
102,  0,  1.683,  0.98,  1, 0.06, 0.00, 0.86, 0.13, 0.42, 0.47, 0.00, 0.34, 0.25, 0.86, 0.00, 1.17, 0.00, 0.06, 0.09, 0.33, 0.00, 0.00, 0.00, 1.00, 0.00, 0.00, 1.00, 0.00, 0.00, 0.00, 1.00, 0.00, 1.00, 0.00, 0.00, 0.00, 0.00, 0.00, 0.00
103,  0,  1.700,  0.98,  1, 0.06, 0.00, 1.05, 0.12, 0.50, 0.31, 0.00, 0.33, 0.34, 0.93, 0.03, 1.20, 0.00, 0.07, 0.07, 0.28, 0.00, 0.00, 0.00, 1.00, 0.00, 0.00, 0.00, 0.00, 0.00, 0.00, 1.00, 0.00, 1.00, 0.00, 0.00, 0.00, 0.00, 0.00, 0.00
104,  0,  1.717,  0.98,  1, 0.07, 0.15, 1.02, 0.12, 0.47, 0.67, 0.00, 0.22, 0.34, 1.02, 0.05, 1.29, 0.02, 0.10, 0.00, 0.26, 0.00, 0.00, 0.00, 1.00, 0.00, 0.00, 0.00, 0.00, 0.00, 0.00, 1.00, 0.00, 0.00, 0.00, 0.00, 0.00, 0.00, 0.00, 0.00
105,  0,  1.733,  0.98,  1, 0.03, 0.15, 1.07, 0.05, 0.47, 0.55, 0.00, 0.24, 0.37, 1.06, 0.05, 1.22, 0.02, 0.14, 0.00, 0.12, 0.00, 0.00, 0.00, 1.00, 0.00, 0.00, 0.00, 0.00, 0.00, 0.00, 1.00, 0.00, 1.00, 0.00, 0.00, 0.00, 0.00, 0.00, 0.00
106,  0,  1.750,  0.98,  1, 0.03, 0.15, 0.91, 0.05, 0.45, 0.58, 0.00, 0.19, 0.29, 0.91, 0.02, 1.22, 0.02, 0.15, 0.00, 0.18, 0.00, 0.00, 0.00, 1.00, 0.00, 0.00, 1.00, 0.00, 0.00, 0.00, 1.00, 0.00, 1.00, 0.00, 0.00, 0.00, 0.00, 0.00, 0.00
107,  0,  1.767,  0.98,  1, 0.00, 0.00, 0.87, 0.09, 0.41, 0.49, 0.00, 0.34, 0.31, 0.87, 0.07, 1.21, 0.00, 0.10, 0.00, 0.16, 0.00, 0.00, 0.00, 1.00, 0.00, 0.00, 1.00, 0.00, 0.00, 0.00, 1.00, 0.00, 1.00, 0.00, 0.00, 0.00, 0.00, 0.00, 0.00
108,  0,  1.783,  0.98,  1, 0.00, 0.04, 0.85, 0.17, 0.41, 0.52, 0.00, 0.29, 0.22, 0.71, 0.07, 1.08, 0.00, 0.14, 0.03, 0.16, 0.00, 0.00, 0.00, 1.00, 0.00, 0.00, 1.00, 0.00, 0.00, 0.00, 1.00, 0.00, 1.00, 0.00, 0.00, 0.00, 0.00, 0.00, 0.00
109,  0,  1.800,  0.98,  1, 0.11, 0.06, 1.03, 0.17, 0.41, 0.90, 0.00, 0.25, 0.25, 0.72, 0.13, 1.24, 0.00, 0.22, 0.03, 0.17, 0.00, 0.00, 1.00, 1.00, 0.00, 0.00, 1.00, 0.00, 0.00, 0.00, 1.00, 0.00, 1.00, 0.00, 0.00, 0.00, 0.00, 0.00, 0.00
110,  0,  1.817,  0.98,  1, 0.11, 0.06, 1.06, 0.12, 0.42, 1.00, 0.00, 0.23, 0.27, 0.72, 0.08, 1.16, 0.11, 0.20, 0.03, 0.18, 0.00, 0.00, 1.00, 1.00, 0.00, 0.00, 1.00, 0.00, 0.00, 0.00, 1.00, 0.00, 1.00, 0.00, 0.00, 0.00, 0.00, 0.00, 0.00
111,  0,  1.833,  0.98,  1, 0.11, 0.03, 1.19, 0.00, 0.39, 1.14, 0.00, 0.29, 0.33, 0.89, 0.08, 1.31, 0.11, 0.19, 0.05, 0.19, 0.00, 0.00, 1.00, 1.00, 0.00, 0.00, 1.00, 0.00, 0.00, 0.00, 1.00, 0.00, 1.00, 0.00, 0.00, 0.00, 0.00, 0.00, 0.00
112,  0,  1.850,  0.98,  1, 0.10, 0.00, 1.19, 0.04, 0.40, 0.93, 0.00, 0.35, 0.30, 0.93, 0.03, 1.19, 0.15, 0.11, 0.08, 0.16, 0.00, 0.00, 1.00, 1.00, 0.00, 0.00, 1.00, 0.00, 0.00, 0.00, 1.00, 0.00, 1.00, 0.00, 0.00, 0.00, 0.00, 0.00, 0.00
113,  0,  1.867,  0.98,  1, 0.15, 0.00, 1.14, 0.04, 0.40, 0.73, 0.00, 0.35, 0.29, 0.85, 0.05, 1.38, 0.05, 0.18, 0.14, 0.27, 0.00, 0.00, 0.00, 1.00, 0.00, 0.00, 1.00, 0.00, 0.00, 0.00, 1.00, 0.00, 1.00, 0.00, 0.00, 0.00, 0.00, 0.00, 0.00
114,  0,  1.883,  0.98,  1, 0.15, 0.00, 0.99, 0.04, 0.34, 0.44, 0.00, 0.34, 0.26, 0.62, 0.10, 1.36, 0.05, 0.18, 0.20, 0.26, 0.00, 0.00, 0.00, 1.00, 0.00, 0.00, 1.00, 0.00, 0.00, 0.00, 1.00, 0.00, 1.00, 0.00, 0.00, 0.00, 0.00, 0.00, 0.00
115,  0,  1.900,  0.98,  1, 0.05, 0.00, 0.83, 0.00, 0.31, 0.32, 0.00, 0.27, 0.29, 0.62, 0.09, 1.41, 0.02, 0.26, 0.18, 0.29, 0.00, 0.00, 0.00, 1.00, 0.00, 0.00, 1.00, 0.00, 0.00, 0.00, 1.00, 0.00, 1.00, 0.00, 0.00, 0.00, 0.00, 0.00, 0.00
116,  0,  1.917,  0.98,  1, 0.00, 0.00, 0.86, 0.17, 0.33, 0.32, 0.00, 0.18, 0.28, 0.73, 0.23, 1.38, 0.02, 0.27, 0.15, 0.38, 0.00, 0.00, 0.00, 1.00, 0.00, 0.00, 1.00, 0.00, 0.00, 0.00, 1.00, 0.00, 1.00, 0.00, 0.00, 0.00, 0.00, 0.00, 0.00
117,  0,  1.933,  0.98,  1, 0.00, 0.00, 0.99, 0.26, 0.39, 0.61, 0.00, 0.08, 0.24, 0.86, 0.20, 1.26, 0.02, 0.22, 0.04, 0.38, 0.00, 0.00, 0.00, 1.00, 0.00, 0.00, 1.00, 0.00, 0.00, 0.00, 1.00, 0.00, 1.00, 0.00, 0.00, 0.00, 0.00, 0.00, 0.00
118,  0,  1.950,  0.98,  1, 0.03, 0.00, 1.08, 0.27, 0.43, 0.57, 0.00, 0.13, 0.20, 0.79, 0.24, 1.19, 0.00, 0.15, 0.24, 0.35, 0.00, 0.00, 0.00, 1.00, 0.00, 0.00, 1.00, 0.00, 0.00, 0.00, 1.00, 0.00, 1.00, 0.00, 0.00, 0.00, 0.00, 0.00, 0.00
119,  0,  1.967,  0.98,  1, 0.03, 0.00, 1.12, 0.10, 0.48, 0.74, 0.00, 0.24, 0.20, 0.65, 0.15, 1.19, 0.00, 0.07, 0.19, 0.20, 0.00, 0.00, 0.00, 1.00, 0.00, 0.00, 1.00, 0.00, 0.00, 0.00, 1.00, 0.00, 1.00, 0.00, 0.00, 0.00, 0.00, 0.00, 0.00
120,  0,  1.983,  0.98,  1, 0.11, 0.03, 1.15, 0.01, 0.55, 0.78, 0.00, 0.39, 0.27, 0.73, 0.19, 1.25, 0.04, 0.04, 0.24, 0.14, 0.00, 0.00, 0.00, 1.00, 0.00, 0.00, 1.00, 0.00, 0.00, 0.00, 1.00, 0.00, 1.00, 0.00, 0.00, 0.00, 0.00, 0.00, 0.00
121,  0,  2.000,  0.98,  1, 0.28, 0.15, 1.21, 0.00, 0.63, 1.09, 0.00, 0.43, 0.33, 0.79, 0.15, 1.45, 0.04, 0.00, 0.14, 0.30, 0.26, 0.00, 0.00, 1.00, 0.00, 0.00, 1.00, 0.00, 0.00, 0.00, 1.00, 0.00, 1.00, 0.00, 0.00, 0.00, 0.00, 0.00, 0.00
122,  0,  2.017,  0.98,  1, 0.49, 0.15, 1.14, 0.00, 0.67, 1.04, 0.00, 0.38, 0.38, 0.78, 0.22, 1.52, 0.06, 0.00, 0.14, 0.36, 0.38, 0.00, 0.00, 1.00, 0.00, 0.00, 1.00, 0.00, 0.00, 0.00, 1.00, 0.00, 1.00, 0.00, 0.00, 0.00, 0.00, 0.00, 1.00
123,  0,  2.033,  0.98,  1, 0.72, 0.27, 1.03, 0.00, 0.58, 1.07, 0.00, 0.39, 0.42, 0.77, 0.19, 1.45, 0.20, 0.00, 0.09, 0.38, 0.70, 1.00, 0.00, 1.00, 0.00, 0.00, 1.00, 0.00, 0.00, 0.00, 1.00, 0.00, 1.00, 0.00, 0.00, 0.00, 0.00, 0.00, 1.00
124,  0,  2.050,  0.98,  1, 0.94, 0.22, 1.02, 0.00, 0.51, 0.98, 0.00, 0.51, 0.46, 0.70, 0.19, 1.26, 0.20, 0.00, 0.05, 0.25, 0.72, 1.00, 1.00, 1.00, 0.00, 0.00, 1.00, 0.00, 0.00, 0.00, 1.00, 0.00, 0.00, 0.00, 0.00, 0.00, 0.00, 0.00, 1.00
125,  0,  2.067,  0.98,  1, 0.90, 0.22, 1.06, 0.00, 0.49, 0.90, 0.00, 0.45, 0.42, 0.76, 0.10, 0.98, 0.18, 0.00, 0.07, 0.10, 0.87, 1.00, 1.00, 1.00, 0.00, 0.00, 1.00, 0.00, 0.00, 0.00, 1.00, 0.00, 0.00, 0.00, 0.00, 0.00, 0.00, 0.00, 1.00
126,  0,  2.083,  0.98,  1, 0.69, 0.08, 1.12, 0.00, 0.56, 0.60, 0.00, 0.43, 0.40, 0.71, 0.09, 1.08, 0.11, 0.00, 0.10, 0.12, 0.71, 0.00, 0.00, 1.00, 0.00, 0.00, 1.00, 0.00, 0.00, 0.00, 1.00, 0.00, 0.00, 0.00, 0.00, 0.00, 0.00, 0.00, 1.00
127,  0,  2.100,  0.98,  1, 0.32, 0.06, 1.10, 0.00, 0.64, 0.70, 0.00, 0.38, 0.39, 0.76, 0.09, 1.12, 0.21, 0.00, 0.05, 0.06, 0.53, 0.00, 0.00, 1.00, 0.00, 0.00, 1.00, 0.00, 0.00, 0.00, 1.00, 0.00, 0.00, 0.00, 0.00, 0.00, 0.00, 0.00, 1.00
128,  0,  2.117,  0.98,  1, 0.18, 0.06, 1.04, 0.00, 0.67, 0.87, 0.00, 0.49, 0.41, 0.81, 0.03, 1.26, 0.21, 0.00, 0.03, 0.14, 0.35, 0.00, 0.00, 1.00, 0.00, 0.00, 1.00, 0.00, 0.00, 0.00, 1.00, 0.00, 1.00, 0.00, 0.00, 0.00, 0.00, 0.00, 1.00
129,  0,  2.133,  0.98,  1, 0.16, 0.06, 0.97, 0.00, 0.65, 1.09, 0.00, 0.46, 0.39, 0.81, 0.02, 1.24, 0.11, 0.00, 0.00, 0.09, 0.27, 0.00, 0.00, 1.00, 0.00, 0.00, 1.00, 0.00, 0.00, 0.00, 1.00, 0.00, 1.00, 0.00, 0.00, 0.00, 0.00, 0.00, 1.00
130,  0,  2.150,  0.98,  1, 0.17, 0.03, 1.05, 0.00, 0.63, 0.92, 0.00, 0.39, 0.35, 0.70, 0.02, 1.24, 0.08, 0.00, 0.00, 0.16, 0.17, 0.00, 0.00, 1.00, 0.00, 0.00, 1.00, 0.00, 0.00, 0.00, 1.00, 0.00, 1.00, 0.00, 0.00, 0.00, 0.00, 0.00, 0.00
131,  0,  2.167,  0.98,  1, 0.26, 0.20, 1.06, 0.00, 0.60, 0.95, 0.00, 0.27, 0.30, 0.68, 0.06, 1.28, 0.08, 0.00, 0.00, 0.13, 0.08, 0.00, 0.00, 1.00, 0.00, 0.00, 1.00, 0.00, 0.00, 0.00, 1.00, 0.00, 1.00, 0.00, 0.00, 0.00, 0.00, 0.00, 0.00
132,  0,  2.183,  0.98,  1, 0.17, 0.20, 1.05, 0.00, 0.64, 0.90, 0.00, 0.22, 0.33, 0.66, 0.15, 1.23, 0.07, 0.00, 0.00, 0.17, 0.00, 0.00, 0.00, 1.00, 0.00, 0.00, 1.00, 0.00, 0.00, 0.00, 1.00, 0.00, 1.00, 0.00, 0.00, 0.00, 0.00, 0.00, 0.00
133,  0,  2.200,  0.98,  1, 0.11, 0.18, 0.83, 0.06, 0.53, 0.78, 0.00, 0.20, 0.32, 0.76, 0.15, 1.12, 0.00, 0.00, 0.10, 0.19, 0.00, 0.00, 0.00, 1.00, 0.00, 0.00, 1.00, 0.00, 0.00, 0.00, 1.00, 0.00, 1.00, 0.00, 0.00, 0.00, 0.00, 0.00, 0.00
134,  0,  2.217,  0.98,  1, 0.15, 0.01, 0.96, 0.06, 0.46, 0.66, 0.00, 0.33, 0.39, 0.67, 0.22, 1.12, 0.00, 0.01, 0.17, 0.26, 0.00, 0.00, 0.00, 1.00, 0.00, 0.00, 1.00, 0.00, 0.00, 0.00, 1.00, 0.00, 1.00, 0.00, 0.00, 0.00, 0.00, 0.00, 0.00
135,  0,  2.233,  0.98,  1, 0.15, 0.01, 0.97, 0.08, 0.39, 0.76, 0.00, 0.33, 0.41, 0.73, 0.12, 1.15, 0.00, 0.01, 0.20, 0.34, 0.00, 0.00, 0.00, 1.00, 0.00, 0.00, 1.00, 0.00, 0.00, 0.00, 1.00, 0.00, 1.00, 0.00, 0.00, 0.00, 0.00, 0.00, 0.00
136,  0,  2.250,  0.98,  1, 0.17, 0.01, 0.99, 0.08, 0.42, 0.96, 0.00, 0.36, 0.43, 0.66, 0.23, 1.18, 0.00, 0.01, 0.16, 0.33, 0.00, 0.00, 0.00, 1.00, 0.00, 0.00, 1.00, 0.00, 0.00, 0.00, 1.00, 0.00, 1.00, 0.00, 0.00, 0.00, 0.00, 0.00, 0.00
137,  0,  2.267,  0.98,  1, 0.19, 0.11, 0.84, 0.08, 0.48, 0.97, 0.00, 0.26, 0.33, 0.67, 0.11, 1.11, 0.00, 0.00, 0.09, 0.26, 0.00, 0.00, 0.00, 1.00, 0.00, 0.00, 1.00, 0.00, 0.00, 0.00, 1.00, 0.00, 1.00, 0.00, 0.00, 0.00, 0.00, 0.00, 0.00
138,  0,  2.283,  0.98,  1, 0.20, 0.12, 0.65, 0.05, 0.47, 0.78, 0.00, 0.33, 0.30, 0.76, 0.17, 1.19, 0.00, 0.03, 0.06, 0.24, 0.00, 0.00, 0.00, 1.00, 0.00, 0.00, 1.00, 0.00, 0.00, 0.00, 1.00, 0.00, 1.00, 0.00, 0.00, 0.00, 0.00, 0.00, 0.00
139,  0,  2.300,  0.98,  1, 0.17, 0.11, 0.69, 0.00, 0.48, 0.84, 0.00, 0.27, 0.30, 0.74, 0.06, 1.31, 0.00, 0.04, 0.03, 0.25, 0.00, 0.00, 0.00, 1.00, 0.00, 0.00, 1.00, 0.00, 0.00, 0.00, 1.00, 0.00, 1.00, 0.00, 0.00, 0.00, 0.00, 0.00, 0.00
140,  0,  2.317,  0.98,  1, 0.16, 0.06, 0.80, 0.00, 0.48, 1.06, 0.00, 0.26, 0.32, 0.72, 0.20, 1.44, 0.00, 0.08, 0.03, 0.24, 0.00, 0.00, 0.00, 1.00, 0.00, 0.00, 1.00, 0.00, 0.00, 0.00, 1.00, 0.00, 1.00, 0.00, 0.00, 0.00, 0.00, 0.00, 0.00
141,  0,  2.333,  0.98,  1, 0.15, 0.05, 1.11, 0.02, 0.46, 1.16, 0.00, 0.26, 0.30, 0.72, 0.17, 1.41, 0.00, 0.04, 0.03, 0.20, 0.00, 0.00, 0.00, 1.00, 0.00, 0.00, 1.00, 0.00, 0.00, 0.00, 1.00, 0.00, 1.00, 0.00, 0.00, 0.00, 0.00, 0.00, 0.00
142,  0,  2.350,  0.98,  1, 0.19, 0.05, 1.17, 0.02, 0.42, 1.01, 0.00, 0.41, 0.20, 0.82, 0.26, 1.42, 0.00, 0.08, 0.00, 0.15, 0.00, 0.00, 0.00, 1.00, 0.00, 0.00, 1.00, 0.00, 0.00, 0.00, 1.00, 0.00, 1.00, 0.00, 0.00, 0.00, 0.00, 0.00, 0.00
143,  0,  2.367,  0.98,  1, 0.09, 0.01, 1.18, 0.05, 0.38, 0.87, 0.00, 0.42, 0.19, 0.94, 0.12, 1.37, 0.00, 0.07, 0.00, 0.15, 0.00, 0.00, 0.00, 1.00, 0.00, 0.00, 1.00, 0.00, 0.00, 0.00, 1.00, 0.00, 1.00, 0.00, 0.00, 0.00, 0.00, 0.00, 0.00
144,  0,  2.383,  0.98,  1, 0.09, 0.01, 1.08, 0.03, 0.43, 0.93, 0.00, 0.38, 0.15, 0.68, 0.17, 1.31, 0.00, 0.13, 0.02, 0.10, 0.00, 0.00, 0.00, 1.00, 0.00, 0.00, 0.00, 0.00, 0.00, 0.00, 1.00, 0.00, 1.00, 0.00, 0.00, 0.00, 0.00, 0.00, 0.00
145,  0,  2.400,  0.98,  1, 0.16, 0.01, 0.98, 0.21, 0.40, 0.69, 0.00, 0.19, 0.22, 0.61, 0.10, 1.16, 0.00, 0.10, 0.02, 0.07, 0.00, 0.00, 0.00, 1.00, 0.00, 0.00, 0.00, 0.00, 0.00, 0.00, 1.00, 0.00, 1.00, 0.00, 0.00, 0.00, 0.00, 0.00, 0.00
146,  0,  2.417,  0.98,  1, 0.12, 0.00, 0.93, 0.19, 0.39, 0.44, 0.00, 0.17, 0.25, 0.57, 0.10, 1.15, 0.05, 0.11, 0.02, 0.05, 0.00, 0.00, 0.00, 1.00, 0.00, 0.00, 0.00, 0.00, 0.00, 0.00, 1.00, 0.00, 1.00, 0.00, 0.00, 0.00, 0.00, 0.00, 0.00
147,  0,  2.433,  0.98,  1, 0.12, 0.00, 0.82, 0.19, 0.38, 0.18, 0.00, 0.15, 0.26, 0.74, 0.03, 1.25, 0.06, 0.05, 0.04, 0.10, 0.00, 0.00, 0.00, 1.00, 0.00, 0.00, 0.00, 0.00, 0.00, 0.00, 1.00, 0.00, 1.00, 0.00, 0.00, 0.00, 0.00, 0.00, 0.00
148,  0,  2.450,  0.98,  1, 0.03, 0.00, 0.88, 0.01, 0.40, 0.39, 0.00, 0.22, 0.26, 0.82, 0.00, 1.38, 0.06, 0.09, 0.04, 0.13, 0.00, 0.00, 0.00, 1.00, 0.00, 0.00, 0.00, 0.00, 0.00, 0.00, 1.00, 0.00, 1.00, 0.00, 0.00, 0.00, 0.00, 0.00, 0.00
149,  0,  2.467,  0.98,  1, 0.04, 0.00, 0.98, 0.00, 0.39, 0.49, 0.00, 0.31, 0.23, 0.79, 0.00, 1.36, 0.02, 0.10, 0.04, 0.09, 0.00, 0.00, 0.00, 1.00, 0.00, 0.00, 0.00, 0.00, 0.00, 0.00, 1.00, 0.00, 1.00, 0.00, 0.00, 0.00, 0.00, 0.00, 0.00
150,  0,  2.483,  0.98,  1, 0.07, 0.00, 1.06, 0.00, 0.35, 0.74, 0.00, 0.36, 0.19, 0.86, 0.00, 1.35, 0.00, 0.17, 0.00, 0.06, 0.00, 0.00, 0.00, 1.00, 0.00, 0.00, 0.00, 0.00, 0.00, 0.00, 1.00, 0.00, 1.00, 0.00, 0.00, 0.00, 0.00, 0.00, 0.00
151,  0,  2.500,  0.98,  1, 0.04, 0.00, 1.12, 0.00, 0.36, 0.85, 0.00, 0.33, 0.13, 0.71, 0.10, 1.33, 0.19, 0.12, 0.07, 0.03, 0.00, 0.00, 0.00, 1.00, 0.00, 0.00, 0.00, 0.00, 0.00, 0.00, 1.00, 0.00, 1.00, 0.00, 0.00, 0.00, 0.00, 0.00, 0.00
152,  0,  2.517,  0.98,  1, 0.02, 0.00, 1.20, 0.00, 0.33, 0.79, 0.00, 0.19, 0.21, 0.72, 0.10, 1.26, 0.19, 0.08, 0.10, 0.10, 0.00, 0.00, 0.00, 1.00, 0.00, 0.00, 0.00, 0.00, 0.00, 0.00, 1.00, 0.00, 1.00, 0.00, 0.00, 0.00, 0.00, 0.00, 0.00
153,  0,  2.533,  0.98,  1, 0.00, 0.00, 1.25, 0.05, 0.39, 0.50, 0.00, 0.06, 0.26, 0.65, 0.10, 1.15, 0.22, 0.06, 0.15, 0.15, 0.00, 0.00, 0.00, 1.00, 0.00, 0.00, 0.00, 0.00, 0.00, 0.00, 1.00, 0.00, 1.00, 0.00, 0.00, 0.00, 0.00, 0.00, 0.00
154,  0,  2.550,  0.98,  1, 0.03, 0.00, 1.21, 0.05, 0.40, 0.51, 0.00, 0.15, 0.31, 0.71, 0.09, 1.19, 0.03, 0.10, 0.08, 0.21, 0.00, 0.00, 0.00, 1.00, 0.00, 0.00, 0.00, 0.00, 0.00, 0.00, 1.00, 0.00, 1.00, 0.00, 0.00, 0.00, 0.00, 0.00, 0.00
155,  0,  2.567,  0.98,  1, 0.10, 0.00, 1.11, 0.05, 0.46, 0.36, 0.00, 0.19, 0.26, 0.68, 0.12, 1.27, 0.07, 0.12, 0.06, 0.23, 0.00, 0.00, 0.00, 1.00, 0.00, 0.00, 0.00, 0.00, 0.00, 0.00, 1.00, 0.00, 1.00, 0.00, 0.00, 0.00, 0.00, 0.00, 0.00
156,  0,  2.583,  0.98,  1, 0.18, 0.02, 1.24, 0.00, 0.44, 0.56, 0.00, 0.26, 0.29, 0.65, 0.16, 1.41, 0.04, 0.11, 0.02, 0.18, 0.00, 0.00, 0.00, 1.00, 0.00, 0.00, 0.00, 0.00, 0.00, 0.00, 1.00, 0.00, 1.00, 0.00, 0.00, 0.00, 0.00, 0.00, 0.00
157,  0,  2.600,  0.98,  1, 0.19, 0.02, 1.18, 0.00, 0.38, 0.29, 0.00, 0.21, 0.30, 0.71, 0.06, 1.38, 0.04, 0.09, 0.05, 0.20, 0.00, 0.00, 0.00, 1.00, 0.00, 0.00, 0.00, 0.00, 0.00, 0.00, 1.00, 0.00, 1.00, 0.00, 0.00, 0.00, 0.00, 0.00, 0.00
158,  0,  2.617,  0.98,  1, 0.27, 0.05, 1.11, 0.00, 0.37, 0.52, 0.00, 0.15, 0.29, 0.84, 0.04, 1.32, 0.02, 0.12, 0.15, 0.26, 0.00, 0.00, 0.00, 1.00, 0.00, 0.00, 0.00, 0.00, 0.00, 0.00, 1.00, 0.00, 1.00, 0.00, 0.00, 0.00, 0.00, 0.00, 0.00
159,  0,  2.633,  0.98,  1, 0.19, 0.03, 0.82, 0.17, 0.25, 0.43, 0.00, 0.10, 0.20, 0.88, 0.07, 1.25, 0.10, 0.11, 0.24, 0.23, 0.00, 0.00, 0.00, 1.00, 0.00, 0.00, 0.00, 0.00, 0.00, 0.00, 1.00, 0.00, 1.00, 0.00, 0.00, 0.00, 0.00, 0.00, 0.00
160,  0,  2.650,  0.98,  1, 0.15, 0.03, 0.81, 0.27, 0.33, 0.50, 0.00, 0.15, 0.16, 0.99, 0.07, 1.25, 0.10, 0.10, 0.23, 0.17, 0.00, 0.00, 0.00, 1.00, 0.00, 0.00, 0.00, 0.00, 0.00, 0.00, 1.00, 0.00, 1.00, 0.00, 0.00, 0.00, 0.00, 0.00, 0.00
161,  0,  2.667,  0.98,  1, 0.06, 0.00, 0.88, 0.27, 0.35, 0.56, 0.00, 0.20, 0.13, 0.94, 0.22, 1.29, 0.08, 0.08, 0.17, 0.03, 0.00, 0.00, 0.00, 1.00, 0.00, 0.00, 0.00, 0.00, 0.00, 0.00, 1.00, 0.00, 1.00, 0.00, 0.00, 0.00, 0.00, 0.00, 0.00
162,  0,  2.683,  0.98,  1, 0.20, 0.00, 0.98, 0.11, 0.40, 0.69, 0.00, 0.35, 0.18, 0.94, 0.18, 1.37, 0.00, 0.06, 0.10, 0.13, 0.00, 0.00, 0.00, 1.00, 0.00, 0.00, 0.00, 0.00, 0.00, 0.00, 1.00, 0.00, 1.00, 0.00, 0.00, 0.00, 0.00, 0.00, 0.00
163,  0,  2.700,  0.98,  1, 0.20, 0.00, 0.88, 0.00, 0.28, 0.94, 0.00, 0.26, 0.18, 0.83, 0.31, 1.30, 0.00, 0.06, 0.14, 0.12, 0.00, 0.00, 0.00, 1.00, 0.00, 0.00, 0.00, 0.00, 0.00, 0.00, 1.00, 0.00, 1.00, 0.00, 0.00, 0.00, 0.00, 0.00, 0.00
164,  0,  2.717,  0.98,  1, 0.15, 0.00, 0.78, 0.12, 0.31, 0.83, 0.00, 0.26, 0.25, 0.88, 0.23, 1.33, 0.00, 0.06, 0.13, 0.11, 0.00, 0.00, 0.00, 1.00, 0.00, 0.00, 0.00, 0.00, 0.00, 0.00, 1.00, 0.00, 1.00, 0.00, 0.00, 0.00, 0.00, 0.00, 0.00
165,  0,  2.733,  0.98,  1, 0.01, 0.00, 0.91, 0.17, 0.31, 0.90, 0.00, 0.23, 0.25, 0.81, 0.21, 1.28, 0.00, 0.12, 0.11, 0.02, 0.00, 0.00, 0.00, 1.00, 0.00, 0.00, 0.00, 0.00, 0.00, 0.00, 1.00, 0.00, 1.00, 0.00, 0.00, 0.00, 0.00, 0.00, 0.00
166,  0,  2.750,  0.98,  1, 0.01, 0.00, 0.99, 0.17, 0.34, 0.73, 0.00, 0.19, 0.24, 0.78, 0.17, 1.34, 0.00, 0.17, 0.17, 0.00, 0.00, 0.00, 0.00, 1.00, 0.00, 0.00, 0.00, 0.00, 0.00, 0.00, 1.00, 0.00, 1.00, 0.00, 0.00, 0.00, 0.00, 0.00, 0.00
167,  0,  2.767,  0.98,  1, 0.03, 0.00, 1.15, 0.14, 0.32, 0.83, 0.00, 0.26, 0.20, 0.81, 0.18, 1.30, 0.00, 0.14, 0.13, 0.02, 0.00, 0.00, 0.00, 1.00, 0.00, 0.00, 1.00, 0.00, 0.00, 0.00, 1.00, 0.00, 1.00, 0.00, 0.00, 0.00, 0.00, 0.00, 0.00
168,  0,  2.783,  0.98,  1, 0.11, 0.00, 1.14, 0.34, 0.41, 0.88, 0.00, 0.23, 0.20, 0.94, 0.18, 1.21, 0.00, 0.12, 0.17, 0.07, 0.00, 0.00, 0.00, 1.00, 0.00, 0.00, 1.00, 0.00, 0.00, 0.00, 1.00, 0.00, 1.00, 0.00, 0.00, 0.00, 0.00, 0.00, 0.00
169,  0,  2.800,  0.98,  1, 0.14, 0.00, 1.22, 0.49, 0.47, 0.95, 0.00, 0.35, 0.22, 0.98, 0.17, 1.29, 0.00, 0.12, 0.17, 0.11, 0.00, 0.00, 0.00, 1.00, 0.00, 0.00, 1.00, 0.00, 0.00, 0.00, 1.00, 0.00, 1.00, 0.00, 0.00, 0.00, 0.00, 0.00, 0.00
170,  0,  2.817,  0.98,  1, 0.12, 0.00, 1.21, 0.42, 0.47, 1.01, 0.00, 0.35, 0.23, 0.98, 0.13, 1.21, 0.01, 0.10, 0.15, 0.09, 0.00, 0.00, 0.00, 1.00, 0.00, 0.00, 1.00, 0.00, 0.00, 0.00, 1.00, 0.00, 1.00, 0.00, 0.00, 0.00, 0.00, 0.00, 0.00
171,  0,  2.833,  0.98,  1, 0.12, 0.00, 1.14, 0.18, 0.38, 0.88, 0.00, 0.33, 0.21, 0.85, 0.30, 1.29, 0.04, 0.07, 0.14, 0.05, 0.00, 0.00, 0.00, 1.00, 0.00, 0.00, 1.00, 0.00, 0.00, 0.00, 1.00, 0.00, 1.00, 0.00, 0.00, 0.00, 0.00, 0.00, 0.00
172,  0,  2.850,  0.98,  1, 0.17, 0.08, 1.06, 0.13, 0.37, 0.89, 0.00, 0.28, 0.22, 0.92, 0.32, 1.21, 0.04, 0.06, 0.04, 0.01, 0.00, 0.00, 0.00, 1.00, 0.00, 0.00, 1.00, 0.00, 0.00, 0.00, 1.00, 0.00, 1.00, 0.00, 0.00, 0.00, 0.00, 0.00, 0.00
173,  0,  2.867,  0.98,  1, 0.20, 0.10, 0.98, 0.28, 0.31, 0.62, 0.00, 0.26, 0.23, 0.75, 0.39, 1.29, 0.02, 0.10, 0.04, 0.00, 0.00, 0.00, 0.00, 1.00, 0.00, 0.00, 1.00, 0.00, 0.00, 0.00, 1.00, 0.00, 1.00, 0.00, 0.00, 0.00, 0.00, 0.00, 0.00
174,  0,  2.883,  0.98,  1, 0.18, 0.14, 1.10, 0.38, 0.43, 0.79, 0.00, 0.27, 0.23, 0.92, 0.34, 1.41, 0.02, 0.17, 0.02, 0.02, 0.00, 0.00, 0.00, 1.00, 0.00, 0.00, 1.00, 0.00, 0.00, 0.00, 1.00, 0.00, 1.00, 0.00, 0.00, 0.00, 0.00, 0.00, 0.00
175,  0,  2.900,  0.98,  1, 0.09, 0.05, 1.22, 0.29, 0.43, 0.85, 0.00, 0.32, 0.28, 0.83, 0.23, 1.40, 0.02, 0.13, 0.00, 0.03, 0.00, 0.00, 0.00, 1.00, 0.00, 0.00, 0.00, 0.00, 0.00, 0.00, 1.00, 0.00, 1.00, 0.00, 0.00, 0.00, 0.00, 0.00, 0.00
176,  0,  2.917,  0.98,  1, 0.13, 0.04, 1.19, 0.11, 0.57, 1.17, 0.00, 0.38, 0.33, 0.85, 0.16, 1.46, 0.02, 0.10, 0.00, 0.09, 0.00, 0.00, 0.00, 1.00, 0.00, 0.00, 1.00, 0.00, 0.00, 0.00, 1.00, 0.00, 1.00, 0.00, 0.00, 0.00, 0.00, 0.00, 0.00
177,  0,  2.933,  0.98,  1, 0.08, 0.08, 1.03, 0.00, 0.51, 1.10, 0.00, 0.38, 0.42, 0.80, 0.05, 1.34, 0.00, 0.02, 0.00, 0.20, 0.14, 0.00, 0.00, 1.00, 0.00, 0.00, 1.00, 0.00, 0.00, 0.00, 1.00, 0.00, 1.00, 0.00, 0.00, 0.00, 0.00, 0.00, 0.00
178,  0,  2.950,  0.98,  1, 0.30, 0.13, 1.00, 0.00, 0.56, 0.88, 0.00, 0.46, 0.46, 0.84, 0.11, 1.29, 0.00, 0.00, 0.03, 0.19, 0.32, 0.00, 0.00, 1.00, 0.00, 0.00, 1.00, 0.00, 0.00, 0.00, 1.00, 0.00, 1.00, 0.00, 0.00, 0.00, 0.00, 0.00, 1.00
179,  0,  2.967,  0.98,  1, 0.47, 0.13, 1.08, 0.00, 0.52, 0.64, 0.00, 0.46, 0.51, 0.90, 0.14, 1.18, 0.03, 0.00, 0.16, 0.24, 0.40, 0.00, 0.00, 1.00, 0.00, 0.00, 1.00, 0.00, 0.00, 0.00, 1.00, 0.00, 1.00, 0.00, 0.00, 0.00, 0.00, 0.00, 1.00
180,  0,  2.983,  0.98,  1, 0.61, 0.16, 1.20, 0.00, 0.54, 0.33, 0.00, 0.49, 0.52, 0.91, 0.31, 1.18, 0.03, 0.00, 0.16, 0.30, 0.63, 0.00, 0.00, 1.00, 0.00, 0.00, 1.00, 0.00, 0.00, 0.00, 1.00, 0.00, 1.00, 0.00, 0.00, 0.00, 0.00, 0.00, 1.00
181,  0,  3.000,  0.98,  1, 0.44, 0.11, 1.14, 0.00, 0.52, 0.62, 0.00, 0.52, 0.50, 0.86, 0.50, 1.16, 0.05, 0.00, 0.22, 0.38, 0.71, 0.00, 0.00, 1.00, 0.00, 0.00, 1.00, 0.00, 0.00, 0.00, 1.00, 0.00, 1.00, 0.00, 0.00, 0.00, 0.00, 0.00, 1.00
182,  0,  3.017,  0.98,  1, 0.30, 0.17, 1.06, 0.00, 0.58, 0.72, 0.00, 0.54, 0.43, 0.78, 0.49, 1.25, 0.02, 0.00, 0.16, 0.38, 0.90, 0.00, 0.00, 1.00, 0.00, 0.00, 1.00, 0.00, 0.00, 0.00, 1.00, 0.00, 1.00, 0.00, 0.00, 0.00, 0.00, 0.00, 1.00
183,  0,  3.033,  0.98,  1, 0.14, 0.06, 1.03, 0.00, 0.58, 1.06, 0.00, 0.52, 0.38, 0.79, 0.32, 1.16, 0.15, 0.00, 0.17, 0.37, 0.77, 0.00, 0.00, 1.00, 0.00, 0.00, 1.00, 0.00, 0.00, 0.00, 1.00, 0.00, 1.00, 0.00, 0.00, 0.00, 0.00, 0.00, 1.00
184,  0,  3.050,  0.98,  1, 0.10, 0.06, 1.12, 0.00, 0.63, 1.22, 0.00, 0.41, 0.31, 0.88, 0.18, 1.21, 0.14, 0.00, 0.11, 0.35, 0.53, 0.00, 0.00, 1.00, 0.00, 0.00, 1.00, 0.00, 0.00, 0.00, 1.00, 0.00, 1.00, 0.00, 0.00, 0.00, 0.00, 0.00, 1.00
185,  0,  3.067,  0.98,  1, 0.09, 0.06, 1.31, 0.01, 0.63, 1.42, 0.00, 0.40, 0.32, 0.74, 0.19, 1.19, 0.14, 0.00, 0.03, 0.33, 0.25, 0.00, 0.00, 1.00, 0.00, 0.00, 1.00, 0.00, 0.00, 0.00, 1.00, 0.00, 1.00, 0.00, 0.00, 0.00, 0.00, 0.00, 1.00
186,  0,  3.083,  0.98,  1, 0.09, 0.06, 1.29, 0.05, 0.62, 1.51, 0.00, 0.50, 0.32, 0.75, 0.19, 1.21, 0.00, 0.00, 0.03, 0.20, 0.02, 0.00, 0.00, 1.00, 0.00, 0.00, 1.00, 0.00, 0.00, 0.00, 1.00, 0.00, 1.00, 0.00, 0.00, 0.00, 0.00, 0.00, 1.00
187,  0,  3.100,  0.98,  1, 0.15, 0.06, 1.18, 0.05, 0.61, 1.12, 0.00, 0.46, 0.36, 0.74, 0.07, 1.35, 0.00, 0.00, 0.01, 0.28, 0.01, 0.00, 0.00, 1.00, 0.00, 0.00, 1.00, 0.00, 0.00, 0.00, 1.00, 0.00, 1.00, 0.00, 0.00, 0.00, 0.00, 0.00, 0.00
188,  0,  3.117,  0.98,  1, 0.06, 0.00, 1.07, 0.13, 0.56, 1.09, 0.00, 0.48, 0.34, 0.85, 0.07, 1.39, 0.00, 0.00, 0.01, 0.33, 0.02, 0.00, 0.00, 1.00, 0.00, 0.00, 1.00, 0.00, 0.00, 0.00, 1.00, 0.00, 1.00, 0.00, 0.00, 0.00, 0.00, 0.00, 0.00
189,  0,  3.133,  0.98,  1, 0.06, 0.12, 1.01, 0.09, 0.50, 0.98, 0.00, 0.38, 0.34, 0.78, 0.12, 1.38, 0.00, 0.00, 0.00, 0.33, 0.02, 0.00, 0.00, 1.00, 0.00, 0.00, 1.00, 0.00, 0.00, 0.00, 1.00, 0.00, 1.00, 0.00, 0.00, 0.00, 0.00, 0.00, 0.00
190,  0,  3.150,  0.98,  1, 0.03, 0.12, 1.08, 0.09, 0.52, 1.05, 0.00, 0.37, 0.28, 0.94, 0.12, 1.31, 0.00, 0.04, 0.00, 0.20, 0.01, 0.00, 0.00, 1.00, 0.00, 0.00, 1.00, 0.00, 0.00, 0.00, 1.00, 0.00, 1.00, 0.00, 0.00, 0.00, 0.00, 0.00, 0.00
191,  0,  3.167,  0.98,  1, 0.19, 0.12, 1.07, 0.00, 0.54, 1.07, 0.00, 0.39, 0.27, 1.07, 0.18, 1.26, 0.00, 0.04, 0.00, 0.08, 0.00, 0.00, 0.00, 1.00, 0.00, 0.00, 0.00, 0.00, 0.00, 0.00, 1.00, 0.00, 1.00, 0.00, 0.00, 0.00, 0.00, 0.00, 0.00
192,  0,  3.183,  0.98,  1, 0.28, 0.00, 1.09, 0.05, 0.57, 0.83, 0.00, 0.29, 0.28, 1.01, 0.22, 1.35, 0.02, 0.05, 0.00, 0.03, 0.00, 0.00, 0.00, 1.00, 0.00, 0.00, 0.00, 0.00, 0.00, 0.00, 1.00, 0.00, 1.00, 0.00, 0.00, 0.00, 0.00, 0.00, 0.00
193,  0,  3.200,  0.98,  1, 0.25, 0.00, 1.01, 0.05, 0.48, 0.92, 0.00, 0.24, 0.28, 0.78, 0.29, 1.36, 0.02, 0.04, 0.00, 0.10, 0.00, 0.00, 0.00, 1.00, 0.00, 0.00, 0.00, 0.00, 0.00, 0.00, 1.00, 0.00, 1.00, 0.00, 0.00, 0.00, 0.00, 0.00, 0.00
194,  0,  3.217,  0.98,  1, 0.10, 0.00, 0.86, 0.13, 0.43, 0.74, 0.00, 0.05, 0.31, 0.70, 0.19, 1.27, 0.02, 0.06, 0.02, 0.08, 0.00, 0.00, 0.00, 1.00, 0.00, 0.00, 0.00, 0.00, 0.00, 0.00, 1.00, 0.00, 1.00, 0.00, 0.00, 0.00, 0.00, 0.00, 0.00
195,  0,  3.233,  0.98,  1, 0.04, 0.00, 0.79, 0.17, 0.45, 0.76, 0.00, 0.20, 0.30, 0.79, 0.10, 1.12, 0.00, 0.04, 0.13, 0.12, 0.00, 0.00, 0.00, 1.00, 0.00, 0.00, 0.00, 0.00, 0.00, 0.00, 1.00, 0.00, 1.00, 0.00, 0.00, 0.00, 0.00, 0.00, 0.00
196,  0,  3.250,  0.98,  1, 0.04, 0.00, 0.73, 0.23, 0.49, 0.55, 0.00, 0.32, 0.26, 0.82, 0.03, 1.07, 0.01, 0.07, 0.13, 0.10, 0.00, 0.00, 0.00, 1.00, 0.00, 0.00, 0.00, 0.00, 0.00, 0.00, 1.00, 0.00, 1.00, 0.00, 0.00, 0.00, 0.00, 0.00, 0.00
197,  0,  3.267,  0.98,  1, 0.03, 0.10, 0.95, 0.23, 0.55, 0.52, 0.00, 0.42, 0.23, 0.83, 0.00, 1.04, 0.01, 0.05, 0.16, 0.13, 0.00, 0.00, 0.00, 1.00, 0.00, 0.00, 0.00, 0.00, 0.00, 0.00, 1.00, 0.00, 1.00, 0.00, 0.00, 0.00, 0.00, 0.00, 0.00
198,  0,  3.283,  0.98,  1, 0.02, 0.10, 0.99, 0.27, 0.52, 0.69, 0.00, 0.38, 0.20, 0.67, 0.02, 1.17, 0.01, 0.05, 0.05, 0.08, 0.00, 0.00, 0.00, 1.00, 0.00, 0.00, 0.00, 0.00, 0.00, 0.00, 1.00, 0.00, 1.00, 0.00, 0.00, 0.00, 0.00, 0.00, 0.00
199,  0,  3.300,  0.98,  1, 0.02, 0.10, 1.08, 0.24, 0.50, 0.82, 0.00, 0.34, 0.23, 0.55, 0.06, 1.35, 0.00, 0.09, 0.05, 0.06, 0.00, 0.00, 0.00, 1.00, 0.00, 0.00, 0.00, 0.00, 0.00, 0.00, 1.00, 0.00, 1.00, 0.00, 0.00, 0.00, 0.00, 0.00, 0.00
200,  0,  3.317,  0.98,  1, 0.04, 0.00, 0.98, 0.17, 0.46, 0.89, 0.00, 0.26, 0.23, 0.53, 0.23, 1.53, 0.04, 0.13, 0.00, 0.13, 0.00, 0.00, 0.00, 1.00, 0.00, 0.00, 1.00, 0.00, 0.00, 0.00, 1.00, 0.00, 1.00, 0.00, 0.00, 0.00, 0.00, 0.00, 0.00
201,  0,  3.333,  0.98,  1, 0.04, 0.00, 0.97, 0.04, 0.43, 0.88, 0.00, 0.27, 0.24, 0.57, 0.21, 1.40, 0.04, 0.15, 0.03, 0.19, 0.00, 0.00, 0.00, 1.00, 0.00, 0.00, 1.00, 0.00, 0.00, 0.00, 1.00, 0.00, 1.00, 0.00, 0.00, 0.00, 0.00, 0.00, 0.00
202,  0,  3.350,  0.98,  1, 0.15, 0.09, 1.04, 0.00, 0.41, 0.83, 0.00, 0.22, 0.22, 0.72, 0.25, 1.30, 0.09, 0.12, 0.03, 0.16, 0.00, 0.00, 0.00, 1.00, 0.00, 0.00, 1.00, 0.00, 0.00, 0.00, 1.00, 0.00, 1.00, 0.00, 0.00, 0.00, 0.00, 0.00, 0.00
203,  0,  3.367,  0.98,  1, 0.14, 0.11, 0.93, 0.10, 0.36, 0.89, 0.00, 0.17, 0.17, 0.80, 0.08, 1.24, 0.05, 0.16, 0.03, 0.06, 0.00, 0.00, 0.00, 1.00, 0.00, 0.00, 1.00, 0.00, 0.00, 0.00, 1.00, 0.00, 1.00, 0.00, 0.00, 0.00, 0.00, 0.00, 0.00
204,  0,  3.383,  0.98,  1, 0.13, 0.11, 0.93, 0.10, 0.38, 0.62, 0.00, 0.15, 0.20, 0.96, 0.10, 1.41, 0.05, 0.20, 0.00, 0.16, 0.00, 0.00, 0.00, 1.00, 0.00, 0.00, 1.00, 0.00, 0.00, 0.00, 1.00, 0.00, 1.00, 0.00, 0.00, 0.00, 0.00, 0.00, 0.00
205,  0,  3.400,  0.98,  1, 0.07, 0.02, 0.95, 0.10, 0.41, 0.68, 0.00, 0.14, 0.22, 0.89, 0.02, 1.38, 0.02, 0.22, 0.04, 0.26, 0.00, 0.00, 0.00, 1.00, 0.00, 0.00, 1.00, 0.00, 0.00, 0.00, 1.00, 0.00, 1.00, 0.00, 0.00, 0.00, 0.00, 0.00, 0.00
206,  0,  3.417,  0.98,  1, 0.05, 0.00, 0.92, 0.03, 0.35, 0.48, 0.00, 0.14, 0.23, 0.87, 0.08, 1.33, 0.10, 0.16, 0.08, 0.26, 0.00, 0.00, 0.00, 1.00, 0.00, 0.00, 0.00, 0.00, 0.00, 0.00, 1.00, 0.00, 1.00, 0.00, 0.00, 0.00, 0.00, 0.00, 0.00
207,  0,  3.433,  0.98,  1, 0.05, 0.00, 0.91, 0.03, 0.29, 0.76, 0.00, 0.10, 0.23, 0.86, 0.06, 1.28, 0.10, 0.17, 0.13, 0.10, 0.00, 0.00, 0.00, 1.00, 0.00, 0.00, 0.00, 0.00, 0.00, 0.00, 1.00, 0.00, 1.00, 0.00, 0.00, 0.00, 0.00, 0.00, 0.00
208,  0,  3.450,  0.98,  1, 0.03, 0.00, 0.94, 0.03, 0.31, 0.73, 0.00, 0.15, 0.26, 0.85, 0.06, 1.26, 0.14, 0.15, 0.09, 0.11, 0.00, 0.00, 0.00, 1.00, 0.00, 0.00, 0.00, 0.00, 0.00, 0.00, 1.00, 0.00, 1.00, 0.00, 0.00, 0.00, 0.00, 0.00, 0.00
209,  0,  3.467,  0.98,  1, 0.03, 0.00, 1.02, 0.00, 0.27, 0.94, 0.00, 0.25, 0.28, 0.82, 0.01, 1.22, 0.06, 0.18, 0.04, 0.11, 0.00, 0.00, 0.00, 1.00, 0.00, 0.00, 0.00, 0.00, 0.00, 0.00, 1.00, 0.00, 1.00, 0.00, 0.00, 0.00, 0.00, 0.00, 0.00
210,  0,  3.483,  0.98,  1, 0.10, 0.08, 1.14, 0.00, 0.28, 0.78, 0.00, 0.27, 0.24, 0.74, 0.02, 1.30, 0.06, 0.20, 0.00, 0.19, 0.00, 0.00, 0.00, 1.00, 0.00, 0.00, 0.00, 0.00, 0.00, 0.00, 1.00, 0.00, 1.00, 0.00, 0.00, 0.00, 0.00, 0.00, 0.00
211,  0,  3.500,  0.98,  1, 0.06, 0.08, 1.10, 0.12, 0.24, 0.93, 0.00, 0.27, 0.23, 0.78, 0.02, 1.34, 0.00, 0.20, 0.00, 0.18, 0.00, 0.00, 0.00, 1.00, 0.00, 0.00, 0.00, 0.00, 0.00, 0.00, 1.00, 0.00, 1.00, 0.00, 0.00, 0.00, 0.00, 0.00, 0.00
212,  0,  3.517,  0.98,  1, 0.16, 0.08, 1.13, 0.12, 0.39, 0.79, 0.00, 0.29, 0.24, 0.77, 0.05, 1.34, 0.00, 0.15, 0.04, 0.35, 0.00, 0.00, 0.00, 1.00, 0.00, 0.00, 0.00, 0.00, 0.00, 0.00, 1.00, 0.00, 1.00, 0.00, 0.00, 0.00, 0.00, 0.00, 0.00
213,  0,  3.533,  0.98,  1, 0.25, 0.21, 1.11, 0.12, 0.57, 1.06, 0.00, 0.28, 0.28, 0.83, 0.05, 1.39, 0.14, 0.07, 0.04, 0.42, 0.17, 0.00, 0.00, 1.00, 0.00, 0.00, 0.00, 0.00, 0.00, 0.00, 1.00, 0.00, 1.00, 0.00, 0.00, 0.00, 0.00, 0.00, 0.00
214,  0,  3.550,  0.98,  1, 0.48, 0.38, 1.07, 0.00, 0.60, 0.78, 0.00, 0.30, 0.39, 0.86, 0.16, 1.40, 0.14, 0.00, 0.04, 0.51, 0.31, 0.00, 0.00, 1.00, 0.00, 0.00, 0.00, 0.00, 0.00, 0.00, 1.00, 0.00, 1.00, 0.00, 0.00, 0.00, 0.00, 0.00, 1.00
215,  0,  3.567,  0.98,  1, 0.73, 0.65, 1.08, 0.00, 0.60, 0.64, 0.00, 0.44, 0.45, 0.78, 0.29, 1.46, 0.16, 0.00, 0.00, 0.33, 0.62, 0.00, 1.00, 1.00, 0.00, 0.00, 0.00, 0.00, 0.00, 0.00, 1.00, 0.00, 1.00, 0.00, 0.00, 0.00, 0.00, 0.00, 1.00
216,  0,  3.583,  0.98,  1, 0.89, 0.45, 0.96, 0.00, 0.51, 0.33, 0.00, 0.55, 0.48, 0.70, 0.29, 1.31, 0.03, 0.00, 0.05, 0.20, 0.70, 1.00, 1.00, 1.00, 0.00, 0.00, 0.00, 0.00, 0.00, 0.00, 1.00, 0.00, 1.00, 0.00, 0.00, 0.00, 0.00, 0.00, 1.00
217,  0,  3.600,  0.98,  1, 1.03, 0.65, 0.90, 0.00, 0.50, 0.20, 0.00, 0.62, 0.45, 0.59, 0.18, 1.25, 0.06, 0.00, 0.05, 0.09, 0.67, 1.00, 1.00, 1.00, 0.00, 0.00, 0.00, 0.00, 0.00, 0.00, 1.00, 0.00, 1.00, 0.00, 0.00, 0.00, 0.00, 0.00, 1.00
218,  0,  3.617,  0.98,  1, 0.95, 0.67, 0.89, 0.00, 0.52, 0.19, 0.00, 0.48, 0.43, 0.80, 0.13, 1.33, 0.27, 0.00, 0.05, 0.25, 0.52, 1.00, 1.00, 1.00, 0.00, 0.00, 0.00, 0.00, 0.00, 0.00, 1.00, 0.00, 1.00, 0.00, 0.00, 0.00, 0.00, 0.00, 1.00
219,  0,  3.633,  0.98,  1, 0.85, 0.85, 0.83, 0.00, 0.48, 0.21, 0.00, 0.39, 0.44, 0.75, 0.21, 1.34, 0.38, 0.00, 0.00, 0.25, 0.57, 1.00, 1.00, 1.00, 0.00, 0.00, 0.00, 0.00, 0.00, 0.00, 1.00, 0.00, 1.00, 0.00, 0.00, 0.00, 0.00, 0.00, 1.00
220,  0,  3.650,  0.98,  1, 0.62, 0.48, 0.88, 0.00, 0.55, 0.38, 0.00, 0.32, 0.37, 0.78, 0.21, 1.27, 0.35, 0.00, 0.00, 0.24, 0.48, 0.00, 0.00, 1.00, 0.00, 0.00, 0.00, 0.00, 0.00, 0.00, 1.00, 0.00, 1.00, 0.00, 0.00, 0.00, 0.00, 0.00, 1.00
221,  0,  3.667,  0.98,  1, 0.45, 0.30, 0.99, 0.00, 0.58, 0.78, 0.00, 0.37, 0.34, 0.74, 0.15, 1.13, 0.11, 0.00, 0.00, 0.28, 0.42, 0.00, 0.00, 1.00, 0.00, 0.00, 0.00, 0.00, 0.00, 0.00, 1.00, 0.00, 1.00, 0.00, 0.00, 0.00, 0.00, 0.00, 1.00
222,  0,  3.683,  0.98,  1, 0.23, 0.11, 1.09, 0.00, 0.69, 0.78, 0.00, 0.43, 0.33, 0.76, 0.12, 1.12, 0.00, 0.00, 0.00, 0.45, 0.11, 0.00, 0.00, 1.00, 0.00, 0.00, 0.00, 0.00, 0.00, 0.00, 1.00, 0.00, 1.00, 0.00, 0.00, 0.00, 0.00, 0.00, 1.00
223,  0,  3.700,  0.98,  1, 0.09, 0.11, 1.10, 0.00, 0.68, 0.87, 0.00, 0.43, 0.34, 0.72, 0.28, 1.25, 0.00, 0.00, 0.00, 0.37, 0.20, 0.00, 0.00, 1.00, 0.00, 0.00, 0.00, 0.00, 0.00, 0.00, 1.00, 0.00, 1.00, 0.00, 0.00, 0.00, 0.00, 0.00, 1.00
224,  0,  3.717,  0.98,  1, 0.00, 0.04, 1.06, 0.00, 0.66, 0.81, 0.00, 0.41, 0.36, 0.71, 0.22, 1.31, 0.00, 0.00, 0.00, 0.34, 0.24, 0.00, 0.00, 1.00, 0.00, 0.00, 1.00, 0.00, 0.00, 0.00, 1.00, 0.00, 1.00, 0.00, 0.00, 0.00, 0.00, 0.00, 1.00
225,  0,  3.733,  0.98,  1, 0.00, 0.04, 1.03, 0.00, 0.52, 0.95, 0.00, 0.33, 0.33, 0.71, 0.27, 1.36, 0.00, 0.00, 0.00, 0.31, 0.30, 0.00, 0.00, 1.00, 0.00, 0.00, 0.00, 0.00, 0.00, 0.00, 1.00, 0.00, 1.00, 0.00, 0.00, 0.00, 0.00, 0.00, 1.00
226,  0,  3.750,  0.98,  1, 0.00, 0.04, 0.96, 0.00, 0.41, 1.05, 0.00, 0.25, 0.32, 0.81, 0.24, 1.32, 0.00, 0.00, 0.00, 0.34, 0.19, 0.00, 0.00, 1.00, 0.00, 0.00, 0.00, 0.00, 0.00, 0.00, 1.00, 0.00, 1.00, 0.00, 0.00, 0.00, 0.00, 0.00, 1.00
227,  0,  3.767,  0.98,  1, 0.00, 0.08, 1.05, 0.00, 0.37, 0.93, 0.00, 0.25, 0.32, 0.70, 0.31, 1.32, 0.00, 0.00, 0.00, 0.36, 0.09, 0.00, 0.00, 1.00, 0.00, 0.00, 0.00, 0.00, 0.00, 0.00, 1.00, 0.00, 1.00, 0.00, 0.00, 0.00, 0.00, 0.00, 1.00
228,  0,  3.783,  0.98,  1, 0.00, 0.08, 1.13, 0.00, 0.49, 1.24, 0.00, 0.30, 0.35, 0.80, 0.22, 1.25, 0.00, 0.00, 0.00, 0.28, 0.03, 0.00, 0.00, 1.00, 0.00, 0.00, 1.00, 0.00, 0.00, 0.00, 1.00, 0.00, 1.00, 0.00, 0.00, 0.00, 0.00, 0.00, 0.00
229,  0,  3.800,  0.98,  1, 0.00, 0.08, 1.18, 0.00, 0.50, 1.13, 0.00, 0.35, 0.39, 0.80, 0.21, 1.28, 0.00, 0.00, 0.00, 0.27, 0.03, 0.00, 0.00, 1.00, 0.00, 0.00, 1.00, 0.00, 0.00, 0.00, 1.00, 0.00, 1.00, 0.00, 0.00, 0.00, 0.00, 0.00, 0.00
230,  0,  3.817,  0.98,  1, 0.04, 0.00, 1.09, 0.00, 0.54, 1.20, 0.00, 0.42, 0.41, 0.88, 0.32, 1.35, 0.00, 0.00, 0.10, 0.13, 0.00, 0.00, 0.00, 1.00, 0.00, 0.00, 1.00, 0.00, 0.00, 0.00, 1.00, 0.00, 1.00, 0.00, 0.00, 0.00, 0.00, 0.00, 0.00
231,  0,  3.833,  0.98,  1, 0.08, 0.00, 1.00, 0.00, 0.48, 0.95, 0.00, 0.43, 0.44, 0.84, 0.30, 1.39, 0.00, 0.00, 0.10, 0.11, 0.00, 0.00, 0.00, 1.00, 0.00, 0.00, 1.00, 0.00, 0.00, 0.00, 1.00, 0.00, 1.00, 0.00, 0.00, 0.00, 0.00, 0.00, 0.00
232,  0,  3.850,  0.98,  1, 0.08, 0.00, 1.09, 0.00, 0.46, 1.04, 0.00, 0.42, 0.42, 0.91, 0.19, 1.43, 0.00, 0.00, 0.10, 0.18, 0.00, 0.00, 0.00, 1.00, 0.00, 0.00, 1.00, 0.00, 0.00, 0.00, 1.00, 0.00, 1.00, 0.00, 0.00, 0.00, 0.00, 0.00, 0.00
233,  0,  3.867,  0.98,  1, 0.12, 0.05, 1.19, 0.00, 0.38, 1.03, 0.00, 0.25, 0.41, 0.86, 0.01, 1.30, 0.00, 0.00, 0.00, 0.24, 0.00, 0.00, 0.00, 1.00, 0.00, 0.00, 1.00, 0.00, 0.00, 0.00, 1.00, 0.00, 1.00, 0.00, 0.00, 0.00, 0.00, 0.00, 0.00
234,  0,  3.883,  0.98,  1, 0.16, 0.05, 1.23, 0.00, 0.41, 0.95, 0.00, 0.17, 0.39, 0.79, 0.01, 1.33, 0.00, 0.00, 0.00, 0.20, 0.00, 0.00, 0.00, 1.00, 0.00, 0.00, 1.00, 0.00, 0.00, 0.00, 1.00, 0.00, 1.00, 0.00, 0.00, 0.00, 0.00, 0.00, 0.00
235,  0,  3.900,  0.98,  1, 0.29, 0.09, 1.25, 0.00, 0.48, 0.83, 0.00, 0.27, 0.39, 0.61, 0.14, 1.26, 0.00, 0.00, 0.00, 0.22, 0.00, 0.00, 0.00, 1.00, 0.00, 0.00, 1.00, 0.00, 0.00, 0.00, 1.00, 0.00, 1.00, 0.00, 0.00, 0.00, 0.00, 0.00, 0.00
236,  0,  3.917,  0.98,  1, 0.21, 0.06, 1.20, 0.00, 0.48, 0.93, 0.00, 0.31, 0.37, 0.67, 0.24, 1.28, 0.00, 0.01, 0.00, 0.10, 0.00, 0.00, 0.00, 1.00, 0.00, 0.00, 0.00, 0.00, 0.00, 0.00, 1.00, 0.00, 1.00, 0.00, 0.00, 0.00, 0.00, 0.00, 0.00
237,  0,  3.933,  0.98,  1, 0.13, 0.06, 1.22, 0.00, 0.43, 0.90, 0.00, 0.40, 0.35, 0.74, 0.33, 1.21, 0.00, 0.02, 0.01, 0.11, 0.00, 0.00, 0.00, 1.00, 0.00, 0.00, 0.00, 0.00, 0.00, 0.00, 1.00, 0.00, 1.00, 0.00, 0.00, 0.00, 0.00, 0.00, 0.00
238,  0,  3.950,  0.98,  1, 0.01, 0.05, 1.06, 0.00, 0.40, 0.92, 0.00, 0.37, 0.30, 0.79, 0.23, 1.12, 0.00, 0.02, 0.01, 0.01, 0.00, 0.00, 0.00, 1.00, 0.00, 0.00, 0.00, 0.00, 0.00, 0.00, 1.00, 0.00, 1.00, 0.00, 0.00, 0.00, 0.00, 0.00, 0.00
239,  0,  3.967,  0.98,  1, 0.01, 0.07, 1.03, 0.00, 0.46, 0.71, 0.00, 0.38, 0.29, 0.80, 0.29, 1.14, 0.00, 0.04, 0.01, 0.01, 0.00, 0.00, 0.00, 1.00, 0.00, 0.00, 1.00, 0.00, 0.00, 0.00, 1.00, 0.00, 0.00, 0.00, 0.00, 0.00, 0.00, 0.00, 0.00
240,  0,  3.983,  0.98,  1, 0.01, 0.14, 0.93, 0.00, 0.49, 0.72, 0.00, 0.33, 0.23, 0.76, 0.25, 1.07, 0.00, 0.05, 0.00, 0.06, 0.00, 0.00, 0.00, 1.00, 0.00, 0.00, 1.00, 0.00, 0.00, 0.00, 1.00, 0.00, 0.00, 0.00, 0.00, 0.00, 0.00, 0.00, 0.00
241,  0,  4.000,  0.98,  1, 0.00, 0.11, 0.98, 0.15, 0.54, 0.94, 0.00, 0.25, 0.28, 0.77, 0.28, 1.10, 0.00, 0.05, 0.00, 0.11, 0.00, 0.00, 0.00, 1.00, 0.00, 0.00, 1.00, 0.00, 0.00, 0.00, 1.00, 0.00, 0.00, 0.00, 0.00, 0.00, 0.00, 0.00, 0.00
242,  0,  4.017,  0.98,  1, 0.00, 0.07, 0.95, 0.15, 0.47, 1.08, 0.00, 0.26, 0.22, 0.68, 0.25, 1.15, 0.10, 0.02, 0.00, 0.11, 0.00, 0.00, 0.00, 1.00, 0.00, 0.00, 1.00, 0.00, 0.00, 0.00, 1.00, 0.00, 1.00, 0.00, 0.00, 0.00, 0.00, 0.00, 0.00
243,  0,  4.033,  0.98,  1, 0.00, 0.00, 0.98, 0.15, 0.42, 0.99, 0.00, 0.15, 0.25, 0.69, 0.22, 1.22, 0.14, 0.01, 0.00, 0.08, 0.00, 0.00, 0.00, 1.00, 0.00, 0.00, 1.00, 0.00, 0.00, 0.00, 1.00, 0.00, 1.00, 0.00, 0.00, 0.00, 0.00, 0.00, 0.00
244,  0,  4.050,  0.98,  1, 0.02, 0.19, 1.04, 0.00, 0.35, 0.64, 0.00, 0.14, 0.22, 0.73, 0.15, 1.32, 0.26, 0.07, 0.08, 0.13, 0.00, 0.00, 0.00, 1.00, 0.00, 0.00, 1.00, 0.00, 0.00, 0.00, 1.00, 0.00, 1.00, 0.00, 0.00, 0.00, 0.00, 0.00, 0.00
245,  0,  4.067,  0.98,  1, 0.02, 0.19, 0.87, 0.06, 0.40, 0.39, 0.00, 0.22, 0.27, 0.81, 0.02, 1.29, 0.16, 0.06, 0.08, 0.25, 0.00, 0.00, 0.00, 1.00, 0.00, 0.00, 0.00, 0.00, 0.00, 0.00, 1.00, 0.00, 1.00, 0.00, 0.00, 0.00, 0.00, 0.00, 0.00
246,  0,  4.083,  0.98,  1, 0.09, 0.19, 0.89, 0.06, 0.41, 0.40, 0.00, 0.39, 0.30, 0.83, 0.17, 1.27, 0.12, 0.07, 0.08, 0.30, 0.00, 0.00, 0.00, 1.00, 0.00, 0.00, 0.00, 0.00, 0.00, 0.00, 1.00, 0.00, 1.00, 0.00, 0.00, 0.00, 0.00, 0.00, 0.00
247,  0,  4.100,  0.98,  1, 0.07, 0.06, 0.92, 0.06, 0.47, 0.44, 0.00, 0.45, 0.31, 0.89, 0.17, 1.27, 0.00, 0.01, 0.02, 0.33, 0.00, 0.00, 0.00, 1.00, 0.00, 0.00, 0.00, 0.00, 0.00, 0.00, 1.00, 0.00, 1.00, 0.00, 0.00, 0.00, 0.00, 0.00, 0.00
248,  0,  4.117,  0.98,  1, 0.18, 0.06, 1.21, 0.01, 0.46, 0.74, 0.00, 0.38, 0.29, 0.75, 0.24, 1.35, 0.00, 0.02, 0.01, 0.30, 0.00, 0.00, 0.00, 1.00, 0.00, 0.00, 0.00, 0.00, 0.00, 0.00, 1.00, 0.00, 1.00, 0.00, 0.00, 0.00, 0.00, 0.00, 0.00
249,  0,  4.133,  0.98,  1, 0.12, 0.06, 1.30, 0.01, 0.45, 0.66, 0.00, 0.31, 0.25, 0.67, 0.08, 1.37, 0.00, 0.03, 0.01, 0.23, 0.00, 0.00, 0.00, 1.00, 0.00, 0.00, 0.00, 0.00, 0.00, 0.00, 1.00, 0.00, 1.00, 0.00, 0.00, 0.00, 0.00, 0.00, 0.00
250,  0,  4.150,  0.98,  1, 0.20, 0.08, 1.14, 0.01, 0.38, 0.63, 0.00, 0.41, 0.28, 0.68, 0.15, 1.26, 0.00, 0.03, 0.00, 0.30, 0.00, 0.00, 0.00, 1.00, 0.00, 0.00, 0.00, 0.00, 0.00, 0.00, 1.00, 0.00, 1.00, 0.00, 0.00, 0.00, 0.00, 0.00, 0.00
251,  0,  4.167,  0.98,  1, 0.09, 0.08, 0.87, 0.00, 0.30, 0.38, 0.00, 0.37, 0.23, 0.75, 0.08, 1.21, 0.00, 0.03, 0.00, 0.27, 0.00, 0.00, 0.00, 1.00, 0.00, 0.00, 1.00, 0.00, 0.00, 0.00, 1.00, 0.00, 1.00, 0.00, 0.00, 0.00, 0.00, 0.00, 0.00
252,  0,  4.183,  0.98,  1, 0.09, 0.11, 0.70, 0.10, 0.36, 0.85, 0.00, 0.34, 0.19, 0.86, 0.08, 1.29, 0.00, 0.01, 0.04, 0.34, 0.00, 0.00, 0.00, 1.00, 0.00, 0.00, 1.00, 0.00, 0.00, 0.00, 1.00, 0.00, 1.00, 0.00, 0.00, 0.00, 0.00, 0.00, 0.00
253,  0,  4.200,  0.98,  1, 0.00, 0.03, 0.83, 0.10, 0.36, 1.04, 0.00, 0.13, 0.15, 0.83, 0.01, 1.43, 0.00, 0.01, 0.15, 0.21, 0.00, 0.00, 0.00, 1.00, 0.00, 0.00, 1.00, 0.00, 0.00, 0.00, 1.00, 0.00, 1.00, 0.00, 0.00, 0.00, 0.00, 0.00, 0.00
254,  0,  4.217,  0.98,  1, 0.00, 0.03, 1.03, 0.19, 0.40, 1.27, 0.00, 0.09, 0.23, 0.80, 0.03, 1.45, 0.11, 0.01, 0.23, 0.19, 0.00, 0.00, 0.00, 1.00, 0.00, 0.00, 1.00, 0.00, 0.00, 0.00, 1.00, 0.00, 1.00, 0.00, 0.00, 0.00, 0.00, 0.00, 0.00
255,  0,  4.233,  0.98,  1, 0.00, 0.00, 1.23, 0.11, 0.35, 1.01, 0.00, 0.06, 0.26, 0.88, 0.08, 1.34, 0.16, 0.01, 0.19, 0.19, 0.00, 0.00, 0.00, 1.00, 0.00, 0.00, 1.00, 0.00, 0.00, 0.00, 1.00, 0.00, 1.00, 0.00, 0.00, 0.00, 0.00, 0.00, 0.00
256,  0,  4.250,  0.98,  1, 0.09, 0.00, 1.09, 0.11, 0.36, 0.97, 0.00, 0.11, 0.27, 0.83, 0.08, 1.20, 0.16, 0.01, 0.07, 0.12, 0.00, 0.00, 0.00, 1.00, 0.00, 0.00, 1.00, 0.00, 0.00, 0.00, 1.00, 0.00, 1.00, 0.00, 0.00, 0.00, 0.00, 0.00, 0.00
257,  0,  4.267,  0.98,  1, 0.09, 0.00, 0.98, 0.02, 0.37, 0.72, 0.00, 0.14, 0.24, 0.82, 0.16, 1.08, 0.07, 0.07, 0.09, 0.17, 0.00, 0.00, 0.00, 1.00, 0.00, 0.00, 1.00, 0.00, 0.00, 0.00, 1.00, 0.00, 1.00, 0.00, 0.00, 0.00, 0.00, 0.00, 0.00
258,  0,  4.283,  0.98,  1, 0.09, 0.00, 0.82, 0.07, 0.36, 0.56, 0.00, 0.26, 0.22, 0.67, 0.11, 1.05, 0.02, 0.07, 0.18, 0.22, 0.00, 0.00, 0.00, 1.00, 0.00, 0.00, 1.00, 0.00, 0.00, 0.00, 1.00, 0.00, 1.00, 0.00, 0.00, 0.00, 0.00, 0.00, 0.00
259,  0,  4.300,  0.98,  1, 0.02, 0.00, 1.05, 0.20, 0.44, 0.67, 0.00, 0.29, 0.23, 0.67, 0.11, 1.10, 0.02, 0.07, 0.18, 0.31, 0.00, 0.00, 0.00, 1.00, 0.00, 0.00, 1.00, 0.00, 0.00, 0.00, 1.00, 0.00, 1.00, 0.00, 0.00, 0.00, 0.00, 0.00, 0.00
260,  0,  4.317,  0.98,  1, 0.02, 0.00, 1.20, 0.20, 0.40, 0.89, 0.00, 0.31, 0.22, 0.63, 0.07, 1.20, 0.00, 0.04, 0.09, 0.26, 0.00, 0.00, 0.00, 1.00, 0.00, 0.00, 0.00, 0.00, 0.00, 0.00, 1.00, 0.00, 1.00, 0.00, 0.00, 0.00, 0.00, 0.00, 0.00
261,  0,  4.333,  0.98,  1, 0.10, 0.06, 1.44, 0.13, 0.46, 1.13, 0.00, 0.38, 0.28, 0.74, 0.21, 1.33, 0.05, 0.04, 0.00, 0.17, 0.00, 0.00, 0.00, 1.00, 0.00, 0.00, 0.00, 0.00, 0.00, 0.00, 1.00, 0.00, 1.00, 0.00, 0.00, 0.00, 0.00, 0.00, 0.00
262,  0,  4.350,  0.98,  1, 0.08, 0.06, 1.27, 0.00, 0.38, 0.93, 0.00, 0.39, 0.25, 0.76, 0.40, 1.35, 0.05, 0.04, 0.03, 0.14, 0.00, 0.00, 0.00, 1.00, 0.00, 0.00, 0.00, 0.00, 0.00, 0.00, 1.00, 0.00, 1.00, 0.00, 0.00, 0.00, 0.00, 0.00, 0.00
263,  0,  4.367,  0.98,  1, 0.14, 0.06, 1.17, 0.00, 0.48, 0.84, 0.00, 0.38, 0.31, 0.79, 0.37, 1.26, 0.14, 0.00, 0.12, 0.17, 0.00, 0.00, 0.00, 1.00, 0.00, 0.00, 0.00, 0.00, 0.00, 0.00, 1.00, 0.00, 1.00, 0.00, 0.00, 0.00, 0.00, 0.00, 0.00
264,  0,  4.383,  0.98,  1, 0.06, 0.00, 1.00, 0.00, 0.63, 0.79, 0.00, 0.32, 0.37, 0.62, 0.29, 1.31, 0.09, 0.00, 0.15, 0.15, 0.10, 0.00, 0.00, 1.00, 0.00, 0.00, 0.00, 0.00, 0.00, 0.00, 1.00, 0.00, 1.00, 0.00, 0.00, 0.00, 0.00, 0.00, 0.00
265,  0,  4.400,  0.98,  1, 0.06, 0.00, 1.01, 0.00, 0.65, 0.81, 0.00, 0.33, 0.41, 0.51, 0.20, 1.19, 0.09, 0.00, 0.12, 0.08, 0.34, 0.00, 0.00, 1.00, 0.00, 0.00, 0.00, 0.00, 0.00, 0.00, 1.00, 0.00, 1.00, 0.00, 0.00, 0.00, 0.00, 0.00, 1.00
266,  0,  4.417,  0.98,  1, 0.35, 0.06, 1.06, 0.00, 0.62, 0.54, 0.00, 0.45, 0.49, 0.57, 0.16, 1.24, 0.00, 0.00, 0.09, 0.02, 0.64, 0.00, 0.00, 1.00, 0.00, 0.00, 0.00, 0.00, 0.00, 0.00, 1.00, 0.00, 0.00, 0.00, 0.00, 0.00, 0.00, 0.00, 1.00
267,  0,  4.433,  0.98,  1, 0.72, 0.15, 0.94, 0.00, 0.40, 0.38, 0.00, 0.36, 0.44, 0.56, 0.35, 1.06, 0.15, 0.00, 0.06, 0.02, 0.69, 0.00, 0.00, 1.00, 0.00, 0.00, 0.00, 0.00, 0.00, 0.00, 1.00, 0.00, 0.00, 0.00, 0.00, 0.00, 0.00, 0.00, 1.00
268,  0,  4.450,  0.98,  1, 1.13, 0.33, 0.97, 0.00, 0.40, 0.38, 0.00, 0.38, 0.53, 0.79, 0.37, 1.08, 0.17, 0.00, 0.19, 0.15, 0.75, 0.00, 0.00, 1.00, 0.00, 0.00, 0.00, 0.00, 0.00, 0.00, 1.00, 0.00, 1.00, 0.00, 0.00, 0.00, 0.00, 0.00, 1.00
269,  0,  4.467,  0.98,  1, 1.05, 0.39, 0.98, 0.00, 0.47, 0.49, 0.00, 0.36, 0.46, 0.75, 0.37, 1.13, 0.17, 0.00, 0.19, 0.20, 0.74, 0.00, 0.00, 1.00, 0.00, 0.00, 0.00, 0.00, 0.00, 0.00, 1.00, 0.00, 0.00, 0.00, 0.00, 0.00, 0.00, 0.00, 1.00
270,  0,  4.483,  0.98,  1, 0.88, 0.41, 1.20, 0.00, 0.61, 0.67, 0.00, 0.42, 0.46, 0.90, 0.28, 1.20, 0.12, 0.00, 0.21, 0.39, 0.97, 0.00, 1.00, 1.00, 0.00, 0.00, 0.00, 0.00, 0.00, 0.00, 1.00, 0.00, 1.00, 0.00, 0.00, 0.00, 0.00, 0.00, 1.00
271,  0,  4.500,  0.98,  1, 0.56, 0.24, 1.12, 0.00, 0.63, 0.60, 0.00, 0.45, 0.37, 0.68, 0.19, 1.21, 0.10, 0.00, 0.09, 0.26, 0.75, 0.00, 0.00, 1.00, 0.00, 0.00, 1.00, 0.00, 0.00, 0.00, 1.00, 0.00, 1.00, 0.00, 0.00, 0.00, 0.00, 0.00, 1.00
272,  0,  4.517,  0.98,  1, 0.33, 0.16, 1.07, 0.00, 0.61, 0.80, 0.00, 0.42, 0.33, 0.71, 0.31, 1.20, 0.10, 0.00, 0.02, 0.22, 0.71, 0.00, 0.00, 1.00, 0.00, 0.00, 1.00, 0.00, 0.00, 0.00, 1.00, 0.00, 1.00, 0.00, 0.00, 0.00, 0.00, 0.00, 1.00
273,  0,  4.533,  0.98,  1, 0.13, 0.09, 1.09, 0.00, 0.60, 0.79, 0.00, 0.49, 0.38, 0.76, 0.25, 1.21, 0.00, 0.00, 0.00, 0.06, 0.36, 0.00, 0.00, 1.00, 0.00, 0.00, 1.00, 0.00, 0.00, 0.00, 1.00, 0.00, 1.00, 0.00, 0.00, 0.00, 0.00, 0.00, 1.00
274,  0,  4.550,  0.98,  1, 0.04, 0.10, 1.25, 0.00, 0.59, 1.23, 0.00, 0.59, 0.42, 0.95, 0.23, 1.33, 0.02, 0.00, 0.00, 0.15, 0.36, 0.00, 0.00, 1.00, 0.00, 0.00, 1.00, 0.00, 0.00, 0.00, 1.00, 0.00, 1.00, 0.00, 0.00, 0.00, 0.00, 0.00, 1.00
275,  0,  4.567,  0.98,  1, 0.00, 0.06, 1.27, 0.00, 0.65, 1.34, 0.00, 0.56, 0.43, 0.97, 0.16, 1.42, 0.02, 0.00, 0.00, 0.16, 0.10, 0.00, 0.00, 1.00, 0.00, 0.00, 1.00, 0.00, 0.00, 0.00, 1.00, 0.00, 1.00, 0.00, 0.00, 0.00, 0.00, 0.00, 1.00
276,  0,  4.583,  0.98,  1, 0.09, 0.02, 1.32, 0.00, 0.61, 1.54, 0.00, 0.55, 0.40, 0.83, 0.11, 1.35, 0.02, 0.00, 0.00, 0.24, 0.06, 0.00, 0.00, 1.00, 0.00, 0.00, 1.00, 0.00, 0.00, 0.00, 1.00, 0.00, 1.00, 0.00, 0.00, 0.00, 0.00, 0.00, 1.00
277,  0,  4.600,  0.98,  1, 0.09, 0.04, 1.13, 0.00, 0.63, 1.26, 0.00, 0.35, 0.35, 0.74, 0.15, 1.40, 0.09, 0.00, 0.00, 0.23, 0.00, 0.00, 0.00, 1.00, 0.00, 0.00, 1.00, 0.00, 0.00, 0.00, 1.00, 0.00, 1.00, 0.00, 0.00, 0.00, 0.00, 0.00, 0.00
278,  0,  4.617,  0.98,  1, 0.09, 0.04, 1.11, 0.00, 0.64, 1.38, 0.00, 0.38, 0.39, 0.82, 0.14, 1.40, 0.26, 0.00, 0.00, 0.35, 0.00, 0.00, 0.00, 1.00, 0.00, 0.00, 1.00, 0.00, 0.00, 0.00, 1.00, 0.00, 1.00, 0.00, 0.00, 0.00, 0.00, 0.00, 0.00
279,  0,  4.633,  0.98,  1, 0.00, 0.04, 1.00, 0.00, 0.64, 1.34, 0.00, 0.35, 0.36, 0.82, 0.19, 1.49, 0.26, 0.00, 0.00, 0.30, 0.00, 0.00, 0.00, 1.00, 0.00, 0.00, 1.00, 0.00, 0.00, 0.00, 1.00, 0.00, 1.00, 0.00, 0.00, 0.00, 0.00, 0.00, 0.00
280,  0,  4.650,  0.98,  1, 0.03, 0.00, 1.02, 0.00, 0.63, 1.27, 0.00, 0.37, 0.39, 0.76, 0.18, 1.36, 0.18, 0.00, 0.02, 0.24, 0.00, 0.00, 0.00, 1.00, 0.00, 0.00, 1.00, 0.00, 0.00, 0.00, 1.00, 0.00, 1.00, 0.00, 0.00, 0.00, 0.00, 0.00, 0.00
281,  0,  4.667,  0.98,  1, 0.15, 0.09, 1.10, 0.00, 0.49, 0.97, 0.00, 0.31, 0.34, 0.66, 0.29, 1.30, 0.00, 0.00, 0.10, 0.13, 0.00, 0.00, 0.00, 1.00, 0.00, 0.00, 1.00, 0.00, 0.00, 0.00, 1.00, 0.00, 1.00, 0.00, 0.00, 0.00, 0.00, 0.00, 0.00
282,  0,  4.683,  0.98,  1, 0.29, 0.09, 0.99, 0.00, 0.49, 0.92, 0.00, 0.30, 0.32, 0.71, 0.33, 1.40, 0.02, 0.00, 0.14, 0.24, 0.00, 0.00, 0.00, 1.00, 0.00, 0.00, 1.00, 0.00, 0.00, 0.00, 1.00, 0.00, 1.00, 0.00, 0.00, 0.00, 0.00, 0.00, 0.00
283,  0,  4.700,  0.98,  1, 0.26, 0.14, 1.01, 0.00, 0.42, 0.82, 0.00, 0.31, 0.31, 0.77, 0.31, 1.55, 0.09, 0.01, 0.13, 0.24, 0.00, 0.00, 1.00, 1.00, 0.00, 0.00, 1.00, 0.00, 0.00, 0.00, 1.00, 0.00, 1.00, 0.00, 0.00, 0.00, 0.00, 0.00, 0.00
284,  0,  4.717,  0.98,  1, 0.14, 0.04, 0.79, 0.00, 0.46, 0.88, 0.00, 0.31, 0.32, 0.70, 0.24, 1.58, 0.09, 0.04, 0.06, 0.22, 0.00, 0.00, 1.00, 1.00, 0.00, 0.00, 1.00, 0.00, 0.00, 0.00, 1.00, 0.00, 1.00, 0.00, 0.00, 0.00, 0.00, 0.00, 0.00
285,  0,  4.733,  0.98,  1, 0.02, 0.08, 0.96, 0.01, 0.47, 0.94, 0.00, 0.28, 0.33, 0.75, 0.13, 1.38, 0.07, 0.04, 0.01, 0.05, 0.00, 0.00, 1.00, 1.00, 0.00, 0.00, 1.00, 0.00, 0.00, 0.00, 1.00, 0.00, 1.00, 0.00, 0.00, 0.00, 0.00, 0.00, 0.00
286,  0,  4.750,  0.98,  1, 0.02, 0.04, 0.92, 0.01, 0.44, 1.06, 0.00, 0.29, 0.30, 0.74, 0.18, 1.24, 0.02, 0.05, 0.08, 0.04, 0.00, 0.00, 1.00, 1.00, 0.00, 0.00, 1.00, 0.00, 0.00, 0.00, 1.00, 0.00, 1.00, 0.00, 0.00, 0.00, 0.00, 0.00, 0.00
287,  0,  4.767,  0.98,  1, 0.02, 0.04, 1.14, 0.01, 0.41, 0.95, 0.00, 0.29, 0.31, 0.79, 0.09, 1.12, 0.02, 0.02, 0.08, 0.07, 0.00, 0.00, 0.00, 1.00, 0.00, 0.00, 1.00, 0.00, 0.00, 0.00, 1.00, 0.00, 1.00, 0.00, 0.00, 0.00, 0.00, 0.00, 0.00
288,  0,  4.783,  0.98,  1, 0.10, 0.05, 1.08, 0.00, 0.31, 0.83, 0.00, 0.28, 0.31, 0.65, 0.11, 1.16, 0.02, 0.04, 0.08, 0.13, 0.00, 0.00, 1.00, 1.00, 0.00, 0.00, 1.00, 0.00, 0.00, 0.00, 1.00, 0.00, 1.00, 0.00, 0.00, 0.00, 0.00, 0.00, 0.00
289,  0,  4.800,  0.98,  1, 0.10, 0.05, 1.17, 0.00, 0.33, 0.80, 0.00, 0.31, 0.33, 0.61, 0.16, 1.20, 0.03, 0.05, 0.01, 0.27, 0.00, 0.00, 0.00, 1.00, 0.00, 0.00, 1.00, 0.00, 0.00, 0.00, 1.00, 0.00, 1.00, 0.00, 0.00, 0.00, 0.00, 0.00, 0.00
290,  0,  4.817,  0.98,  1, 0.10, 0.05, 1.12, 0.10, 0.34, 1.11, 0.00, 0.27, 0.32, 0.56, 0.24, 1.24, 0.03, 0.07, 0.01, 0.25, 0.00, 0.00, 0.00, 1.00, 0.00, 0.00, 1.00, 0.00, 0.00, 0.00, 1.00, 0.00, 1.00, 0.00, 0.00, 0.00, 0.00, 0.00, 0.00
291,  0,  4.833,  0.98,  1, 0.00, 0.00, 1.09, 0.14, 0.36, 1.05, 0.00, 0.26, 0.30, 0.67, 0.26, 1.20, 0.03, 0.06, 0.01, 0.22, 0.00, 0.00, 0.00, 1.00, 0.00, 0.00, 1.00, 0.00, 0.00, 0.00, 1.00, 0.00, 1.00, 0.00, 0.00, 0.00, 0.00, 0.00, 0.00
292,  0,  4.850,  0.98,  1, 0.01, 0.00, 1.05, 0.15, 0.37, 1.06, 0.00, 0.20, 0.30, 0.65, 0.21, 1.25, 0.15, 0.07, 0.00, 0.15, 0.00, 0.00, 0.00, 1.00, 0.00, 0.00, 1.00, 0.00, 0.00, 0.00, 1.00, 0.00, 1.00, 0.00, 0.00, 0.00, 0.00, 0.00, 0.00
293,  0,  4.867,  0.98,  1, 0.01, 0.00, 0.96, 0.05, 0.36, 0.87, 0.00, 0.22, 0.26, 0.72, 0.13, 1.19, 0.15, 0.06, 0.00, 0.31, 0.00, 0.00, 0.00, 1.00, 0.00, 0.00, 1.00, 0.00, 0.00, 0.00, 1.00, 0.00, 1.00, 0.00, 0.00, 0.00, 0.00, 0.00, 0.00
294,  0,  4.883,  0.98,  1, 0.01, 0.07, 0.89, 0.01, 0.35, 0.86, 0.00, 0.23, 0.25, 0.67, 0.13, 1.32, 0.15, 0.09, 0.00, 0.32, 0.00, 0.00, 0.00, 1.00, 0.00, 0.00, 1.00, 0.00, 0.00, 0.00, 1.00, 0.00, 1.00, 0.00, 0.00, 0.00, 0.00, 0.00, 0.00
295,  0,  4.900,  0.98,  1, 0.01, 0.07, 0.86, 0.00, 0.23, 0.98, 0.00, 0.21, 0.22, 0.62, 0.14, 1.33, 0.00, 0.10, 0.00, 0.37, 0.00, 0.00, 0.00, 1.00, 0.00, 0.00, 1.00, 0.00, 0.00, 0.00, 1.00, 0.00, 1.00, 0.00, 0.00, 0.00, 0.00, 0.00, 0.00
296,  0,  4.917,  0.98,  1, 0.04, 0.12, 0.83, 0.03, 0.25, 0.78, 0.00, 0.21, 0.26, 0.55, 0.14, 1.31, 0.00, 0.16, 0.00, 0.18, 0.00, 0.00, 0.00, 1.00, 0.00, 0.00, 1.00, 0.00, 0.00, 0.00, 1.00, 0.00, 1.00, 0.00, 0.00, 0.00, 0.00, 0.00, 0.00
297,  0,  4.933,  0.98,  1, 0.12, 0.05, 0.80, 0.03, 0.22, 0.47, 0.00, 0.16, 0.32, 0.51, 0.07, 1.29, 0.04, 0.14, 0.00, 0.22, 0.00, 0.00, 1.00, 1.00, 0.00, 0.00, 1.00, 0.00, 0.00, 0.00, 1.00, 0.00, 1.00, 0.00, 0.00, 0.00, 0.00, 0.00, 0.00
298,  0,  4.950,  0.98,  1, 0.13, 0.05, 0.79, 0.06, 0.31, 0.50, 0.00, 0.11, 0.29, 0.56, 0.04, 1.20, 0.04, 0.10, 0.00, 0.21, 0.00, 1.00, 1.00, 1.00, 0.00, 0.00, 1.00, 0.00, 0.00, 0.00, 1.00, 0.00, 1.00, 0.00, 0.00, 0.00, 0.00, 0.00, 0.00
299,  0,  4.967,  0.98,  1, 0.20, 0.20, 0.92, 0.03, 0.29, 0.62, 0.00, 0.15, 0.27, 0.55, 0.04, 1.22, 0.04, 0.03, 0.02, 0.19, 0.00, 1.00, 1.00, 1.00, 0.00, 0.00, 1.00, 0.00, 0.00, 0.00, 1.00, 0.00, 1.00, 0.00, 0.00, 0.00, 0.00, 0.00, 0.00
300,  0,  4.983,  0.98,  1, 0.32, 0.20, 1.01, 0.03, 0.43, 1.03, 0.00, 0.22, 0.24, 0.63, 0.14, 1.29, 0.00, 0.00, 0.02, 0.16, 0.06, 1.00, 1.00, 1.00, 0.00, 0.00, 1.00, 0.00, 0.00, 0.00, 1.00, 0.00, 1.00, 0.00, 0.00, 0.00, 0.00, 0.00, 0.00
301,  0,  5.000,  0.98,  1, 0.67, 0.38, 1.11, 0.00, 0.54, 1.08, 0.00, 0.33, 0.32, 0.71, 0.16, 1.25, 0.00, 0.00, 0.02, 0.19, 0.26, 1.00, 1.00, 1.00, 0.00, 0.00, 1.00, 0.00, 0.00, 0.00, 1.00, 0.00, 1.00, 0.00, 0.00, 0.00, 0.00, 0.00, 1.00
302,  0,  5.017,  0.98,  1, 0.92, 0.19, 1.17, 0.00, 0.58, 1.04, 0.00, 0.30, 0.38, 0.75, 0.21, 1.25, 0.00, 0.00, 0.04, 0.34, 0.44, 1.00, 1.00, 0.00, 0.00, 0.00, 1.00, 0.00, 0.00, 0.00, 1.00, 0.00, 1.00, 0.00, 0.00, 0.00, 0.00, 0.00, 1.00
303,  0,  5.033,  0.98,  1, 1.32, 0.54, 1.25, 0.00, 0.51, 0.97, 0.00, 0.20, 0.41, 0.64, 0.20, 0.99, 0.03, 0.00, 0.04, 0.48, 0.55, 1.00, 1.00, 1.00, 0.00, 0.00, 1.00, 0.00, 0.00, 0.00, 1.00, 0.00, 1.00, 0.00, 0.00, 0.00, 0.00, 0.00, 1.00
304,  0,  5.050,  0.98,  1, 1.16, 0.36, 1.10, 0.00, 0.47, 0.94, 0.00, 0.10, 0.43, 0.68, 0.19, 0.97, 0.11, 0.00, 0.11, 0.42, 0.57, 1.00, 0.00, 1.00, 0.00, 0.00, 1.00, 0.00, 0.00, 0.00, 1.00, 0.00, 0.00, 0.00, 0.00, 0.00, 0.00, 0.00, 1.00
305,  0,  5.067,  0.98,  1, 1.04, 0.48, 1.10, 0.00, 0.56, 1.09, 0.00, 0.28, 0.39, 0.71, 0.25, 1.02, 0.11, 0.00, 0.10, 0.47, 0.45, 1.00, 1.00, 1.00, 0.00, 0.00, 1.00, 0.00, 0.00, 0.00, 1.00, 0.00, 0.00, 0.00, 0.00, 0.00, 0.00, 0.00, 1.00
306,  0,  5.083,  0.98,  1, 0.52, 0.12, 1.02, 0.00, 0.66, 1.11, 0.00, 0.37, 0.40, 0.76, 0.26, 1.09, 0.09, 0.00, 0.10, 0.32, 0.46, 1.00, 0.00, 1.00, 0.00, 0.00, 1.00, 0.00, 0.00, 0.00, 1.00, 0.00, 1.00, 0.00, 0.00, 0.00, 0.00, 0.00, 1.00
307,  0,  5.100,  0.98,  1, 0.45, 0.31, 1.23, 0.00, 0.75, 1.34, 0.00, 0.51, 0.42, 0.70, 0.31, 1.24, 0.01, 0.00, 0.03, 0.44, 0.34, 0.00, 1.00, 1.00, 0.00, 0.00, 1.00, 0.00, 0.00, 0.00, 1.00, 0.00, 0.00, 0.00, 0.00, 0.00, 0.00, 0.00, 1.00
308,  0,  5.117,  0.98,  1, 0.36, 0.19, 1.18, 0.00, 0.68, 1.34, 0.00, 0.28, 0.44, 0.70, 0.28, 1.33, 0.03, 0.00, 0.00, 0.43, 0.44, 0.00, 0.00, 1.00, 0.00, 0.00, 1.00, 0.00, 0.00, 0.00, 1.00, 0.00, 1.00, 0.00, 0.00, 0.00, 0.00, 0.00, 1.00
309,  0,  5.133,  0.98,  1, 0.47, 0.45, 1.19, 0.00, 0.65, 1.25, 0.00, 0.25, 0.40, 0.74, 0.31, 1.37, 0.07, 0.00, 0.00, 0.50, 0.30, 0.00, 1.00, 1.00, 0.00, 0.00, 1.00, 0.00, 0.00, 0.00, 1.00, 1.00, 1.00, 0.00, 0.00, 0.00, 0.00, 0.00, 1.00
310,  0,  5.150,  0.98,  1, 0.38, 0.27, 1.02, 0.00, 0.60, 1.06, 0.00, 0.22, 0.37, 0.70, 0.20, 1.43, 0.07, 0.00, 0.00, 0.46, 0.20, 0.00, 1.00, 1.00, 0.00, 0.00, 1.00, 0.00, 0.00, 0.00, 1.00, 1.00, 1.00, 0.00, 0.00, 0.00, 0.00, 0.00, 0.00
311,  0,  5.167,  0.98,  1, 0.33, 0.31, 0.87, 0.00, 0.61, 0.93, 0.00, 0.39, 0.36, 0.64, 0.19, 1.27, 0.05, 0.00, 0.00, 0.42, 0.04, 0.00, 1.00, 1.00, 0.00, 0.00, 1.00, 0.00, 0.00, 0.00, 1.00, 0.00, 1.00, 0.00, 0.00, 0.00, 0.00, 0.00, 0.00
312,  0,  5.183,  0.98,  1, 0.31, 0.21, 0.90, 0.00, 0.59, 1.12, 0.00, 0.38, 0.35, 0.47, 0.15, 1.31, 0.00, 0.00, 0.00, 0.41, 0.00, 0.00, 1.00, 1.00, 0.00, 0.00, 1.00, 0.00, 0.00, 0.00, 1.00, 0.00, 1.00, 0.00, 0.00, 0.00, 0.00, 0.00, 0.00
313,  0,  5.200,  0.98,  1, 0.43, 0.26, 1.21, 0.00, 0.56, 1.23, 0.00, 0.37, 0.31, 0.57, 0.16, 1.14, 0.00, 0.00, 0.00, 0.30, 0.00, 1.00, 1.00, 1.00, 0.00, 0.00, 1.00, 0.00, 0.00, 0.00, 1.00, 0.00, 1.00, 0.00, 0.00, 0.00, 0.00, 0.00, 0.00
314,  0,  5.217,  0.98,  1, 0.54, 0.21, 1.26, 0.00, 0.55, 1.29, 0.00, 0.33, 0.31, 0.71, 0.13, 1.19, 0.00, 0.03, 0.00, 0.28, 0.00, 1.00, 1.00, 1.00, 0.00, 0.00, 1.00, 0.00, 0.00, 0.00, 1.00, 0.00, 1.00, 0.00, 0.00, 0.00, 0.00, 0.00, 0.00
315,  0,  5.233,  0.98,  1, 0.54, 0.08, 1.20, 0.00, 0.57, 1.41, 0.00, 0.33, 0.35, 0.85, 0.08, 1.28, 0.00, 0.03, 0.00, 0.21, 0.00, 1.00, 1.00, 1.00, 0.00, 0.00, 1.00, 0.00, 0.00, 0.00, 1.00, 0.00, 1.00, 0.00, 0.00, 0.00, 0.00, 0.00, 0.00
316,  0,  5.250,  0.98,  1, 0.46, 0.02, 1.12, 0.00, 0.58, 1.23, 0.00, 0.36, 0.38, 0.63, 0.07, 1.21, 0.00, 0.03, 0.00, 0.26, 0.00, 1.00, 1.00, 1.00, 0.00, 0.00, 1.00, 0.00, 0.00, 0.00, 1.00, 0.00, 1.00, 0.00, 0.00, 0.00, 0.00, 0.00, 0.00
317,  0,  5.267,  0.98,  1, 0.30, 0.02, 1.16, 0.00, 0.52, 1.43, 0.00, 0.28, 0.36, 0.65, 0.07, 1.10, 0.05, 0.00, 0.00, 0.24, 0.00, 1.00, 1.00, 1.00, 0.00, 0.00, 1.00, 0.00, 0.00, 0.00, 1.00, 0.00, 1.00, 0.00, 0.00, 0.00, 0.00, 0.00, 0.00
318,  0,  5.283,  0.98,  1, 0.25, 0.05, 1.28, 0.00, 0.50, 1.27, 0.00, 0.22, 0.36, 0.65, 0.04, 0.92, 0.05, 0.00, 0.00, 0.35, 0.00, 1.00, 1.00, 1.00, 0.00, 0.00, 1.00, 0.00, 0.00, 0.00, 1.00, 0.00, 0.00, 0.00, 0.00, 0.00, 0.00, 0.00, 0.00
319,  0,  5.300,  0.98,  1, 0.34, 0.05, 1.20, 0.00, 0.40, 1.29, 0.00, 0.07, 0.34, 0.70, 0.08, 1.09, 0.05, 0.06, 0.00, 0.43, 0.00, 1.00, 1.00, 1.00, 0.00, 0.00, 1.00, 0.00, 0.00, 0.00, 1.00, 0.00, 0.00, 0.00, 0.00, 0.00, 0.00, 0.00, 0.00
320,  0,  5.317,  0.98,  1, 0.41, 0.10, 1.29, 0.00, 0.49, 1.05, 0.00, 0.08, 0.34, 0.67, 0.12, 1.19, 0.00, 0.07, 0.00, 0.38, 0.00, 1.00, 1.00, 1.00, 0.00, 0.00, 1.00, 0.00, 0.00, 0.00, 1.00, 0.00, 0.00, 0.00, 0.00, 0.00, 0.00, 0.00, 0.00
321,  0,  5.333,  0.98,  1, 0.50, 0.05, 1.20, 0.00, 0.47, 0.82, 0.00, 0.16, 0.29, 0.68, 0.14, 1.36, 0.08, 0.07, 0.00, 0.23, 0.00, 1.00, 1.00, 1.00, 0.00, 0.00, 1.00, 0.00, 0.00, 0.00, 1.00, 0.00, 0.00, 0.00, 0.00, 0.00, 0.00, 0.00, 0.00
322,  0,  5.350,  0.98,  1, 0.46, 0.05, 1.17, 0.00, 0.50, 0.67, 0.00, 0.21, 0.28, 0.77, 0.19, 1.35, 0.16, 0.07, 0.00, 0.31, 0.00, 1.00, 1.00, 1.00, 0.00, 0.00, 1.00, 0.00, 0.00, 0.00, 1.00, 0.00, 0.00, 0.00, 0.00, 0.00, 0.00, 0.00, 0.00
323,  0,  5.367,  0.98,  1, 0.50, 0.05, 1.18, 0.09, 0.45, 0.90, 0.00, 0.22, 0.29, 0.77, 0.11, 1.36, 0.16, 0.06, 0.00, 0.45, 0.00, 1.00, 1.00, 1.00, 0.00, 0.00, 1.00, 0.00, 0.00, 0.00, 1.00, 0.00, 0.00, 0.00, 0.00, 0.00, 0.00, 0.00, 0.00
324,  0,  5.383,  0.98,  1, 0.42, 0.16, 1.06, 0.09, 0.45, 1.08, 0.00, 0.12, 0.29, 0.62, 0.09, 1.36, 0.08, 0.07, 0.03, 0.57, 0.00, 1.00, 1.00, 1.00, 0.00, 0.00, 1.00, 0.00, 0.00, 0.00, 1.00, 0.00, 0.00, 0.00, 0.00, 0.00, 0.00, 0.00, 0.00
325,  0,  5.400,  0.98,  1, 0.38, 0.16, 1.09, 0.14, 0.53, 1.30, 0.00, 0.09, 0.33, 0.58, 0.01, 1.13, 0.06, 0.06, 0.03, 0.32, 0.00, 1.00, 1.00, 1.00, 0.00, 0.00, 1.00, 0.00, 0.00, 0.00, 1.00, 0.00, 1.00, 0.00, 0.00, 0.00, 0.00, 0.00, 0.00
326,  0,  5.417,  0.98,  1, 0.27, 0.20, 0.99, 0.05, 0.53, 1.21, 0.00, 0.06, 0.33, 0.76, 0.31, 1.20, 0.07, 0.12, 0.06, 0.44, 0.00, 0.00, 1.00, 1.00, 0.00, 0.00, 1.00, 0.00, 0.00, 0.00, 1.00, 0.00, 0.00, 0.00, 0.00, 0.00, 0.00, 0.00, 0.00
327,  0,  5.433,  0.98,  1, 0.25, 0.09, 1.05, 0.05, 0.56, 1.17, 0.00, 0.06, 0.36, 0.97, 0.31, 1.07, 0.07, 0.12, 0.03, 0.41, 0.00, 0.00, 1.00, 1.00, 0.00, 0.00, 1.00, 0.00, 0.00, 0.00, 1.00, 0.00, 0.00, 0.00, 0.00, 0.00, 0.00, 0.00, 0.00
328,  0,  5.450,  0.98,  1, 0.27, 0.16, 0.89, 0.00, 0.50, 0.74, 0.00, 0.04, 0.26, 0.94, 0.31, 1.16, 0.01, 0.08, 0.03, 0.41, 0.00, 1.00, 1.00, 1.00, 0.00, 0.00, 1.00, 0.00, 0.00, 0.00, 1.00, 0.00, 0.00, 0.00, 0.00, 0.00, 0.00, 0.00, 0.00
329,  0,  5.467,  0.98,  1, 0.34, 0.10, 1.01, 0.11, 0.45, 0.68, 0.00, 0.04, 0.27, 0.81, 0.10, 1.11, 0.00, 0.07, 0.00, 0.30, 0.00, 1.00, 1.00, 1.00, 0.00, 0.00, 1.00, 0.00, 0.00, 0.00, 1.00, 0.00, 0.00, 0.00, 0.00, 0.00, 0.00, 0.00, 0.00
330,  0,  5.483,  0.98,  1, 0.39, 0.28, 1.08, 0.11, 0.38, 0.63, 0.00, 0.04, 0.31, 0.60, 0.29, 1.07, 0.00, 0.06, 0.00, 0.26, 0.00, 1.00, 1.00, 1.00, 0.00, 0.00, 1.00, 0.00, 0.00, 0.00, 1.00, 0.00, 1.00, 0.00, 0.00, 0.00, 0.00, 0.00, 0.00
331,  0,  5.500,  0.98,  1, 0.44, 0.21, 1.33, 0.11, 0.41, 1.20, 0.00, 0.12, 0.37, 0.59, 0.32, 1.02, 0.00, 0.09, 0.00, 0.33, 0.00, 1.00, 1.00, 1.00, 0.00, 0.00, 1.00, 0.00, 0.00, 0.00, 1.00, 0.00, 1.00, 0.00, 0.00, 0.00, 0.00, 0.00, 0.00
332,  0,  5.517,  0.98,  1, 0.35, 0.18, 1.12, 0.00, 0.41, 1.09, 0.00, 0.10, 0.36, 0.44, 0.36, 1.06, 0.00, 0.10, 0.00, 0.16, 0.00, 1.00, 1.00, 0.00, 0.00, 0.00, 1.00, 0.00, 0.00, 0.00, 1.00, 0.00, 1.00, 0.00, 0.00, 0.00, 0.00, 0.00, 0.00
333,  0,  5.533,  0.98,  1, 0.30, 0.00, 1.01, 0.00, 0.47, 1.22, 0.00, 0.10, 0.32, 0.55, 0.21, 1.13, 0.01, 0.14, 0.00, 0.24, 0.00, 1.00, 1.00, 1.00, 0.00, 0.00, 1.00, 0.00, 0.00, 0.00, 1.00, 0.00, 1.00, 0.00, 0.00, 0.00, 0.00, 0.00, 0.00
334,  0,  5.550,  0.98,  1, 0.18, 0.00, 0.85, 0.00, 0.46, 0.68, 0.00, 0.15, 0.34, 0.53, 0.25, 1.26, 0.01, 0.12, 0.00, 0.26, 0.00, 1.00, 1.00, 1.00, 0.00, 0.00, 1.00, 0.00, 0.00, 0.00, 1.00, 0.00, 1.00, 0.00, 0.00, 0.00, 0.00, 0.00, 0.00
335,  0,  5.567,  0.98,  1, 0.20, 0.00, 1.10, 0.00, 0.51, 0.74, 0.00, 0.23, 0.34, 0.60, 0.12, 1.19, 0.03, 0.09, 0.00, 0.31, 0.00, 1.00, 1.00, 0.00, 0.00, 0.00, 1.00, 0.00, 0.00, 0.00, 1.00, 0.00, 1.00, 0.00, 0.00, 0.00, 0.00, 0.00, 0.00
336,  0,  5.583,  0.98,  1, 0.28, 0.02, 1.19, 0.00, 0.42, 0.62, 0.00, 0.27, 0.35, 0.57, 0.12, 1.16, 0.02, 0.10, 0.00, 0.19, 0.00, 1.00, 1.00, 0.00, 0.00, 0.00, 1.00, 0.00, 0.00, 0.00, 1.00, 0.00, 1.00, 0.00, 0.00, 0.00, 0.00, 0.00, 0.00
337,  0,  5.600,  0.98,  1, 0.37, 0.05, 1.21, 0.03, 0.37, 0.73, 0.00, 0.22, 0.34, 0.63, 0.03, 1.14, 0.02, 0.14, 0.00, 0.25, 0.00, 0.00, 1.00, 0.00, 0.00, 0.00, 1.00, 0.00, 0.00, 0.00, 1.00, 0.00, 1.00, 0.00, 0.00, 0.00, 0.00, 0.00, 0.00
338,  0,  5.617,  0.98,  1, 0.40, 0.10, 1.09, 0.03, 0.41, 0.73, 0.00, 0.22, 0.37, 0.56, 0.04, 1.01, 0.05, 0.14, 0.00, 0.14, 0.00, 1.00, 1.00, 1.00, 0.00, 0.00, 1.00, 0.00, 0.00, 0.00, 1.00, 0.00, 1.00, 0.00, 0.00, 0.00, 0.00, 0.00, 0.00
339,  0,  5.633,  0.98,  1, 0.38, 0.08, 1.04, 0.04, 0.44, 0.60, 0.00, 0.24, 0.32, 0.72, 0.02, 1.04, 0.05, 0.13, 0.00, 0.24, 0.00, 1.00, 1.00, 1.00, 0.00, 0.00, 1.00, 0.00, 0.00, 0.00, 1.00, 0.00, 1.00, 0.00, 0.00, 0.00, 0.00, 0.00, 0.00
340,  0,  5.650,  0.98,  1, 0.41, 0.05, 1.00, 0.02, 0.39, 0.75, 0.00, 0.16, 0.36, 0.75, 0.02, 1.00, 0.05, 0.10, 0.00, 0.29, 0.00, 1.00, 1.00, 1.00, 0.00, 0.00, 1.00, 0.00, 0.00, 0.00, 1.00, 0.00, 0.00, 0.00, 0.00, 0.00, 0.00, 0.00, 0.00
341,  0,  5.667,  0.98,  1, 0.42, 0.00, 1.09, 0.08, 0.32, 0.93, 0.00, 0.12, 0.33, 0.64, 0.10, 1.03, 0.06, 0.06, 0.00, 0.40, 0.00, 0.00, 1.00, 1.00, 0.00, 0.00, 1.00, 0.00, 0.00, 0.00, 1.00, 0.00, 0.00, 0.00, 0.00, 0.00, 0.00, 0.00, 0.00
342,  0,  5.683,  0.98,  1, 0.53, 0.14, 1.21, 0.07, 0.37, 1.18, 0.00, 0.08, 0.36, 0.56, 0.10, 1.02, 0.06, 0.05, 0.00, 0.30, 0.00, 0.00, 1.00, 1.00, 0.00, 0.00, 1.00, 0.00, 0.00, 0.00, 1.00, 0.00, 0.00, 0.00, 0.00, 0.00, 0.00, 0.00, 0.00
343,  0,  5.700,  0.98,  1, 0.42, 0.14, 1.17, 0.06, 0.41, 1.32, 0.00, 0.17, 0.32, 0.69, 0.10, 1.06, 0.06, 0.05, 0.00, 0.11, 0.00, 1.00, 1.00, 1.00, 0.00, 0.00, 1.00, 0.00, 0.00, 0.00, 1.00, 0.00, 0.00, 0.00, 0.00, 0.00, 0.00, 0.00, 0.00
344,  0,  5.717,  0.98,  1, 0.33, 0.14, 1.00, 0.06, 0.39, 1.13, 0.00, 0.23, 0.34, 0.86, 0.04, 1.14, 0.00, 0.08, 0.00, 0.13, 0.00, 1.00, 1.00, 1.00, 0.00, 0.00, 1.00, 0.00, 0.00, 0.00, 1.00, 0.00, 0.00, 0.00, 0.00, 0.00, 0.00, 0.00, 0.00
345,  0,  5.733,  0.98,  1, 0.11, 0.00, 0.91, 0.09, 0.35, 0.87, 0.00, 0.21, 0.36, 0.86, 0.05, 1.14, 0.00, 0.07, 0.00, 0.14, 0.00, 1.00, 1.00, 1.00, 0.00, 0.00, 1.00, 0.00, 0.00, 0.00, 1.00, 0.00, 0.00, 0.00, 0.00, 0.00, 0.00, 0.00, 0.00
346,  0,  5.750,  0.98,  1, 0.19, 0.00, 1.05, 0.09, 0.36, 0.52, 0.00, 0.22, 0.40, 0.80, 0.08, 1.24, 0.00, 0.15, 0.00, 0.34, 0.00, 1.00, 0.00, 1.00, 0.00, 0.00, 1.00, 0.00, 0.00, 0.00, 1.00, 0.00, 1.00, 0.00, 0.00, 0.00, 0.00, 0.00, 0.00
347,  0,  5.767,  0.98,  1, 0.17, 0.00, 1.03, 0.16, 0.36, 0.42, 0.00, 0.10, 0.36, 0.68, 0.04, 1.24, 0.00, 0.13, 0.03, 0.22, 0.00, 1.00, 0.00, 1.00, 0.00, 0.00, 1.00, 0.00, 0.00, 0.00, 1.00, 0.00, 1.00, 0.00, 0.00, 0.00, 0.00, 0.00, 0.00
348,  0,  5.783,  0.98,  1, 0.23, 0.00, 1.06, 0.27, 0.37, 0.61, 0.00, 0.10, 0.34, 0.65, 0.03, 1.31, 0.00, 0.16, 0.03, 0.30, 0.00, 1.00, 0.00, 1.00, 0.00, 0.00, 1.00, 0.00, 0.00, 0.00, 1.00, 0.00, 1.00, 0.00, 0.00, 0.00, 0.00, 0.00, 0.00
349,  0,  5.800,  0.98,  1, 0.23, 0.00, 0.94, 0.34, 0.37, 0.82, 0.00, 0.02, 0.32, 0.55, 0.06, 1.18, 0.00, 0.15, 0.03, 0.19, 0.00, 1.00, 0.00, 1.00, 0.00, 0.00, 1.00, 0.00, 0.00, 0.00, 1.00, 0.00, 1.00, 0.00, 0.00, 0.00, 0.00, 0.00, 0.00
350,  0,  5.817,  0.98,  1, 0.28, 0.02, 1.06, 0.28, 0.33, 0.92, 0.00, 0.01, 0.26, 0.60, 0.08, 1.13, 0.02, 0.19, 0.01, 0.19, 0.00, 1.00, 0.00, 1.00, 0.00, 0.00, 1.00, 0.00, 0.00, 0.00, 1.00, 0.00, 1.00, 0.00, 0.00, 0.00, 0.00, 0.00, 0.00
351,  0,  5.833,  0.98,  1, 0.32, 0.04, 1.05, 0.14, 0.34, 0.92, 0.00, 0.11, 0.24, 0.64, 0.11, 1.09, 0.02, 0.16, 0.01, 0.27, 0.00, 0.00, 1.00, 1.00, 0.00, 0.00, 1.00, 0.00, 0.00, 0.00, 1.00, 0.00, 1.00, 0.00, 0.00, 0.00, 0.00, 0.00, 0.00
352,  0,  5.850,  0.98,  1, 0.36, 0.04, 1.00, 0.07, 0.38, 0.86, 0.00, 0.09, 0.24, 0.58, 0.05, 1.22, 0.02, 0.10, 0.01, 0.26, 0.00, 0.00, 1.00, 1.00, 0.00, 0.00, 1.00, 0.00, 0.00, 0.00, 1.00, 0.00, 1.00, 0.00, 0.00, 0.00, 0.00, 0.00, 0.00
353,  0,  5.867,  0.98,  1, 0.43, 0.10, 0.92, 0.13, 0.46, 1.02, 0.00, 0.19, 0.33, 0.63, 0.03, 1.29, 0.00, 0.11, 0.00, 0.33, 0.00, 0.00, 1.00, 1.00, 0.00, 0.00, 1.00, 0.00, 0.00, 0.00, 1.00, 0.00, 1.00, 0.00, 0.00, 0.00, 0.00, 0.00, 0.00
354,  0,  5.883,  0.98,  1, 0.30, 0.08, 0.90, 0.13, 0.52, 0.92, 0.00, 0.13, 0.38, 0.57, 0.06, 1.27, 0.00, 0.13, 0.00, 0.31, 0.00, 0.00, 1.00, 1.00, 0.00, 0.00, 1.00, 0.00, 0.00, 0.00, 1.00, 0.00, 1.00, 0.00, 0.00, 0.00, 0.00, 0.00, 0.00
355,  0,  5.900,  0.98,  1, 0.33, 0.16, 1.08, 0.13, 0.48, 1.15, 0.00, 0.13, 0.39, 0.63, 0.06, 1.20, 0.00, 0.16, 0.00, 0.35, 0.00, 0.00, 0.00, 1.00, 0.00, 0.00, 1.00, 0.00, 0.00, 0.00, 1.00, 0.00, 1.00, 0.00, 0.00, 0.00, 0.00, 0.00, 0.00
356,  0,  5.917,  0.98,  1, 0.24, 0.08, 0.99, 0.01, 0.45, 0.85, 0.00, 0.14, 0.42, 0.57, 0.11, 1.13, 0.00, 0.12, 0.00, 0.35, 0.00, 0.00, 1.00, 1.00, 0.00, 0.00, 1.00, 0.00, 0.00, 0.00, 1.00, 0.00, 1.00, 0.00, 0.00, 0.00, 0.00, 0.00, 0.00
357,  0,  5.933,  0.98,  1, 0.42, 0.13, 0.92, 0.03, 0.35, 0.60, 0.00, 0.11, 0.36, 0.60, 0.16, 1.19, 0.01, 0.13, 0.09, 0.27, 0.00, 0.00, 1.00, 1.00, 0.00, 0.00, 1.00, 0.00, 0.00, 0.00, 1.00, 0.00, 1.00, 0.00, 0.00, 0.00, 0.00, 0.00, 0.00
358,  0,  5.950,  0.98,  1, 0.36, 0.06, 0.86, 0.10, 0.35, 0.47, 0.00, 0.21, 0.33, 0.62, 0.16, 1.11, 0.05, 0.15, 0.12, 0.22, 0.00, 0.00, 0.00, 1.00, 0.00, 0.00, 0.00, 0.00, 0.00, 0.00, 1.00, 0.00, 1.00, 0.00, 0.00, 0.00, 0.00, 0.00, 0.00
359,  0,  5.967,  0.98,  1, 0.57, 0.06, 0.99, 0.20, 0.30, 0.56, 0.00, 0.11, 0.26, 0.69, 0.11, 1.24, 0.05, 0.22, 0.12, 0.21, 0.00, 0.00, 0.00, 1.00, 0.00, 0.00, 0.00, 0.00, 0.00, 0.00, 1.00, 0.00, 1.00, 0.00, 0.00, 0.00, 0.00, 0.00, 0.00
360,  0,  5.983,  0.98,  1, 0.41, 0.01, 0.92, 0.19, 0.34, 0.84, 0.00, 0.11, 0.28, 0.73, 0.03, 1.19, 0.03, 0.23, 0.03, 0.18, 0.00, 0.00, 0.00, 1.00, 0.00, 0.00, 0.00, 0.00, 0.00, 0.00, 1.00, 0.00, 1.00, 0.00, 0.00, 0.00, 0.00, 0.00, 0.00
361,  0,  6.000,  0.98,  1, 0.35, 0.01, 0.91, 0.12, 0.29, 0.86, 0.00, 0.03, 0.30, 0.83, 0.03, 1.27, 0.00, 0.22, 0.00, 0.31, 0.00, 0.00, 0.00, 1.00, 0.00, 0.00, 0.00, 0.00, 0.00, 0.00, 1.00, 0.00, 1.00, 0.00, 0.00, 0.00, 0.00, 0.00, 0.00
362,  0,  6.017,  0.98,  1, 0.18, 0.09, 0.92, 0.04, 0.36, 0.86, 0.00, 0.13, 0.32, 0.81, 0.09, 1.06, 0.00, 0.17, 0.00, 0.26, 0.00, 0.00, 0.00, 1.00, 0.00, 0.00, 1.00, 0.00, 0.00, 0.00, 1.00, 0.00, 1.00, 0.00, 0.00, 0.00, 0.00, 0.00, 0.00
363,  0,  6.033,  0.98,  1, 0.18, 0.09, 0.94, 0.03, 0.30, 0.86, 0.00, 0.13, 0.32, 0.71, 0.17, 0.95, 0.00, 0.16, 0.00, 0.34, 0.00, 0.00, 0.00, 1.00, 0.00, 0.00, 1.00, 0.00, 0.00, 0.00, 1.00, 0.00, 1.00, 0.00, 0.00, 0.00, 0.00, 0.00, 0.00
364,  0,  6.050,  0.98,  1, 0.11, 0.09, 0.83, 0.02, 0.35, 0.71, 0.00, 0.16, 0.31, 0.57, 0.23, 0.99, 0.00, 0.17, 0.00, 0.23, 0.00, 0.00, 0.00, 1.00, 0.00, 0.00, 1.00, 0.00, 0.00, 0.00, 1.00, 0.00, 1.00, 0.00, 0.00, 0.00, 0.00, 0.00, 0.00
365,  0,  6.067,  0.98,  1, 0.18, 0.00, 0.88, 0.00, 0.34, 0.89, 0.00, 0.11, 0.32, 0.67, 0.26, 1.16, 0.00, 0.18, 0.00, 0.37, 0.00, 0.00, 0.00, 1.00, 0.00, 0.00, 1.00, 0.00, 0.00, 0.00, 1.00, 0.00, 1.00, 0.00, 0.00, 0.00, 0.00, 0.00, 0.00
366,  0,  6.083,  0.98,  1, 0.28, 0.17, 0.98, 0.00, 0.38, 0.85, 0.00, 0.11, 0.32, 0.64, 0.18, 1.40, 0.00, 0.14, 0.00, 0.34, 0.00, 0.00, 1.00, 1.00, 0.00, 0.00, 1.00, 0.00, 0.00, 0.00, 1.00, 0.00, 1.00, 0.00, 0.00, 0.00, 0.00, 0.00, 0.00
367,  0,  6.100,  0.98,  1, 0.28, 0.18, 1.21, 0.00, 0.37, 1.00, 0.00, 0.05, 0.27, 0.69, 0.12, 1.31, 0.01, 0.09, 0.03, 0.30, 0.00, 0.00, 1.00, 1.00, 0.00, 0.00, 1.00, 0.00, 0.00, 0.00, 1.00, 0.00, 1.00, 0.00, 0.00, 0.00, 0.00, 0.00, 0.00
368,  0,  6.117,  0.98,  1, 0.21, 0.20, 1.17, 0.01, 0.40, 1.08, 0.00, 0.09, 0.29, 0.59, 0.04, 1.36, 0.01, 0.09, 0.03, 0.26, 0.00, 0.00, 1.00, 1.00, 0.00, 0.00, 1.00, 0.00, 0.00, 0.00, 1.00, 0.00, 1.00, 0.00, 0.00, 0.00, 0.00, 0.00, 0.00
369,  0,  6.133,  0.98,  1, 0.09, 0.04, 1.11, 0.09, 0.39, 1.28, 0.00, 0.09, 0.27, 0.65, 0.07, 1.29, 0.01, 0.07, 0.03, 0.28, 0.00, 0.00, 1.00, 1.00, 0.00, 0.00, 1.00, 0.00, 0.00, 0.00, 1.00, 0.00, 1.00, 0.00, 0.00, 0.00, 0.00, 0.00, 0.00
370,  0,  6.150,  0.98,  1, 0.24, 0.11, 1.01, 0.09, 0.54, 1.54, 0.00, 0.10, 0.36, 0.57, 0.17, 1.34, 0.00, 0.06, 0.00, 0.33, 0.00, 0.00, 1.00, 1.00, 0.00, 0.00, 1.00, 0.00, 0.00, 0.00, 1.00, 0.00, 1.00, 0.00, 0.00, 0.00, 0.00, 0.00, 0.00
371,  0,  6.167,  0.98,  1, 0.35, 0.08, 1.04, 0.08, 0.52, 1.26, 0.00, 0.12, 0.34, 0.54, 0.20, 1.15, 0.00, 0.01, 0.03, 0.32, 0.22, 1.00, 1.00, 1.00, 0.00, 0.00, 1.00, 0.00, 0.00, 0.00, 1.00, 0.00, 1.00, 0.00, 0.00, 0.00, 0.00, 0.00, 0.00
372,  0,  6.183,  0.98,  1, 0.75, 0.21, 1.11, 0.00, 0.60, 0.94, 0.00, 0.18, 0.40, 0.58, 0.20, 0.95, 0.08, 0.00, 0.03, 0.39, 0.32, 1.00, 1.00, 1.00, 0.00, 0.00, 1.00, 0.00, 0.00, 0.00, 1.00, 0.00, 0.00, 0.00, 0.00, 0.00, 0.00, 0.00, 1.00
373,  0,  6.200,  0.98,  1, 1.07, 0.13, 1.09, 0.00, 0.49, 0.63, 0.00, 0.22, 0.39, 0.62, 0.21, 0.92, 0.11, 0.00, 0.03, 0.34, 0.53, 1.00, 1.00, 0.00, 0.00, 0.00, 1.00, 0.00, 0.00, 0.00, 1.00, 0.00, 0.00, 0.00, 0.00, 0.00, 0.00, 0.00, 1.00
374,  0,  6.217,  0.98,  1, 1.27, 0.13, 1.21, 0.00, 0.56, 0.78, 0.00, 0.22, 0.49, 0.73, 0.19, 0.92, 0.16, 0.00, 0.00, 0.34, 0.60, 1.00, 1.00, 0.00, 0.00, 0.00, 1.00, 0.00, 0.00, 0.00, 1.00, 0.00, 0.00, 0.00, 0.00, 0.00, 0.00, 0.00, 1.00
375,  0,  6.233,  0.98,  1, 1.35, 0.10, 1.21, 0.00, 0.52, 0.94, 0.00, 0.22, 0.51, 0.61, 0.20, 0.93, 0.08, 0.00, 0.00, 0.24, 0.53, 1.00, 1.00, 1.00, 0.00, 0.00, 1.00, 0.00, 0.00, 0.00, 1.00, 0.00, 0.00, 0.00, 0.00, 0.00, 0.00, 0.00, 1.00
376,  0,  6.250,  0.98,  1, 1.16, 0.19, 1.28, 0.00, 0.61, 1.01, 0.00, 0.25, 0.50, 0.51, 0.25, 1.01, 0.05, 0.00, 0.00, 0.21, 0.38, 1.00, 1.00, 1.00, 0.00, 0.00, 1.00, 0.00, 0.00, 0.00, 1.00, 0.00, 0.00, 0.00, 0.00, 0.00, 0.00, 0.00, 1.00
377,  0,  6.267,  0.98,  1, 0.84, 0.19, 1.15, 0.00, 0.68, 1.15, 0.00, 0.28, 0.48, 0.44, 0.22, 1.13, 0.00, 0.00, 0.00, 0.23, 0.25, 1.00, 0.00, 1.00, 0.00, 0.00, 1.00, 0.00, 0.00, 0.00, 1.00, 0.00, 1.00, 0.00, 0.00, 0.00, 0.00, 0.00, 1.00
378,  0,  6.283,  0.98,  1, 0.46, 0.08, 1.06, 0.00, 0.82, 1.52, 0.00, 0.45, 0.47, 0.56, 0.16, 1.35, 0.00, 0.00, 0.00, 0.40, 0.34, 1.00, 1.00, 1.00, 0.00, 0.00, 1.00, 0.00, 0.00, 0.00, 1.00, 0.00, 1.00, 0.00, 0.00, 0.00, 0.00, 0.00, 1.00
379,  0,  6.300,  0.98,  1, 0.33, 0.00, 1.15, 0.00, 0.86, 1.73, 0.00, 0.61, 0.45, 0.70, 0.03, 1.32, 0.00, 0.00, 0.00, 0.51, 0.50, 0.00, 1.00, 1.00, 0.00, 0.00, 1.00, 0.00, 0.00, 0.00, 1.00, 0.00, 1.00, 0.00, 0.00, 0.00, 0.00, 0.00, 1.00
380,  0,  6.317,  0.98,  1, 0.43, 0.09, 1.20, 0.00, 0.80, 1.86, 0.00, 0.52, 0.38, 0.77, 0.13, 1.35, 0.00, 0.00, 0.00, 0.55, 0.35, 0.00, 0.00, 1.00, 0.00, 0.00, 1.00, 0.00, 0.00, 0.00, 1.00, 0.00, 1.00, 0.00, 0.00, 0.00, 0.00, 0.00, 1.00
381,  0,  6.333,  0.98,  1, 0.36, 0.18, 1.21, 0.00, 0.74, 1.84, 0.00, 0.39, 0.33, 0.75, 0.13, 1.30, 0.04, 0.00, 0.00, 0.47, 0.25, 0.00, 0.00, 1.00, 0.00, 0.00, 1.00, 0.00, 0.00, 0.00, 1.00, 0.00, 1.00, 0.00, 0.00, 0.00, 0.00, 0.00, 1.00
382,  0,  6.350,  0.98,  1, 0.35, 0.18, 1.00, 0.00, 0.66, 1.64, 0.00, 0.30, 0.36, 0.72, 0.10, 1.19, 0.04, 0.00, 0.00, 0.49, 0.19, 0.00, 1.00, 1.00, 0.00, 0.00, 1.00, 0.00, 0.00, 0.00, 1.00, 0.00, 1.00, 0.00, 0.00, 0.00, 0.00, 0.00, 0.00
383,  0,  6.367,  0.98,  1, 0.33, 0.14, 0.92, 0.00, 0.59, 1.16, 0.00, 0.24, 0.35, 0.73, 0.00, 1.11, 0.08, 0.00, 0.00, 0.42, 0.22, 0.00, 1.00, 1.00, 0.00, 0.00, 1.00, 0.00, 0.00, 0.00, 1.00, 0.00, 1.00, 0.00, 0.00, 0.00, 0.00, 0.00, 0.00
384,  0,  6.383,  0.98,  1, 0.40, 0.05, 0.98, 0.00, 0.51, 0.87, 0.00, 0.31, 0.38, 0.74, 0.09, 1.13, 0.04, 0.00, 0.00, 0.34, 0.19, 0.00, 1.00, 1.00, 0.00, 0.00, 1.00, 0.00, 0.00, 0.00, 1.00, 0.00, 0.00, 0.00, 0.00, 0.00, 0.00, 0.00, 0.00
385,  0,  6.400,  0.98,  1, 0.42, 0.09, 1.05, 0.00, 0.54, 0.96, 0.00, 0.21, 0.39, 0.68, 0.21, 1.19, 0.04, 0.00, 0.00, 0.31, 0.03, 0.00, 1.00, 1.00, 0.00, 0.00, 1.00, 0.00, 0.00, 0.00, 1.00, 0.00, 0.00, 0.00, 0.00, 0.00, 0.00, 0.00, 0.00
386,  0,  6.417,  0.98,  1, 0.43, 0.05, 1.06, 0.00, 0.57, 1.21, 0.00, 0.26, 0.40, 0.73, 0.29, 1.24, 0.00, 0.00, 0.00, 0.23, 0.01, 0.00, 1.00, 1.00, 0.00, 0.00, 1.00, 0.00, 0.00, 0.00, 1.00, 0.00, 0.00, 0.00, 0.00, 0.00, 0.00, 0.00, 0.00
387,  0,  6.433,  0.98,  1, 0.46, 0.12, 1.03, 0.00, 0.59, 1.18, 0.00, 0.21, 0.38, 0.66, 0.21, 1.17, 0.00, 0.00, 0.00, 0.24, 0.03, 0.00, 1.00, 1.00, 0.00, 0.00, 1.00, 0.00, 0.00, 0.00, 1.00, 0.00, 0.00, 0.00, 0.00, 0.00, 0.00, 0.00, 0.00
388,  0,  6.450,  0.98,  1, 0.44, 0.28, 1.06, 0.00, 0.57, 1.23, 0.00, 0.22, 0.37, 0.87, 0.11, 1.26, 0.00, 0.02, 0.00, 0.30, 0.03, 0.00, 1.00, 1.00, 0.00, 0.00, 1.00, 0.00, 0.00, 0.00, 1.00, 0.00, 1.00, 0.00, 0.00, 0.00, 0.00, 0.00, 0.00
389,  0,  6.467,  0.98,  1, 0.52, 0.34, 1.12, 0.00, 0.57, 1.27, 0.00, 0.17, 0.36, 0.76, 0.02, 1.31, 0.09, 0.02, 0.00, 0.28, 0.01, 0.00, 0.00, 1.00, 0.00, 0.00, 1.00, 0.00, 0.00, 0.00, 1.00, 0.00, 0.00, 0.00, 0.00, 0.00, 0.00, 0.00, 0.00
390,  0,  6.483,  0.98,  1, 0.51, 0.26, 1.18, 0.00, 0.59, 1.51, 0.00, 0.14, 0.34, 0.74, 0.06, 1.31, 0.09, 0.02, 0.00, 0.29, 0.00, 0.00, 0.00, 1.00, 0.00, 0.00, 1.00, 0.00, 0.00, 0.00, 1.00, 0.00, 1.00, 0.00, 0.00, 0.00, 0.00, 0.00, 0.00
391,  0,  6.500,  0.98,  1, 0.52, 0.07, 1.13, 0.00, 0.59, 1.42, 0.00, 0.19, 0.34, 0.56, 0.05, 1.16, 0.09, 0.00, 0.00, 0.18, 0.00, 0.00, 0.00, 1.00, 0.00, 0.00, 1.00, 0.00, 0.00, 0.00, 1.00, 0.00, 1.00, 0.00, 0.00, 0.00, 0.00, 0.00, 0.00
392,  0,  6.517,  0.98,  1, 0.28, 0.00, 0.98, 0.00, 0.58, 1.52, 0.00, 0.34, 0.36, 0.65, 0.13, 1.17, 0.00, 0.02, 0.00, 0.19, 0.00, 0.00, 0.00, 1.00, 0.00, 0.00, 1.00, 0.00, 0.00, 0.00, 1.00, 0.00, 1.00, 0.00, 0.00, 0.00, 0.00, 0.00, 0.00
393,  0,  6.533,  0.98,  1, 0.30, 0.03, 0.95, 0.00, 0.54, 1.16, 0.00, 0.27, 0.34, 0.75, 0.08, 1.21, 0.02, 0.03, 0.00, 0.21, 0.00, 0.00, 0.00, 1.00, 0.00, 0.00, 1.00, 0.00, 0.00, 0.00, 1.00, 0.00, 1.00, 0.00, 0.00, 0.00, 0.00, 0.00, 0.00
394,  0,  6.550,  0.98,  1, 0.26, 0.03, 0.99, 0.00, 0.49, 1.23, 0.00, 0.19, 0.30, 0.85, 0.11, 1.34, 0.03, 0.03, 0.00, 0.21, 0.00, 0.00, 0.00, 1.00, 0.00, 0.00, 1.00, 0.00, 0.00, 0.00, 1.00, 0.00, 1.00, 0.00, 0.00, 0.00, 0.00, 0.00, 0.00
395,  0,  6.567,  0.98,  1, 0.44, 0.03, 1.13, 0.00, 0.45, 1.13, 0.00, 0.06, 0.22, 0.76, 0.08, 1.32, 0.03, 0.02, 0.00, 0.31, 0.00, 0.00, 1.00, 1.00, 0.00, 0.00, 1.00, 0.00, 0.00, 0.00, 1.00, 0.00, 1.00, 0.00, 0.00, 0.00, 0.00, 0.00, 0.00
396,  0,  6.583,  0.98,  1, 0.37, 0.02, 1.03, 0.00, 0.48, 1.10, 0.00, 0.10, 0.25, 0.72, 0.08, 1.25, 0.02, 0.02, 0.00, 0.24, 0.00, 0.00, 1.00, 1.00, 0.00, 0.00, 1.00, 0.00, 0.00, 0.00, 1.00, 0.00, 1.00, 0.00, 0.00, 0.00, 0.00, 0.00, 0.00
397,  0,  6.600,  0.98,  1, 0.33, 0.02, 1.08, 0.00, 0.45, 0.87, 0.00, 0.24, 0.25, 0.61, 0.06, 1.20, 0.08, 0.03, 0.00, 0.27, 0.00, 0.00, 1.00, 1.00, 0.00, 0.00, 1.00, 0.00, 0.00, 0.00, 1.00, 0.00, 1.00, 0.00, 0.00, 0.00, 0.00, 0.00, 0.00
398,  0,  6.617,  0.98,  1, 0.31, 0.02, 0.99, 0.06, 0.44, 0.63, 0.00, 0.29, 0.32, 0.66, 0.23, 1.09, 0.08, 0.04, 0.00, 0.18, 0.00, 0.00, 1.00, 1.00, 0.00, 0.00, 1.00, 0.00, 0.00, 0.00, 1.00, 0.00, 1.00, 0.00, 0.00, 0.00, 0.00, 0.00, 0.00
399,  0,  6.633,  0.98,  1, 0.39, 0.00, 1.11, 0.06, 0.40, 0.74, 0.00, 0.25, 0.30, 0.69, 0.27, 1.20, 0.07, 0.09, 0.00, 0.13, 0.00, 0.00, 1.00, 1.00, 0.00, 0.00, 1.00, 0.00, 0.00, 0.00, 1.00, 0.00, 1.00, 0.00, 0.00, 0.00, 0.00, 0.00, 0.00
400,  0,  6.650,  0.98,  1, 0.38, 0.00, 1.02, 0.06, 0.41, 0.66, 0.00, 0.12, 0.32, 0.66, 0.26, 1.18, 0.00, 0.12, 0.02, 0.25, 0.00, 0.00, 1.00, 1.00, 0.00, 0.00, 1.00, 0.00, 0.00, 0.00, 1.00, 0.00, 1.00, 0.00, 0.00, 0.00, 0.00, 0.00, 0.00
401,  0,  6.667,  0.98,  1, 0.38, 0.00, 1.10, 0.00, 0.48, 0.69, 0.00, 0.08, 0.32, 0.65, 0.04, 1.31, 0.00, 0.10, 0.03, 0.27, 0.00, 0.00, 1.00, 1.00, 0.00, 0.00, 1.00, 0.00, 0.00, 0.00, 1.00, 0.00, 1.00, 0.00, 0.00, 0.00, 0.00, 0.00, 0.00
402,  0,  6.683,  0.98,  1, 0.28, 0.00, 1.06, 0.00, 0.47, 0.66, 0.00, 0.08, 0.30, 0.68, 0.01, 1.19, 0.03, 0.08, 0.03, 0.36, 0.00, 0.00, 1.00, 1.00, 0.00, 0.00, 1.00, 0.00, 0.00, 0.00, 1.00, 0.00, 1.00, 0.00, 0.00, 0.00, 0.00, 0.00, 0.00
403,  0,  6.700,  0.98,  1, 0.26, 0.00, 1.03, 0.00, 0.42, 0.95, 0.00, 0.10, 0.27, 0.76, 0.10, 1.17, 0.03, 0.05, 0.01, 0.24, 0.02, 0.00, 1.00, 1.00, 0.00, 0.00, 1.00, 0.00, 0.00, 0.00, 1.00, 0.00, 1.00, 0.00, 0.00, 0.00, 0.00, 0.00, 0.00
404,  0,  6.717,  0.98,  1, 0.22, 0.04, 0.88, 0.00, 0.36, 0.94, 0.00, 0.07, 0.26, 0.73, 0.10, 1.03, 0.03, 0.04, 0.03, 0.21, 0.02, 0.00, 1.00, 1.00, 0.00, 0.00, 1.00, 0.00, 0.00, 0.00, 1.00, 0.00, 1.00, 0.00, 0.00, 0.00, 0.00, 0.00, 0.00
405,  0,  6.733,  0.98,  1, 0.17, 0.06, 0.96, 0.00, 0.40, 1.00, 0.00, 0.15, 0.28, 0.75, 0.20, 1.03, 0.07, 0.09, 0.03, 0.12, 0.02, 0.00, 1.00, 1.00, 0.00, 0.00, 1.00, 0.00, 0.00, 0.00, 1.00, 0.00, 1.00, 0.00, 0.00, 0.00, 0.00, 0.00, 0.00
406,  0,  6.750,  0.98,  1, 0.26, 0.06, 1.02, 0.00, 0.47, 1.02, 0.00, 0.17, 0.31, 0.75, 0.10, 1.16, 0.07, 0.10, 0.03, 0.10, 0.00, 0.00, 1.00, 1.00, 0.00, 0.00, 1.00, 0.00, 0.00, 0.00, 1.00, 0.00, 1.00, 0.00, 0.00, 0.00, 0.00, 0.00, 0.00
407,  0,  6.767,  0.98,  1, 0.14, 0.02, 1.11, 0.00, 0.57, 1.23, 0.00, 0.17, 0.33, 0.70, 0.21, 1.30, 0.13, 0.15, 0.00, 0.21, 0.00, 0.00, 1.00, 1.00, 0.00, 0.00, 1.00, 0.00, 0.00, 0.00, 1.00, 0.00, 1.00, 0.00, 0.00, 0.00, 0.00, 0.00, 0.00
408,  0,  6.783,  0.98,  1, 0.22, 0.04, 1.08, 0.00, 0.56, 1.07, 0.00, 0.12, 0.33, 0.68, 0.17, 1.36, 0.06, 0.10, 0.00, 0.32, 0.00, 0.00, 1.00, 1.00, 0.00, 0.00, 1.00, 0.00, 0.00, 0.00, 1.00, 0.00, 1.00, 0.00, 0.00, 0.00, 0.00, 0.00, 0.00
409,  0,  6.800,  0.98,  1, 0.19, 0.17, 1.12, 0.00, 0.54, 0.96, 0.00, 0.11, 0.32, 0.69, 0.23, 1.28, 0.10, 0.08, 0.00, 0.26, 0.00, 0.00, 1.00, 1.00, 0.00, 0.00, 1.00, 0.00, 0.00, 0.00, 1.00, 0.00, 1.00, 0.00, 0.00, 0.00, 0.00, 0.00, 0.00
410,  0,  6.817,  0.98,  1, 0.19, 0.17, 0.96, 0.00, 0.49, 0.80, 0.00, 0.22, 0.30, 0.66, 0.13, 1.27, 0.04, 0.03, 0.00, 0.24, 0.00, 0.00, 1.00, 1.00, 0.00, 0.00, 1.00, 0.00, 0.00, 0.00, 1.00, 0.00, 1.00, 0.00, 0.00, 0.00, 0.00, 0.00, 0.00
411,  0,  6.833,  0.98,  1, 0.29, 0.30, 0.96, 0.00, 0.56, 1.24, 0.00, 0.30, 0.33, 0.66, 0.11, 1.37, 0.04, 0.00, 0.00, 0.23, 0.09, 0.00, 1.00, 1.00, 0.00, 0.00, 1.00, 0.00, 0.00, 0.00, 1.00, 0.00, 1.00, 0.00, 0.00, 0.00, 0.00, 0.00, 0.00
412,  0,  6.850,  0.98,  1, 0.64, 0.20, 1.00, 0.00, 0.63, 1.22, 0.00, 0.35, 0.33, 0.64, 0.05, 1.24, 0.00, 0.00, 0.00, 0.23, 0.14, 0.00, 1.00, 1.00, 0.00, 0.00, 1.00, 0.00, 0.00, 0.00, 1.00, 0.00, 0.00, 0.00, 0.00, 0.00, 0.00, 0.00, 1.00
413,  0,  6.867,  0.98,  1, 1.15, 0.20, 1.13, 0.00, 0.59, 1.18, 0.00, 0.29, 0.43, 0.65, 0.05, 1.07, 0.06, 0.00, 0.00, 0.22, 0.53, 1.00, 1.00, 1.00, 0.00, 0.00, 1.00, 0.00, 0.00, 0.00, 1.00, 0.00, 0.00, 0.00, 0.00, 0.00, 0.00, 0.00, 1.00
414,  0,  6.883,  0.98,  1, 1.60, 0.19, 1.09, 0.00, 0.47, 0.65, 0.00, 0.25, 0.48, 0.64, 0.08, 0.79, 0.14, 0.00, 0.06, 0.14, 0.73, 1.00, 1.00, 0.00, 0.00, 0.00, 1.00, 0.00, 0.00, 0.00, 1.00, 0.00, 0.00, 0.00, 0.00, 0.00, 0.00, 0.00, 1.00
415,  0,  6.900,  0.98,  1, 1.87, 0.29, 1.14, 0.00, 0.32, 0.39, 0.00, 0.16, 0.49, 0.77, 0.15, 0.83, 0.26, 0.00, 0.07, 0.14, 1.19, 1.00, 1.00, 1.00, 0.00, 0.00, 1.00, 0.00, 0.00, 0.00, 1.00, 0.00, 0.00, 0.00, 0.00, 0.00, 0.00, 0.00, 1.00
416,  0,  6.917,  0.98,  1, 1.84, 0.42, 1.17, 0.00, 0.28, 0.26, 0.00, 0.11, 0.49, 0.78, 0.15, 0.97, 0.30, 0.00, 0.07, 0.19, 0.80, 1.00, 1.00, 0.00, 0.00, 0.00, 1.00, 0.00, 0.00, 0.00, 1.00, 0.00, 0.00, 0.00, 0.00, 0.00, 0.00, 0.00, 1.00
417,  0,  6.933,  0.98,  1, 1.62, 0.26, 1.21, 0.00, 0.32, 0.57, 0.00, 0.27, 0.47, 0.64, 0.11, 1.10, 0.22, 0.00, 0.02, 0.23, 0.79, 1.00, 1.00, 0.00, 0.00, 0.00, 1.00, 0.00, 0.00, 0.00, 1.00, 0.00, 0.00, 0.00, 0.00, 0.00, 0.00, 0.00, 1.00
418,  0,  6.950,  0.98,  1, 1.28, 0.23, 1.13, 0.00, 0.42, 0.78, 0.00, 0.36, 0.51, 0.54, 0.14, 1.19, 0.22, 0.00, 0.01, 0.35, 0.47, 1.00, 1.00, 0.00, 0.00, 0.00, 1.00, 0.00, 0.00, 0.00, 1.00, 0.00, 0.00, 0.00, 0.00, 0.00, 0.00, 0.00, 1.00
419,  0,  6.967,  0.98,  1, 0.95, 0.10, 1.17, 0.03, 0.56, 1.09, 0.00, 0.41, 0.45, 0.61, 0.21, 1.17, 0.22, 0.00, 0.01, 0.39, 0.67, 1.00, 0.00, 1.00, 0.00, 0.00, 1.00, 0.00, 0.00, 0.00, 1.00, 0.00, 0.00, 0.00, 0.00, 0.00, 0.00, 0.00, 1.00
420,  0,  6.983,  0.98,  1, 0.73, 0.17, 1.05, 0.03, 0.63, 1.08, 0.00, 0.32, 0.39, 0.71, 0.23, 1.23, 0.27, 0.00, 0.00, 0.41, 0.48, 0.00, 0.00, 1.00, 0.00, 0.00, 1.00, 0.00, 0.00, 0.00, 1.00, 0.00, 0.00, 0.00, 0.00, 0.00, 0.00, 0.00, 1.00
421,  0,  7.000,  0.98,  1, 0.48, 0.08, 1.12, 0.03, 0.71, 1.47, 0.00, 0.24, 0.44, 0.75, 0.23, 1.29, 0.16, 0.00, 0.00, 0.50, 0.48, 0.00, 0.00, 1.00, 0.00, 0.00, 1.00, 0.00, 0.00, 0.00, 1.00, 0.00, 0.00, 0.00, 0.00, 0.00, 0.00, 0.00, 1.00
422,  0,  7.017,  0.98,  1, 0.51, 0.08, 1.05, 0.00, 0.72, 1.34, 0.00, 0.27, 0.37, 0.82, 0.17, 1.31, 0.06, 0.00, 0.06, 0.42, 0.32, 0.00, 0.00, 1.00, 0.00, 0.00, 1.00, 0.00, 0.00, 0.00, 1.00, 0.00, 1.00, 0.00, 0.00, 0.00, 0.00, 0.00, 1.00
423,  0,  7.033,  0.98,  1, 0.42, 0.02, 1.19, 0.00, 0.71, 1.50, 0.00, 0.17, 0.33, 0.86, 0.15, 1.22, 0.00, 0.00, 0.06, 0.49, 0.23, 0.00, 0.00, 1.00, 0.00, 0.00, 1.00, 0.00, 0.00, 0.00, 1.00, 0.00, 0.00, 0.00, 0.00, 0.00, 0.00, 0.00, 1.00
424,  0,  7.050,  0.98,  1, 0.42, 0.02, 1.18, 0.00, 0.64, 1.08, 0.00, 0.12, 0.23, 0.86, 0.09, 1.14, 0.00, 0.00, 0.06, 0.43, 0.04, 0.00, 0.00, 1.00, 0.00, 0.00, 1.00, 0.00, 0.00, 0.00, 1.00, 0.00, 1.00, 0.00, 0.00, 0.00, 0.00, 0.00, 1.00
425,  0,  7.067,  0.98,  1, 0.29, 0.02, 1.29, 0.00, 0.52, 1.12, 0.00, 0.12, 0.33, 0.74, 0.16, 1.04, 0.00, 0.00, 0.00, 0.43, 0.00, 0.00, 1.00, 1.00, 0.00, 0.00, 1.00, 0.00, 0.00, 0.00, 1.00, 0.00, 1.00, 0.00, 0.00, 0.00, 0.00, 0.00, 0.00
426,  0,  7.083,  0.98,  1, 0.33, 0.15, 1.23, 0.00, 0.42, 1.08, 0.00, 0.08, 0.39, 0.75, 0.15, 1.21, 0.00, 0.03, 0.00, 0.40, 0.05, 0.00, 1.00, 1.00, 0.00, 0.00, 1.00, 0.00, 0.00, 0.00, 1.00, 0.00, 1.00, 0.00, 0.00, 0.00, 0.00, 0.00, 0.00
427,  0,  7.100,  0.98,  1, 0.33, 0.22, 1.17, 0.00, 0.43, 1.28, 0.00, 0.18, 0.43, 0.74, 0.16, 1.18, 0.05, 0.03, 0.00, 0.27, 0.05, 0.00, 1.00, 1.00, 0.00, 0.00, 1.00, 0.00, 0.00, 0.00, 1.00, 0.00, 0.00, 0.00, 0.00, 0.00, 0.00, 0.00, 0.00
428,  0,  7.117,  0.98,  1, 0.29, 0.22, 1.09, 0.00, 0.51, 1.18, 0.00, 0.29, 0.39, 0.82, 0.08, 1.21, 0.18, 0.03, 0.00, 0.20, 0.05, 0.00, 1.00, 1.00, 0.00, 0.00, 1.00, 0.00, 0.00, 0.00, 1.00, 0.00, 0.00, 0.00, 0.00, 0.00, 0.00, 0.00, 0.00
429,  0,  7.133,  0.98,  1, 0.34, 0.08, 1.15, 0.00, 0.56, 0.95, 0.00, 0.34, 0.37, 0.75, 0.06, 0.92, 0.24, 0.00, 0.00, 0.15, 0.00, 0.00, 1.00, 1.00, 0.00, 0.00, 1.00, 0.00, 0.00, 0.00, 1.00, 0.00, 0.00, 0.00, 0.00, 0.00, 0.00, 0.00, 0.00
430,  0,  7.150,  0.98,  1, 0.38, 0.00, 1.14, 0.00, 0.55, 1.11, 0.00, 0.26, 0.36, 0.69, 0.00, 0.90, 0.19, 0.00, 0.00, 0.21, 0.03, 0.00, 1.00, 1.00, 0.00, 0.00, 1.00, 0.00, 0.00, 0.00, 1.00, 0.00, 0.00, 0.00, 0.00, 0.00, 0.00, 0.00, 0.00
431,  0,  7.167,  0.98,  1, 0.57, 0.03, 1.21, 0.00, 0.58, 1.47, 0.00, 0.11, 0.37, 0.68, 0.01, 0.90, 0.07, 0.02, 0.00, 0.16, 0.03, 1.00, 1.00, 1.00, 0.00, 0.00, 1.00, 0.00, 0.00, 0.00, 1.00, 0.00, 0.00, 0.00, 0.00, 0.00, 0.00, 0.00, 0.00
432,  0,  7.183,  0.98,  1, 0.51, 0.08, 1.24, 0.00, 0.58, 1.34, 0.00, 0.11, 0.35, 0.61, 0.04, 1.12, 0.00, 0.03, 0.00, 0.11, 0.03, 1.00, 1.00, 1.00, 0.00, 0.00, 1.00, 0.00, 0.00, 0.00, 1.00, 0.00, 0.00, 0.00, 0.00, 0.00, 0.00, 0.00, 0.00
433,  0,  7.200,  0.98,  1, 0.50, 0.08, 1.24, 0.00, 0.59, 1.06, 0.00, 0.10, 0.35, 0.67, 0.04, 1.08, 0.00, 0.03, 0.00, 0.12, 0.00, 1.00, 1.00, 1.00, 0.00, 0.00, 1.00, 0.00, 0.00, 0.00, 1.00, 0.00, 0.00, 0.00, 0.00, 0.00, 0.00, 0.00, 0.00
434,  0,  7.217,  0.98,  1, 0.33, 0.06, 1.20, 0.00, 0.48, 0.82, 0.00, 0.25, 0.37, 0.56, 0.02, 1.13, 0.00, 0.04, 0.01, 0.20, 0.00, 1.00, 1.00, 1.00, 0.00, 0.00, 1.00, 0.00, 0.00, 0.00, 1.00, 0.00, 1.00, 0.00, 0.00, 0.00, 0.00, 0.00, 0.00
435,  0,  7.233,  0.98,  1, 0.21, 0.00, 1.11, 0.00, 0.47, 1.25, 0.00, 0.23, 0.40, 0.74, 0.10, 1.22, 0.02, 0.11, 0.01, 0.28, 0.00, 1.00, 1.00, 1.00, 0.00, 0.00, 1.00, 0.00, 0.00, 0.00, 1.00, 0.00, 1.00, 0.00, 0.00, 0.00, 0.00, 0.00, 0.00
436,  0,  7.250,  0.98,  1, 0.16, 0.09, 1.06, 0.01, 0.45, 1.21, 0.00, 0.24, 0.38, 0.77, 0.16, 1.37, 0.02, 0.13, 0.01, 0.25, 0.00, 1.00, 1.00, 1.00, 0.00, 0.00, 1.00, 0.00, 0.00, 0.00, 1.00, 0.00, 1.00, 0.00, 0.00, 0.00, 0.00, 0.00, 0.00
437,  0,  7.267,  0.98,  1, 0.30, 0.13, 1.04, 0.01, 0.48, 1.20, 0.00, 0.15, 0.34, 0.77, 0.16, 1.27, 0.02, 0.10, 0.00, 0.38, 0.00, 1.00, 1.00, 1.00, 0.00, 0.00, 1.00, 0.00, 0.00, 0.00, 1.00, 0.00, 1.00, 0.00, 0.00, 0.00, 0.00, 0.00, 0.00
438,  0,  7.283,  0.98,  1, 0.39, 0.23, 1.14, 0.09, 0.46, 0.97, 0.00, 0.19, 0.29, 0.63, 0.09, 1.16, 0.03, 0.09, 0.00, 0.33, 0.00, 1.00, 1.00, 1.00, 0.00, 0.00, 1.00, 0.00, 0.00, 0.00, 1.00, 0.00, 1.00, 0.00, 0.00, 0.00, 0.00, 0.00, 0.00
439,  0,  7.300,  0.98,  1, 0.53, 0.29, 1.11, 0.08, 0.45, 0.75, 0.00, 0.19, 0.29, 0.51, 0.03, 1.09, 0.02, 0.10, 0.00, 0.32, 0.00, 1.00, 1.00, 1.00, 0.00, 0.00, 1.00, 0.00, 0.00, 0.00, 1.00, 0.00, 1.00, 0.00, 0.00, 0.00, 0.00, 0.00, 0.00
440,  0,  7.317,  0.98,  1, 0.50, 0.24, 1.07, 0.08, 0.49, 0.94, 0.00, 0.10, 0.29, 0.57, 0.03, 1.21, 0.02, 0.11, 0.00, 0.26, 0.00, 1.00, 1.00, 1.00, 0.00, 0.00, 1.00, 0.00, 0.00, 0.00, 1.00, 0.00, 1.00, 0.00, 0.00, 0.00, 0.00, 0.00, 0.00
441,  0,  7.333,  0.98,  1, 0.46, 0.18, 0.94, 0.00, 0.45, 0.95, 0.00, 0.07, 0.34, 0.52, 0.15, 1.22, 0.00, 0.08, 0.00, 0.20, 0.00, 1.00, 1.00, 1.00, 0.00, 0.00, 1.00, 0.00, 0.00, 0.00, 1.00, 0.00, 1.00, 0.00, 0.00, 0.00, 0.00, 0.00, 0.00
442,  0,  7.350,  0.98,  1, 0.34, 0.05, 1.02, 0.00, 0.45, 1.07, 0.00, 0.05, 0.31, 0.56, 0.15, 1.34, 0.00, 0.06, 0.00, 0.14, 0.00, 1.00, 1.00, 1.00, 0.00, 0.00, 1.00, 0.00, 0.00, 0.00, 1.00, 0.00, 1.00, 0.00, 0.00, 0.00, 0.00, 0.00, 0.00
443,  0,  7.367,  0.98,  1, 0.38, 0.15, 1.18, 0.00, 0.48, 0.85, 0.00, 0.11, 0.30, 0.53, 0.32, 1.29, 0.00, 0.04, 0.00, 0.00, 0.00, 1.00, 1.00, 1.00, 0.00, 0.00, 1.00, 0.00, 0.00, 0.00, 1.00, 0.00, 1.00, 0.00, 0.00, 0.00, 0.00, 0.00, 0.00
444,  0,  7.383,  0.98,  1, 0.39, 0.23, 1.24, 0.00, 0.58, 0.91, 0.00, 0.06, 0.36, 0.74, 0.20, 1.18, 0.00, 0.01, 0.00, 0.06, 0.00, 1.00, 1.00, 1.00, 0.00, 0.00, 1.00, 0.00, 0.00, 0.00, 1.00, 0.00, 1.00, 0.00, 0.00, 0.00, 0.00, 0.00, 0.00
445,  0,  7.400,  0.98,  1, 0.33, 0.22, 1.26, 0.00, 0.56, 1.09, 0.00, 0.09, 0.38, 0.78, 0.32, 1.11, 0.00, 0.04, 0.00, 0.23, 0.00, 1.00, 1.00, 1.00, 0.00, 0.00, 1.00, 0.00, 0.00, 0.00, 1.00, 0.00, 1.00, 0.00, 0.00, 0.00, 0.00, 0.00, 0.00
446,  0,  7.417,  0.98,  1, 0.30, 0.12, 1.30, 0.00, 0.49, 1.04, 0.00, 0.14, 0.33, 0.87, 0.24, 1.24, 0.00, 0.04, 0.00, 0.33, 0.00, 1.00, 1.00, 1.00, 0.00, 0.00, 1.00, 0.00, 0.00, 0.00, 1.00, 0.00, 1.00, 0.00, 0.00, 0.00, 0.00, 0.00, 0.00
447,  0,  7.433,  0.98,  1, 0.35, 0.23, 1.29, 0.00, 0.44, 1.04, 0.00, 0.14, 0.25, 0.78, 0.22, 1.25, 0.03, 0.05, 0.00, 0.37, 0.00, 1.00, 1.00, 1.00, 0.00, 0.00, 1.00, 0.00, 0.00, 0.00, 1.00, 0.00, 0.00, 0.00, 0.00, 0.00, 0.00, 0.00, 0.00
448,  0,  7.450,  0.98,  1, 0.40, 0.23, 1.17, 0.00, 0.47, 0.97, 0.00, 0.14, 0.30, 0.66, 0.09, 1.22, 0.03, 0.07, 0.00, 0.37, 0.00, 0.00, 1.00, 0.00, 0.00, 0.00, 1.00, 0.00, 0.00, 0.00, 1.00, 0.00, 1.00, 0.00, 0.00, 0.00, 0.00, 0.00, 0.00
449,  0,  7.467,  0.98,  1, 0.43, 0.33, 1.01, 0.00, 0.47, 1.03, 0.00, 0.11, 0.30, 0.67, 0.01, 1.09, 0.03, 0.07, 0.00, 0.38, 0.00, 1.00, 1.00, 1.00, 0.00, 0.00, 1.00, 0.00, 0.00, 0.00, 1.00, 0.00, 1.00, 0.00, 0.00, 0.00, 0.00, 0.00, 0.00
450,  0,  7.483,  0.98,  1, 0.32, 0.18, 0.97, 0.00, 0.49, 0.94, 0.00, 0.11, 0.24, 0.73, 0.00, 1.26, 0.00, 0.06, 0.00, 0.36, 0.00, 1.00, 1.00, 1.00, 0.00, 0.00, 1.00, 0.00, 0.00, 0.00, 1.00, 0.00, 1.00, 0.00, 0.00, 0.00, 0.00, 0.00, 0.00
451,  0,  7.500,  0.98,  1, 0.45, 0.28, 1.08, 0.00, 0.44, 1.03, 0.00, 0.08, 0.16, 0.83, 0.01, 1.24, 0.00, 0.01, 0.00, 0.32, 0.00, 1.00, 1.00, 1.00, 0.00, 0.00, 1.00, 0.00, 0.00, 0.00, 1.00, 0.00, 1.00, 0.00, 0.00, 0.00, 0.00, 0.00, 0.00
452,  0,  7.517,  0.98,  1, 0.34, 0.18, 1.13, 0.00, 0.42, 0.80, 0.00, 0.06, 0.24, 0.73, 0.01, 1.34, 0.00, 0.06, 0.00, 0.26, 0.00, 0.00, 1.00, 1.00, 0.00, 0.00, 1.00, 0.00, 0.00, 0.00, 1.00, 0.00, 1.00, 0.00, 0.00, 0.00, 0.00, 0.00, 0.00
453,  0,  7.533,  0.98,  1, 0.36, 0.21, 1.06, 0.00, 0.42, 0.84, 0.00, 0.16, 0.28, 0.59, 0.13, 1.20, 0.01, 0.06, 0.00, 0.18, 0.00, 0.00, 1.00, 1.00, 0.00, 0.00, 1.00, 0.00, 0.00, 0.00, 1.00, 0.00, 1.00, 0.00, 0.00, 0.00, 0.00, 0.00, 0.00
454,  0,  7.550,  0.98,  1, 0.33, 0.20, 1.09, 0.00, 0.47, 0.62, 0.00, 0.27, 0.31, 0.63, 0.20, 1.32, 0.07, 0.14, 0.00, 0.21, 0.00, 0.00, 1.00, 1.00, 0.00, 0.00, 1.00, 0.00, 0.00, 0.00, 1.00, 0.00, 1.00, 0.00, 0.00, 0.00, 0.00, 0.00, 0.00
455,  0,  7.567,  0.98,  1, 0.36, 0.20, 1.09, 0.00, 0.44, 0.79, 0.00, 0.24, 0.24, 0.72, 0.25, 1.16, 0.12, 0.12, 0.00, 0.16, 0.00, 0.00, 1.00, 1.00, 0.00, 0.00, 1.00, 0.00, 0.00, 0.00, 1.00, 0.00, 1.00, 0.00, 0.00, 0.00, 0.00, 0.00, 0.00
456,  0,  7.583,  0.98,  1, 0.29, 0.11, 1.19, 0.00, 0.46, 0.74, 0.00, 0.23, 0.23, 0.78, 0.13, 1.17, 0.15, 0.18, 0.00, 0.18, 0.00, 0.00, 1.00, 1.00, 0.00, 0.00, 1.00, 0.00, 0.00, 0.00, 1.00, 0.00, 1.00, 0.00, 0.00, 0.00, 0.00, 0.00, 0.00
457,  0,  7.600,  0.98,  1, 0.12, 0.02, 1.14, 0.00, 0.46, 0.98, 0.00, 0.15, 0.25, 0.72, 0.06, 1.06, 0.09, 0.15, 0.00, 0.16, 0.00, 0.00, 0.00, 1.00, 0.00, 0.00, 1.00, 0.00, 0.00, 0.00, 1.00, 0.00, 1.00, 0.00, 0.00, 0.00, 0.00, 0.00, 0.00
458,  0,  7.617,  0.98,  1, 0.11, 0.08, 1.18, 0.00, 0.57, 1.25, 0.00, 0.17, 0.33, 0.76, 0.11, 1.19, 0.05, 0.11, 0.00, 0.26, 0.00, 0.00, 0.00, 1.00, 0.00, 0.00, 1.00, 0.00, 0.00, 0.00, 1.00, 0.00, 1.00, 0.00, 0.00, 0.00, 0.00, 0.00, 0.00
459,  0,  7.633,  0.98,  1, 0.23, 0.06, 1.31, 0.00, 0.62, 1.32, 0.00, 0.13, 0.41, 0.79, 0.22, 1.26, 0.00, 0.05, 0.00, 0.28, 0.31, 0.00, 0.00, 1.00, 0.00, 0.00, 1.00, 0.00, 0.00, 0.00, 1.00, 0.00, 0.00, 0.00, 0.00, 0.00, 0.00, 0.00, 1.00
460,  0,  7.650,  0.98,  1, 0.57, 0.28, 1.23, 0.00, 0.70, 1.21, 0.00, 0.20, 0.45, 0.92, 0.21, 1.18, 0.14, 0.00, 0.00, 0.25, 0.69, 1.00, 1.00, 1.00, 0.00, 0.00, 1.00, 0.00, 0.00, 0.00, 1.00, 0.00, 0.00, 0.00, 0.00, 0.00, 0.00, 0.00, 1.00
461,  0,  7.667,  0.98,  1, 0.94, 0.33, 1.06, 0.00, 0.60, 0.91, 0.00, 0.20, 0.51, 0.87, 0.14, 1.07, 0.27, 0.00, 0.00, 0.18, 1.09, 1.00, 1.00, 1.00, 0.00, 0.00, 1.00, 0.00, 0.00, 0.00, 1.00, 0.00, 1.00, 0.00, 0.00, 0.00, 0.00, 0.00, 1.00
462,  0,  7.683,  0.98,  1, 1.29, 0.60, 0.95, 0.00, 0.50, 0.54, 0.00, 0.15, 0.53, 0.87, 0.13, 1.04, 0.39, 0.00, 0.00, 0.24, 1.04, 1.00, 1.00, 1.00, 0.00, 0.00, 1.00, 0.00, 0.00, 0.00, 1.00, 0.00, 1.00, 0.00, 0.00, 0.00, 0.00, 0.00, 1.00
463,  0,  7.700,  0.98,  1, 1.35, 0.61, 0.89, 0.00, 0.42, 0.31, 0.00, 0.17, 0.57, 0.72, 0.18, 1.01, 0.39, 0.00, 0.00, 0.25, 1.11, 1.00, 1.00, 1.00, 0.00, 0.00, 1.00, 0.00, 0.00, 0.00, 1.00, 0.00, 1.00, 0.00, 0.00, 0.00, 0.00, 0.00, 1.00
464,  0,  7.717,  0.98,  1, 1.27, 0.54, 0.87, 0.00, 0.48, 0.35, 0.00, 0.18, 0.53, 0.67, 0.27, 1.16, 0.50, 0.00, 0.00, 0.25, 1.03, 1.00, 1.00, 1.00, 0.00, 0.00, 1.00, 0.00, 0.00, 0.00, 1.00, 0.00, 0.00, 0.00, 0.00, 0.00, 0.00, 0.00, 1.00
465,  0,  7.733,  0.98,  1, 1.12, 0.37, 0.99, 0.00, 0.47, 0.73, 0.00, 0.33, 0.53, 0.54, 0.23, 1.26, 0.38, 0.00, 0.01, 0.35, 1.06, 1.00, 1.00, 1.00, 0.00, 0.00, 1.00, 0.00, 0.00, 0.00, 1.00, 0.00, 1.00, 0.00, 0.00, 0.00, 0.00, 0.00, 1.00
466,  0,  7.750,  0.98,  1, 0.93, 0.13, 1.10, 0.00, 0.49, 0.86, 0.00, 0.33, 0.45, 0.61, 0.22, 1.34, 0.31, 0.00, 0.01, 0.38, 0.91, 1.00, 1.00, 1.00, 0.00, 0.00, 1.00, 0.00, 0.00, 0.00, 1.00, 0.00, 1.00, 0.00, 0.00, 0.00, 0.00, 0.00, 1.00
467,  0,  7.767,  0.98,  1, 0.63, 0.09, 1.31, 0.00, 0.56, 1.05, 0.00, 0.39, 0.41, 0.69, 0.19, 1.39, 0.07, 0.00, 0.01, 0.42, 0.74, 1.00, 1.00, 1.00, 0.00, 0.00, 1.00, 0.00, 0.00, 0.00, 1.00, 0.00, 1.00, 0.00, 0.00, 0.00, 0.00, 0.00, 1.00
468,  0,  7.783,  0.98,  1, 0.44, 0.00, 1.32, 0.00, 0.66, 1.10, 0.00, 0.41, 0.35, 0.80, 0.16, 1.31, 0.07, 0.00, 0.00, 0.34, 0.50, 0.00, 1.00, 1.00, 0.00, 0.00, 1.00, 0.00, 0.00, 0.00, 1.00, 0.00, 1.00, 0.00, 0.00, 0.00, 0.00, 0.00, 1.00
469,  0,  7.800,  0.98,  1, 0.39, 0.09, 1.44, 0.00, 0.65, 1.53, 0.00, 0.36, 0.33, 0.67, 0.11, 1.27, 0.05, 0.00, 0.01, 0.25, 0.39, 0.00, 1.00, 1.00, 0.00, 0.00, 1.00, 0.00, 0.00, 0.00, 1.00, 0.00, 1.00, 0.00, 0.00, 0.00, 0.00, 0.00, 1.00
470,  0,  7.817,  0.98,  1, 0.29, 0.09, 1.35, 0.00, 0.62, 1.67, 0.00, 0.43, 0.34, 0.57, 0.08, 1.18, 0.05, 0.00, 0.05, 0.24, 0.27, 0.00, 1.00, 1.00, 0.00, 0.00, 1.00, 0.00, 0.00, 0.00, 1.00, 0.00, 1.00, 0.00, 0.00, 0.00, 0.00, 0.00, 1.00
471,  0,  7.833,  0.98,  1, 0.24, 0.09, 1.23, 0.00, 0.53, 1.68, 0.00, 0.35, 0.35, 0.54, 0.06, 1.17, 0.08, 0.00, 0.05, 0.25, 0.30, 0.00, 0.00, 1.00, 0.00, 0.00, 1.00, 0.00, 0.00, 0.00, 1.00, 0.00, 1.00, 0.00, 0.00, 0.00, 0.00, 0.00, 1.00
472,  0,  7.850,  0.98,  1, 0.25, 0.00, 1.19, 0.00, 0.59, 1.36, 0.00, 0.39, 0.38, 0.59, 0.06, 1.16, 0.04, 0.00, 0.04, 0.18, 0.12, 0.00, 1.00, 1.00, 0.00, 0.00, 1.00, 0.00, 0.00, 0.00, 1.00, 0.00, 0.00, 0.00, 0.00, 0.00, 0.00, 0.00, 0.00
473,  0,  7.867,  0.98,  1, 0.31, 0.00, 1.05, 0.00, 0.59, 1.25, 0.00, 0.38, 0.35, 0.62, 0.03, 1.16, 0.04, 0.02, 0.06, 0.27, 0.09, 0.00, 1.00, 1.00, 0.00, 0.00, 1.00, 0.00, 0.00, 0.00, 1.00, 0.00, 0.00, 0.00, 0.00, 0.00, 0.00, 0.00, 0.00
474,  0,  7.883,  0.98,  1, 0.40, 0.07, 1.00, 0.00, 0.61, 1.21, 0.00, 0.43, 0.31, 0.73, 0.09, 1.13, 0.02, 0.02, 0.06, 0.25, 0.00, 0.00, 1.00, 1.00, 0.00, 0.00, 1.00, 0.00, 0.00, 0.00, 1.00, 0.00, 0.00, 0.00, 0.00, 0.00, 0.00, 0.00, 0.00
475,  0,  7.900,  0.98,  1, 0.38, 0.07, 1.00, 0.00, 0.54, 1.30, 0.00, 0.42, 0.29, 0.70, 0.21, 1.19, 0.02, 0.02, 0.06, 0.31, 0.00, 0.00, 1.00, 1.00, 0.00, 0.00, 1.00, 0.00, 0.00, 0.00, 1.00, 0.00, 1.00, 0.00, 0.00, 0.00, 0.00, 0.00, 0.00
476,  0,  7.917,  0.98,  1, 0.41, 0.07, 1.20, 0.00, 0.50, 1.28, 0.00, 0.34, 0.32, 0.79, 0.21, 1.16, 0.06, 0.01, 0.00, 0.25, 0.00, 0.00, 1.00, 1.00, 0.00, 0.00, 1.00, 0.00, 0.00, 0.00, 1.00, 0.00, 1.00, 0.00, 0.00, 0.00, 0.00, 0.00, 0.00
477,  0,  7.933,  0.98,  1, 0.28, 0.00, 1.22, 0.00, 0.54, 1.20, 0.00, 0.32, 0.35, 0.71, 0.21, 1.13, 0.06, 0.01, 0.00, 0.24, 0.00, 1.00, 1.00, 1.00, 0.00, 0.00, 1.00, 0.00, 0.00, 0.00, 1.00, 0.00, 1.00, 0.00, 0.00, 0.00, 0.00, 0.00, 0.00
478,  0,  7.950,  0.98,  1, 0.21, 0.00, 1.20, 0.03, 0.54, 1.13, 0.00, 0.36, 0.34, 0.85, 0.09, 1.11, 0.04, 0.04, 0.00, 0.38, 0.00, 1.00, 1.00, 1.00, 0.00, 0.00, 1.00, 0.00, 0.00, 0.00, 1.00, 0.00, 1.00, 0.00, 0.00, 0.00, 0.00, 0.00, 0.00
479,  0,  7.967,  0.98,  1, 0.24, 0.05, 1.15, 0.03, 0.50, 1.03, 0.00, 0.32, 0.32, 0.83, 0.06, 1.13, 0.00, 0.08, 0.00, 0.32, 0.00, 1.00, 1.00, 1.00, 0.00, 0.00, 1.00, 0.00, 0.00, 0.00, 1.00, 0.00, 1.00, 0.00, 0.00, 0.00, 0.00, 0.00, 0.00
480,  0,  7.983,  0.98,  1, 0.25, 0.05, 1.14, 0.03, 0.44, 0.84, 0.00, 0.20, 0.28, 0.89, 0.08, 1.28, 0.18, 0.09, 0.00, 0.41, 0.00, 1.00, 1.00, 1.00, 0.00, 0.00, 1.00, 0.00, 0.00, 0.00, 1.00, 0.00, 1.00, 0.00, 0.00, 0.00, 0.00, 0.00, 0.00
481,  0,  8.000,  0.98,  1, 0.36, 0.05, 1.07, 0.00, 0.48, 0.90, 0.00, 0.16, 0.33, 0.83, 0.13, 1.29, 0.18, 0.09, 0.00, 0.32, 0.00, 1.00, 1.00, 1.00, 0.00, 0.00, 1.00, 0.00, 0.00, 0.00, 1.00, 0.00, 1.00, 0.00, 0.00, 0.00, 0.00, 0.00, 0.00
482,  0,  8.017,  0.98,  1, 0.30, 0.00, 0.92, 0.00, 0.58, 0.92, 0.00, 0.11, 0.34, 0.82, 0.18, 1.22, 0.24, 0.05, 0.00, 0.33, 0.00, 1.00, 1.00, 1.00, 0.00, 0.00, 1.00, 0.00, 0.00, 0.00, 1.00, 0.00, 1.00, 0.00, 0.00, 0.00, 0.00, 0.00, 0.00
483,  0,  8.033,  0.98,  1, 0.28, 0.00, 0.82, 0.00, 0.61, 1.07, 0.00, 0.22, 0.38, 0.97, 0.11, 1.16, 0.13, 0.12, 0.00, 0.29, 0.00, 0.00, 1.00, 1.00, 0.00, 0.00, 1.00, 0.00, 0.00, 0.00, 1.00, 0.00, 1.00, 0.00, 0.00, 0.00, 0.00, 0.00, 0.00
484,  0,  8.050,  0.98,  1, 0.11, 0.00, 0.95, 0.00, 0.63, 1.18, 0.00, 0.14, 0.37, 0.95, 0.16, 1.21, 0.13, 0.13, 0.00, 0.31, 0.00, 0.00, 1.00, 1.00, 0.00, 0.00, 1.00, 0.00, 0.00, 0.00, 1.00, 0.00, 1.00, 0.00, 0.00, 0.00, 0.00, 0.00, 0.00
485,  0,  8.067,  0.98,  1, 0.10, 0.00, 0.96, 0.05, 0.58, 1.03, 0.00, 0.17, 0.36, 1.01, 0.14, 1.29, 0.07, 0.15, 0.00, 0.28, 0.00, 0.00, 1.00, 1.00, 0.00, 0.00, 1.00, 0.00, 0.00, 0.00, 1.00, 0.00, 1.00, 0.00, 0.00, 0.00, 0.00, 0.00, 0.00
486,  0,  8.083,  0.98,  1, 0.28, 0.13, 1.07, 0.05, 0.54, 1.17, 0.00, 0.13, 0.28, 0.77, 0.14, 1.29, 0.02, 0.07, 0.00, 0.13, 0.00, 0.00, 1.00, 1.00, 0.00, 0.00, 1.00, 0.00, 0.00, 0.00, 1.00, 0.00, 1.00, 0.00, 0.00, 0.00, 0.00, 0.00, 0.00
487,  0,  8.100,  0.98,  1, 0.27, 0.13, 0.93, 0.05, 0.51, 1.11, 0.00, 0.19, 0.25, 0.81, 0.07, 1.16, 0.02, 0.15, 0.00, 0.17, 0.00, 0.00, 1.00, 1.00, 0.00, 0.00, 1.00, 0.00, 0.00, 0.00, 1.00, 0.00, 1.00, 0.00, 0.00, 0.00, 0.00, 0.00, 0.00
488,  0,  8.117,  0.98,  1, 0.23, 0.13, 1.02, 0.06, 0.51, 1.11, 0.00, 0.33, 0.20, 0.59, 0.08, 1.13, 0.06, 0.20, 0.02, 0.28, 0.00, 0.00, 1.00, 1.00, 0.00, 0.00, 1.00, 0.00, 0.00, 0.00, 1.00, 0.00, 1.00, 0.00, 0.00, 0.00, 0.00, 0.00, 0.00
489,  0,  8.133,  0.98,  1, 0.08, 0.00, 0.97, 0.06, 0.52, 1.06, 0.00, 0.26, 0.27, 0.73, 0.11, 1.22, 0.27, 0.28, 0.02, 0.45, 0.00, 0.00, 1.00, 1.00, 0.00, 0.00, 1.00, 0.00, 0.00, 0.00, 1.00, 0.00, 1.00, 0.00, 0.00, 0.00, 0.00, 0.00, 0.00
490,  0,  8.150,  0.98,  1, 0.08, 0.00, 0.85, 0.06, 0.44, 0.85, 0.00, 0.20, 0.28, 0.71, 0.15, 1.15, 0.32, 0.16, 0.02, 0.29, 0.00, 0.00, 1.00, 1.00, 0.00, 0.00, 1.00, 0.00, 0.00, 0.00, 1.00, 0.00, 0.00, 0.00, 0.00, 0.00, 0.00, 0.00, 0.00
491,  0,  8.167,  0.98,  1, 0.19, 0.00, 0.87, 0.00, 0.44, 1.01, 0.00, 0.08, 0.31, 0.93, 0.21, 1.21, 0.27, 0.15, 0.00, 0.34, 0.00, 0.00, 1.00, 1.00, 0.00, 0.00, 1.00, 0.00, 0.00, 0.00, 1.00, 0.00, 0.00, 0.00, 0.00, 0.00, 0.00, 0.00, 0.00
492,  0,  8.183,  0.98,  1, 0.20, 0.00, 0.95, 0.00, 0.39, 1.10, 0.00, 0.07, 0.28, 0.72, 0.18, 1.13, 0.14, 0.09, 0.00, 0.21, 0.00, 0.00, 1.00, 1.00, 0.00, 0.00, 1.00, 0.00, 0.00, 0.00, 1.00, 0.00, 1.00, 0.00, 0.00, 0.00, 0.00, 0.00, 0.00
493,  0,  8.200,  0.98,  1, 0.34, 0.00, 1.16, 0.00, 0.41, 1.11, 0.00, 0.08, 0.29, 0.83, 0.09, 1.31, 0.12, 0.12, 0.01, 0.23, 0.00, 0.00, 1.00, 1.00, 0.00, 0.00, 1.00, 0.00, 0.00, 0.00, 1.00, 0.00, 1.00, 0.00, 0.00, 0.00, 0.00, 0.00, 0.00
494,  0,  8.217,  0.98,  1, 0.30, 0.07, 1.15, 0.01, 0.43, 1.14, 0.00, 0.09, 0.31, 0.86, 0.16, 1.28, 0.16, 0.08, 0.01, 0.12, 0.00, 0.00, 1.00, 1.00, 0.00, 0.00, 1.00, 0.00, 0.00, 0.00, 1.00, 0.00, 0.00, 0.00, 0.00, 0.00, 0.00, 0.00, 0.00
495,  0,  8.233,  0.98,  1, 0.39, 0.08, 1.14, 0.02, 0.49, 0.96, 0.00, 0.13, 0.33, 0.99, 0.18, 1.19, 0.08, 0.05, 0.01, 0.14, 0.00, 0.00, 1.00, 1.00, 0.00, 0.00, 1.00, 0.00, 0.00, 0.00, 1.00, 0.00, 0.00, 0.00, 0.00, 0.00, 0.00, 0.00, 0.00
496,  0,  8.250,  0.98,  1, 0.31, 0.15, 1.15, 0.02, 0.45, 1.00, 0.00, 0.10, 0.32, 0.84, 0.18, 1.06, 0.06, 0.05, 0.00, 0.13, 0.00, 0.00, 1.00, 1.00, 0.00, 0.00, 1.00, 0.00, 0.00, 0.00, 1.00, 0.00, 0.00, 0.00, 0.00, 0.00, 0.00, 0.00, 0.00
497,  0,  8.267,  0.98,  1, 0.32, 0.08, 1.10, 0.07, 0.37, 0.93, 0.00, 0.04, 0.31, 0.77, 0.02, 0.97, 0.01, 0.06, 0.00, 0.20, 0.00, 0.00, 1.00, 1.00, 0.00, 0.00, 1.00, 0.00, 0.00, 0.00, 1.00, 0.00, 0.00, 0.00, 0.00, 0.00, 0.00, 0.00, 0.00
498,  0,  8.283,  0.98,  1, 0.26, 0.08, 1.18, 0.06, 0.36, 0.95, 0.00, 0.08, 0.34, 0.67, 0.00, 1.00, 0.00, 0.13, 0.00, 0.16, 0.00, 0.00, 1.00, 1.00, 0.00, 0.00, 1.00, 0.00, 0.00, 0.00, 1.00, 0.00, 0.00, 0.00, 0.00, 0.00, 0.00, 0.00, 0.00
499,  0,  8.300,  0.98,  1, 0.22, 0.01, 1.20, 0.06, 0.38, 0.93, 0.00, 0.08, 0.33, 0.74, 0.04, 1.11, 0.00, 0.17, 0.00, 0.15, 0.00, 0.00, 1.00, 1.00, 0.00, 0.00, 1.00, 0.00, 0.00, 0.00, 1.00, 0.00, 0.00, 0.00, 0.00, 0.00, 0.00, 0.00, 0.00
500,  0,  8.317,  0.98,  1, 0.18, 0.01, 1.23, 0.08, 0.39, 0.99, 0.00, 0.08, 0.30, 0.74, 0.04, 1.24, 0.03, 0.17, 0.00, 0.13, 0.00, 0.00, 0.00, 1.00, 0.00, 0.00, 1.00, 0.00, 0.00, 0.00, 1.00, 0.00, 0.00, 0.00, 0.00, 0.00, 0.00, 0.00, 0.00
501,  0,  8.333,  0.98,  1, 0.18, 0.00, 1.08, 0.08, 0.45, 0.98, 0.00, 0.05, 0.28, 0.78, 0.09, 1.27, 0.05, 0.14, 0.00, 0.21, 0.00, 0.00, 0.00, 1.00, 0.00, 0.00, 1.00, 0.00, 0.00, 0.00, 1.00, 0.00, 0.00, 0.00, 0.00, 0.00, 0.00, 0.00, 0.00
502,  0,  8.350,  0.98,  1, 0.15, 0.00, 1.01, 0.15, 0.49, 1.14, 0.00, 0.05, 0.27, 0.61, 0.05, 1.31, 0.11, 0.13, 0.00, 0.29, 0.00, 0.00, 0.00, 1.00, 0.00, 0.00, 1.00, 0.00, 0.00, 0.00, 1.00, 0.00, 1.00, 0.00, 0.00, 0.00, 0.00, 0.00, 0.00
503,  0,  8.367,  0.98,  1, 0.12, 0.00, 1.13, 0.08, 0.52, 1.11, 0.00, 0.18, 0.35, 0.58, 0.05, 1.21, 0.08, 0.13, 0.01, 0.33, 0.00, 0.00, 0.00, 1.00, 0.00, 0.00, 1.00, 0.00, 0.00, 0.00, 1.00, 0.00, 1.00, 0.00, 0.00, 0.00, 0.00, 0.00, 0.00
504,  0,  8.383,  0.98,  1, 0.13, 0.03, 1.06, 0.18, 0.42, 1.12, 0.00, 0.21, 0.33, 0.64, 0.01, 1.21, 0.11, 0.16, 0.01, 0.27, 0.00, 0.00, 0.00, 1.00, 0.00, 0.00, 1.00, 0.00, 0.00, 0.00, 1.00, 0.00, 1.00, 0.00, 0.00, 0.00, 0.00, 0.00, 0.00
505,  0,  8.400,  0.98,  1, 0.18, 0.11, 1.18, 0.10, 0.36, 0.92, 0.00, 0.32, 0.37, 0.76, 0.03, 1.10, 0.08, 0.11, 0.01, 0.35, 0.00, 0.00, 0.00, 1.00, 0.00, 0.00, 1.00, 0.00, 0.00, 0.00, 1.00, 0.00, 1.00, 0.00, 0.00, 0.00, 0.00, 0.00, 0.00
506,  0,  8.417,  0.98,  1, 0.18, 0.11, 1.12, 0.21, 0.34, 0.66, 0.00, 0.23, 0.31, 0.70, 0.03, 1.20, 0.08, 0.13, 0.00, 0.22, 0.00, 0.00, 0.00, 1.00, 0.00, 0.00, 1.00, 0.00, 0.00, 0.00, 1.00, 0.00, 1.00, 0.00, 0.00, 0.00, 0.00, 0.00, 0.00
507,  0,  8.433,  0.98,  1, 0.19, 0.08, 1.31, 0.11, 0.30, 0.66, 0.00, 0.16, 0.24, 0.62, 0.02, 1.13, 0.07, 0.13, 0.02, 0.24, 0.00, 0.00, 0.00, 1.00, 0.00, 0.00, 1.00, 0.00, 0.00, 0.00, 1.00, 0.00, 1.00, 0.00, 0.00, 0.00, 0.00, 0.00, 0.00
508,  0,  8.450,  0.98,  1, 0.30, 0.00, 1.23, 0.12, 0.39, 0.68, 0.00, 0.14, 0.20, 0.69, 0.10, 1.26, 0.04, 0.20, 0.06, 0.20, 0.00, 0.00, 0.00, 1.00, 0.00, 0.00, 1.00, 0.00, 0.00, 0.00, 1.00, 0.00, 1.00, 0.00, 0.00, 0.00, 0.00, 0.00, 0.00
509,  0,  8.467,  0.98,  1, 0.36, 0.01, 1.17, 0.06, 0.46, 0.93, 0.00, 0.14, 0.19, 0.76, 0.15, 1.22, 0.04, 0.27, 0.09, 0.34, 0.00, 0.00, 0.00, 1.00, 0.00, 0.00, 1.00, 0.00, 0.00, 0.00, 1.00, 0.00, 1.00, 0.00, 0.00, 0.00, 0.00, 0.00, 0.00
510,  0,  8.483,  0.98,  1, 0.26, 0.01, 1.19, 0.09, 0.51, 0.93, 0.00, 0.14, 0.28, 0.74, 0.15, 1.31, 0.00, 0.27, 0.07, 0.38, 0.00, 0.00, 0.00, 1.00, 0.00, 0.00, 1.00, 0.00, 0.00, 0.00, 1.00, 0.00, 1.00, 0.00, 0.00, 0.00, 0.00, 0.00, 0.00
511,  0,  8.500,  0.98,  1, 0.09, 0.01, 1.02, 0.09, 0.50, 0.90, 0.00, 0.09, 0.32, 0.68, 0.05, 1.22, 0.00, 0.32, 0.03, 0.31, 0.00, 0.00, 0.00, 1.00, 0.00, 0.00, 1.00, 0.00, 0.00, 0.00, 1.00, 0.00, 1.00, 0.00, 0.00, 0.00, 0.00, 0.00, 0.00
512,  0,  8.517,  0.98,  1, 0.04, 0.00, 0.85, 0.03, 0.40, 0.63, 0.00, 0.05, 0.30, 0.65, 0.00, 1.25, 0.00, 0.29, 0.14, 0.20, 0.00, 0.00, 0.00, 1.00, 0.00, 0.00, 1.00, 0.00, 0.00, 0.00, 1.00, 0.00, 1.00, 0.00, 0.00, 0.00, 0.00, 0.00, 0.00
513,  0,  8.533,  0.98,  1, 0.04, 0.00, 0.74, 0.08, 0.40, 0.53, 0.00, 0.05, 0.29, 0.80, 0.01, 1.18, 0.00, 0.26, 0.18, 0.20, 0.00, 0.00, 0.00, 1.00, 0.00, 0.00, 1.00, 0.00, 0.00, 0.00, 1.00, 0.00, 1.00, 0.00, 0.00, 0.00, 0.00, 0.00, 0.00
514,  0,  8.550,  0.98,  1, 0.04, 0.00, 0.80, 0.08, 0.36, 0.32, 0.00, 0.00, 0.25, 0.78, 0.01, 1.25, 0.00, 0.29, 0.18, 0.15, 0.00, 0.00, 0.00, 1.00, 0.00, 0.00, 1.00, 0.00, 0.00, 0.00, 1.00, 0.00, 1.00, 0.00, 0.00, 0.00, 0.00, 0.00, 0.00
515,  0,  8.567,  0.98,  1, 0.14, 0.00, 1.09, 0.24, 0.44, 0.44, 0.00, 0.10, 0.24, 0.81, 0.12, 1.18, 0.00, 0.25, 0.04, 0.21, 0.00, 0.00, 0.00, 1.00, 0.00, 0.00, 1.00, 0.00, 0.00, 0.00, 1.00, 0.00, 1.00, 0.00, 0.00, 0.00, 0.00, 0.00, 0.00
516,  0,  8.583,  0.98,  1, 0.14, 0.00, 1.09, 0.25, 0.44, 0.58, 0.00, 0.22, 0.22, 0.81, 0.13, 1.24, 0.00, 0.29, 0.00, 0.25, 0.00, 0.00, 0.00, 1.00, 0.00, 0.00, 1.00, 0.00, 0.00, 0.00, 1.00, 0.00, 1.00, 0.00, 0.00, 0.00, 0.00, 0.00, 0.00
517,  0,  8.600,  0.98,  1, 0.15, 0.00, 1.21, 0.35, 0.47, 0.94, 0.00, 0.30, 0.29, 0.75, 0.17, 1.29, 0.00, 0.23, 0.00, 0.34, 0.00, 0.00, 0.00, 1.00, 0.00, 0.00, 1.00, 0.00, 0.00, 0.00, 1.00, 0.00, 1.00, 0.00, 0.00, 0.00, 0.00, 0.00, 0.00
518,  0,  8.617,  0.98,  1, 0.07, 0.01, 1.25, 0.40, 0.44, 1.03, 0.00, 0.25, 0.35, 0.80, 0.15, 1.36, 0.00, 0.27, 0.00, 0.41, 0.00, 0.00, 0.00, 1.00, 0.00, 0.00, 1.00, 0.00, 0.00, 0.00, 1.00, 0.00, 1.00, 0.00, 0.00, 0.00, 0.00, 0.00, 0.00
519,  0,  8.633,  0.98,  1, 0.07, 0.01, 1.25, 0.54, 0.49, 0.96, 0.00, 0.27, 0.35, 0.66, 0.16, 1.40, 0.00, 0.24, 0.00, 0.44, 0.00, 0.00, 0.00, 1.00, 0.00, 0.00, 1.00, 0.00, 0.00, 0.00, 1.00, 0.00, 1.00, 0.00, 0.00, 0.00, 0.00, 0.00, 0.00
520,  0,  8.650,  0.98,  1, 0.08, 0.01, 1.22, 0.47, 0.49, 0.75, 0.00, 0.20, 0.29, 0.62, 0.24, 1.41, 0.00, 0.24, 0.00, 0.45, 0.00, 0.00, 0.00, 1.00, 0.00, 0.00, 1.00, 0.00, 0.00, 0.00, 1.00, 0.00, 1.00, 0.00, 0.00, 0.00, 0.00, 0.00, 0.00
521,  0,  8.667,  0.98,  1, 0.04, 0.01, 1.04, 0.35, 0.55, 0.81, 0.00, 0.19, 0.32, 0.46, 0.15, 1.35, 0.00, 0.17, 0.00, 0.31, 0.00, 0.00, 1.00, 1.00, 0.00, 0.00, 1.00, 0.00, 0.00, 0.00, 1.00, 0.00, 1.00, 0.00, 0.00, 0.00, 0.00, 0.00, 0.00
522,  0,  8.683,  0.98,  1, 0.23, 0.01, 1.25, 0.12, 0.55, 1.08, 0.00, 0.12, 0.36, 0.40, 0.13, 1.43, 0.00, 0.12, 0.09, 0.16, 0.07, 0.00, 1.00, 1.00, 0.00, 0.00, 1.00, 0.00, 0.00, 0.00, 1.00, 0.00, 1.00, 0.00, 0.00, 0.00, 0.00, 0.00, 0.00
523,  0,  8.700,  0.98,  1, 0.35, 0.01, 1.33, 0.10, 0.66, 1.33, 0.00, 0.11, 0.41, 0.48, 0.00, 1.33, 0.00, 0.02, 0.13, 0.06, 0.21, 0.00, 1.00, 1.00, 0.00, 0.00, 1.00, 0.00, 0.00, 0.00, 1.00, 0.00, 1.00, 0.00, 0.00, 0.00, 0.00, 0.00, 0.00
524,  0,  8.717,  0.98,  1, 0.62, 0.09, 1.45, 0.01, 0.66, 1.54, 0.00, 0.15, 0.39, 0.50, 0.00, 1.31, 0.00, 0.01, 0.16, 0.18, 0.54, 1.00, 1.00, 1.00, 0.00, 0.00, 1.00, 0.00, 0.00, 0.00, 1.00, 0.00, 1.00, 0.00, 0.00, 0.00, 0.00, 0.00, 1.00
525,  0,  8.733,  0.98,  1, 0.70, 0.25, 1.17, 0.01, 0.63, 1.23, 0.00, 0.10, 0.42, 0.66, 0.02, 1.06, 0.10, 0.00, 0.28, 0.23, 0.69, 1.00, 1.00, 1.00, 0.00, 0.00, 1.00, 0.00, 0.00, 0.00, 1.00, 0.00, 1.00, 0.00, 0.00, 0.00, 0.00, 0.00, 1.00
526,  0,  8.750,  0.98,  1, 0.83, 0.25, 1.08, 0.00, 0.61, 1.11, 0.00, 0.27, 0.41, 0.73, 0.02, 1.02, 0.09, 0.00, 0.25, 0.40, 0.83, 1.00, 1.00, 1.00, 0.00, 0.00, 1.00, 0.00, 0.00, 0.00, 1.00, 0.00, 1.00, 0.00, 0.00, 0.00, 0.00, 0.00, 1.00
527,  0,  8.767,  0.98,  1, 0.82, 0.16, 1.04, 0.00, 0.57, 0.89, 0.00, 0.23, 0.44, 0.80, 0.04, 0.98, 0.18, 0.00, 0.21, 0.33, 0.65, 1.00, 1.00, 1.00, 0.00, 0.00, 1.00, 0.00, 0.00, 0.00, 1.00, 0.00, 1.00, 0.00, 0.00, 0.00, 0.00, 0.00, 1.00
528,  0,  8.783,  0.98,  1, 0.81, 0.07, 1.11, 0.00, 0.58, 1.28, 0.00, 0.30, 0.41, 0.68, 0.15, 1.15, 0.09, 0.00, 0.00, 0.31, 0.65, 1.00, 0.00, 1.00, 0.00, 0.00, 1.00, 0.00, 0.00, 0.00, 1.00, 0.00, 1.00, 0.00, 0.00, 0.00, 0.00, 0.00, 1.00
529,  0,  8.800,  0.98,  1, 0.70, 0.07, 1.13, 0.00, 0.61, 1.35, 0.00, 0.26, 0.44, 0.51, 0.15, 1.09, 0.09, 0.00, 0.00, 0.19, 0.75, 0.00, 0.00, 1.00, 0.00, 0.00, 1.00, 0.00, 0.00, 0.00, 1.00, 0.00, 0.00, 0.00, 0.00, 0.00, 0.00, 0.00, 1.00
530,  0,  8.817,  0.98,  1, 0.51, 0.07, 1.20, 0.00, 0.64, 1.62, 0.00, 0.27, 0.39, 0.56, 0.13, 1.13, 0.00, 0.00, 0.00, 0.21, 0.62, 0.00, 0.00, 1.00, 0.00, 0.00, 1.00, 0.00, 0.00, 0.00, 1.00, 0.00, 1.00, 0.00, 0.00, 0.00, 0.00, 0.00, 1.00
531,  0,  8.833,  0.98,  1, 0.33, 0.00, 1.18, 0.08, 0.73, 1.52, 0.00, 0.27, 0.39, 0.74, 0.03, 1.00, 0.09, 0.00, 0.04, 0.18, 0.57, 0.00, 0.00, 1.00, 0.00, 0.00, 1.00, 0.00, 0.00, 0.00, 1.00, 0.00, 1.00, 0.00, 0.00, 0.00, 0.00, 0.00, 1.00
532,  0,  8.850,  0.98,  1, 0.17, 0.00, 1.15, 0.08, 0.65, 1.35, 0.00, 0.14, 0.34, 0.90, 0.06, 1.14, 0.14, 0.00, 0.04, 0.20, 0.24, 0.00, 0.00, 1.00, 0.00, 0.00, 1.00, 0.00, 0.00, 0.00, 1.00, 0.00, 1.00, 0.00, 0.00, 0.00, 0.00, 0.00, 0.00
533,  0,  8.867,  0.98,  1, 0.20, 0.00, 1.10, 0.18, 0.63, 0.97, 0.00, 0.10, 0.32, 0.91, 0.06, 1.27, 0.14, 0.00, 0.04, 0.18, 0.29, 0.00, 0.00, 1.00, 0.00, 0.00, 1.00, 0.00, 0.00, 0.00, 1.00, 0.00, 1.00, 0.00, 0.00, 0.00, 0.00, 0.00, 0.00
534,  0,  8.883,  0.98,  1, 0.15, 0.00, 1.06, 0.10, 0.56, 0.77, 0.00, 0.04, 0.32, 0.78, 0.02, 1.31, 0.08, 0.00, 0.00, 0.24, 0.13, 0.00, 0.00, 1.00, 0.00, 0.00, 1.00, 0.00, 0.00, 0.00, 1.00, 0.00, 1.00, 0.00, 0.00, 0.00, 0.00, 0.00, 0.00
535,  0,  8.900,  0.98,  1, 0.19, 0.00, 1.04, 0.14, 0.54, 0.98, 0.00, 0.07, 0.37, 0.79, 0.00, 1.29, 0.16, 0.00, 0.00, 0.23, 0.08, 0.00, 0.00, 1.00, 0.00, 0.00, 1.00, 0.00, 0.00, 0.00, 1.00, 0.00, 1.00, 0.00, 0.00, 0.00, 0.00, 0.00, 0.00
536,  0,  8.917,  0.98,  1, 0.25, 0.00, 1.05, 0.04, 0.51, 1.13, 0.00, 0.11, 0.37, 0.75, 0.07, 1.23, 0.21, 0.00, 0.00, 0.32, 0.01, 0.00, 0.00, 1.00, 0.00, 0.00, 1.00, 0.00, 0.00, 0.00, 1.00, 0.00, 1.00, 0.00, 0.00, 0.00, 0.00, 0.00, 0.00
537,  0,  8.933,  0.98,  1, 0.22, 0.00, 1.19, 0.04, 0.51, 1.21, 0.00, 0.16, 0.39, 0.75, 0.07, 1.29, 0.19, 0.00, 0.00, 0.32, 0.01, 0.00, 0.00, 1.00, 0.00, 0.00, 1.00, 0.00, 0.00, 0.00, 1.00, 0.00, 1.00, 0.00, 0.00, 0.00, 0.00, 0.00, 0.00
538,  0,  8.950,  0.98,  1, 0.19, 0.08, 1.23, 0.00, 0.46, 1.18, 0.00, 0.17, 0.36, 0.82, 0.08, 1.27, 0.08, 0.00, 0.09, 0.28, 0.01, 0.00, 1.00, 1.00, 0.00, 0.00, 1.00, 0.00, 0.00, 0.00, 1.00, 0.00, 1.00, 0.00, 0.00, 0.00, 0.00, 0.00, 0.00
539,  0,  8.967,  0.98,  1, 0.02, 0.09, 1.02, 0.00, 0.52, 1.18, 0.00, 0.16, 0.33, 0.67, 0.01, 1.12, 0.03, 0.00, 0.11, 0.22, 0.00, 0.00, 1.00, 1.00, 0.00, 0.00, 1.00, 0.00, 0.00, 0.00, 1.00, 0.00, 1.00, 0.00, 0.00, 0.00, 0.00, 0.00, 0.00
540,  0,  8.983,  0.98,  1, 0.07, 0.17, 0.90, 0.00, 0.54, 1.19, 0.00, 0.09, 0.29, 0.76, 0.06, 1.15, 0.03, 0.03, 0.11, 0.15, 0.00, 0.00, 0.00, 1.00, 0.00, 0.00, 1.00, 0.00, 0.00, 0.00, 1.00, 0.00, 1.00, 0.00, 0.00, 0.00, 0.00, 0.00, 0.00
541,  0,  9.000,  0.98,  1, 0.05, 0.08, 0.84, 0.00, 0.63, 1.16, 0.00, 0.08, 0.26, 0.63, 0.05, 1.17, 0.00, 0.03, 0.02, 0.11, 0.00, 0.00, 1.00, 1.00, 0.00, 0.00, 1.00, 0.00, 0.00, 0.00, 1.00, 0.00, 1.00, 0.00, 0.00, 0.00, 0.00, 0.00, 0.00
542,  0,  9.017,  0.98,  1, 0.12, 0.07, 0.97, 0.03, 0.59, 1.18, 0.00, 0.05, 0.31, 0.71, 0.05, 1.26, 0.00, 0.04, 0.00, 0.10, 0.09, 0.00, 0.00, 1.00, 0.00, 0.00, 1.00, 0.00, 0.00, 0.00, 1.00, 0.00, 1.00, 0.00, 0.00, 0.00, 0.00, 0.00, 0.00
543,  0,  9.033,  0.98,  1, 0.10, 0.00, 0.97, 0.03, 0.58, 1.36, 0.00, 0.05, 0.34, 0.55, 0.00, 1.23, 0.00, 0.03, 0.00, 0.24, 0.22, 0.00, 0.00, 1.00, 0.00, 0.00, 1.00, 0.00, 0.00, 0.00, 1.00, 0.00, 1.00, 0.00, 0.00, 0.00, 0.00, 0.00, 0.00
544,  0,  9.050,  0.98,  1, 0.17, 0.00, 1.04, 0.03, 0.56, 1.40, 0.00, 0.10, 0.35, 0.58, 0.07, 1.24, 0.01, 0.02, 0.00, 0.45, 0.22, 0.00, 0.00, 1.00, 0.00, 0.00, 1.00, 0.00, 0.00, 0.00, 1.00, 0.00, 1.00, 0.00, 0.00, 0.00, 0.00, 0.00, 0.00
545,  0,  9.067,  0.98,  1, 0.11, 0.00, 0.94, 0.00, 0.42, 1.17, 0.00, 0.21, 0.32, 0.55, 0.07, 1.21, 0.06, 0.06, 0.00, 0.37, 0.13, 0.00, 0.00, 1.00, 0.00, 0.00, 1.00, 0.00, 0.00, 0.00, 1.00, 0.00, 1.00, 0.00, 0.00, 0.00, 0.00, 0.00, 0.00
546,  0,  9.083,  0.98,  1, 0.08, 0.00, 0.87, 0.00, 0.33, 0.72, 0.00, 0.32, 0.33, 0.64, 0.08, 1.23, 0.17, 0.07, 0.00, 0.33, 0.00, 0.00, 0.00, 1.00, 0.00, 0.00, 1.00, 0.00, 0.00, 0.00, 1.00, 0.00, 1.00, 0.00, 0.00, 0.00, 0.00, 0.00, 0.00
547,  0,  9.100,  0.98,  1, 0.01, 0.00, 0.77, 0.00, 0.29, 0.57, 0.00, 0.24, 0.32, 0.62, 0.02, 1.10, 0.16, 0.07, 0.01, 0.22, 0.00, 0.00, 0.00, 1.00, 0.00, 0.00, 1.00, 0.00, 0.00, 0.00, 1.00, 0.00, 1.00, 0.00, 0.00, 0.00, 0.00, 0.00, 0.00
548,  0,  9.117,  0.98,  1, 0.02, 0.03, 0.84, 0.00, 0.48, 0.75, 0.00, 0.21, 0.33, 0.65, 0.02, 1.14, 0.16, 0.07, 0.01, 0.26, 0.00, 0.00, 0.00, 1.00, 0.00, 0.00, 0.00, 0.00, 0.00, 0.00, 1.00, 0.00, 1.00, 0.00, 0.00, 0.00, 0.00, 0.00, 0.00
549,  0,  9.133,  0.98,  1, 0.08, 0.04, 0.96, 0.03, 0.54, 0.87, 0.00, 0.10, 0.26, 0.59, 0.02, 1.17, 0.04, 0.07, 0.01, 0.25, 0.00, 0.00, 0.00, 1.00, 0.00, 0.00, 0.00, 0.00, 0.00, 0.00, 1.00, 0.00, 1.00, 0.00, 0.00, 0.00, 0.00, 0.00, 0.00
550,  0,  9.150,  0.98,  1, 0.12, 0.17, 0.93, 0.03, 0.55, 0.86, 0.00, 0.08, 0.32, 0.54, 0.06, 1.36, 0.05, 0.10, 0.00, 0.25, 0.04, 0.00, 1.00, 1.00, 0.00, 0.00, 0.00, 0.00, 0.00, 0.00, 1.00, 0.00, 1.00, 0.00, 0.00, 0.00, 0.00, 0.00, 0.00
551,  0,  9.167,  0.98,  1, 0.23, 0.14, 1.00, 0.03, 0.48, 0.92, 0.00, 0.02, 0.24, 0.69, 0.06, 1.32, 0.03, 0.06, 0.00, 0.26, 0.04, 0.00, 1.00, 1.00, 0.00, 0.00, 0.00, 0.00, 0.00, 0.00, 1.00, 0.00, 1.00, 0.00, 0.00, 0.00, 0.00, 0.00, 0.00
552,  0,  9.183,  0.98,  1, 0.16, 0.13, 1.02, 0.00, 0.36, 0.83, 0.00, 0.13, 0.29, 0.77, 0.09, 1.29, 0.11, 0.04, 0.00, 0.22, 0.04, 0.00, 1.00, 1.00, 0.00, 0.00, 0.00, 0.00, 0.00, 0.00, 1.00, 0.00, 1.00, 0.00, 0.00, 0.00, 0.00, 0.00, 0.00
553,  0,  9.200,  0.98,  1, 0.15, 0.00, 1.08, 0.00, 0.34, 0.88, 0.00, 0.26, 0.24, 0.84, 0.05, 1.22, 0.11, 0.04, 0.00, 0.16, 0.00, 0.00, 0.00, 1.00, 0.00, 0.00, 0.00, 0.00, 0.00, 0.00, 1.00, 0.00, 1.00, 0.00, 0.00, 0.00, 0.00, 0.00, 0.00
554,  0,  9.217,  0.98,  1, 0.11, 0.00, 1.03, 0.00, 0.33, 0.80, 0.00, 0.29, 0.29, 0.60, 0.07, 1.41, 0.08, 0.09, 0.00, 0.11, 0.00, 0.00, 0.00, 1.00, 0.00, 0.00, 0.00, 0.00, 0.00, 0.00, 1.00, 0.00, 1.00, 0.00, 0.00, 0.00, 0.00, 0.00, 0.00
555,  0,  9.233,  0.98,  1, 0.11, 0.00, 1.05, 0.00, 0.44, 0.92, 0.00, 0.18, 0.27, 0.48, 0.03, 1.31, 0.01, 0.10, 0.00, 0.11, 0.00, 0.00, 0.00, 1.00, 0.00, 0.00, 0.00, 0.00, 0.00, 0.00, 1.00, 0.00, 1.00, 0.00, 0.00, 0.00, 0.00, 0.00, 0.00
556,  0,  9.250,  0.98,  1, 0.09, 0.00, 1.16, 0.16, 0.44, 0.83, 0.00, 0.17, 0.30, 0.47, 0.03, 1.25, 0.00, 0.11, 0.06, 0.18, 0.04, 0.00, 0.00, 1.00, 0.00, 0.00, 0.00, 0.00, 0.00, 0.00, 1.00, 0.00, 1.00, 0.00, 0.00, 0.00, 0.00, 0.00, 0.00
557,  0,  9.267,  0.98,  1, 0.03, 0.00, 1.11, 0.16, 0.44, 0.59, 0.00, 0.12, 0.30, 0.61, 0.00, 1.08, 0.11, 0.09, 0.06, 0.17, 0.04, 0.00, 0.00, 1.00, 0.00, 0.00, 0.00, 0.00, 0.00, 0.00, 1.00, 0.00, 0.00, 0.00, 0.00, 0.00, 0.00, 0.00, 0.00
558,  0,  9.283,  0.98,  1, 0.09, 0.03, 1.05, 0.20, 0.39, 0.53, 0.00, 0.11, 0.33, 0.73, 0.05, 1.24, 0.11, 0.12, 0.06, 0.18, 0.04, 0.00, 0.00, 1.00, 0.00, 0.00, 1.00, 0.00, 0.00, 0.00, 1.00, 0.00, 0.00, 0.00, 0.00, 0.00, 0.00, 0.00, 0.00
559,  0,  9.300,  0.98,  1, 0.13, 0.09, 0.94, 0.09, 0.39, 0.50, 0.00, 0.14, 0.38, 0.83, 0.06, 1.22, 0.11, 0.07, 0.00, 0.14, 0.00, 0.00, 0.00, 1.00, 0.00, 0.00, 1.00, 0.00, 0.00, 0.00, 1.00, 0.00, 0.00, 0.00, 0.00, 0.00, 0.00, 0.00, 0.00
560,  0,  9.317,  0.98,  1, 0.18, 0.09, 1.05, 0.09, 0.37, 0.59, 0.00, 0.14, 0.36, 0.83, 0.09, 1.29, 0.00, 0.06, 0.00, 0.17, 0.00, 0.00, 0.00, 1.00, 0.00, 0.00, 1.00, 0.00, 0.00, 0.00, 1.00, 0.00, 0.00, 0.00, 0.00, 0.00, 0.00, 0.00, 0.00
561,  0,  9.333,  0.98,  1, 0.12, 0.06, 1.00, 0.05, 0.34, 0.62, 0.00, 0.26, 0.33, 0.80, 0.05, 1.13, 0.00, 0.06, 0.00, 0.11, 0.00, 0.00, 0.00, 1.00, 0.00, 0.00, 1.00, 0.00, 0.00, 0.00, 1.00, 0.00, 1.00, 0.00, 0.00, 0.00, 0.00, 0.00, 0.00
562,  0,  9.350,  0.98,  1, 0.11, 0.00, 1.14, 0.00, 0.40, 0.91, 0.00, 0.15, 0.31, 0.73, 0.04, 1.18, 0.00, 0.12, 0.00, 0.10, 0.00, 0.00, 0.00, 1.00, 0.00, 0.00, 1.00, 0.00, 0.00, 0.00, 1.00, 0.00, 1.00, 0.00, 0.00, 0.00, 0.00, 0.00, 0.00
563,  0,  9.367,  0.98,  1, 0.21, 0.00, 1.11, 0.17, 0.41, 0.82, 0.00, 0.15, 0.30, 0.82, 0.00, 1.15, 0.04, 0.12, 0.00, 0.08, 0.04, 0.00, 0.00, 1.00, 0.00, 0.00, 0.00, 0.00, 0.00, 0.00, 1.00, 0.00, 1.00, 0.00, 0.00, 0.00, 0.00, 0.00, 0.00
564,  0,  9.383,  0.98,  1, 0.21, 0.02, 1.11, 0.17, 0.45, 0.69, 0.00, 0.05, 0.28, 0.85, 0.00, 1.10, 0.18, 0.12, 0.04, 0.09, 0.04, 0.00, 0.00, 1.00, 0.00, 0.00, 0.00, 0.00, 0.00, 0.00, 1.00, 0.00, 1.00, 0.00, 0.00, 0.00, 0.00, 0.00, 0.00
565,  0,  9.400,  0.98,  1, 0.17, 0.02, 1.00, 0.22, 0.38, 0.48, 0.00, 0.05, 0.25, 0.78, 0.01, 1.19, 0.18, 0.12, 0.04, 0.18, 0.04, 0.00, 0.00, 1.00, 0.00, 0.00, 0.00, 0.00, 0.00, 0.00, 1.00, 0.00, 1.00, 0.00, 0.00, 0.00, 0.00, 0.00, 0.00
566,  0,  9.417,  0.98,  1, 0.13, 0.02, 1.02, 0.10, 0.38, 0.56, 0.00, 0.08, 0.27, 0.74, 0.01, 1.21, 0.24, 0.13, 0.04, 0.16, 0.00, 0.00, 0.00, 1.00, 0.00, 0.00, 0.00, 0.00, 0.00, 0.00, 1.00, 0.00, 1.00, 0.00, 0.00, 0.00, 0.00, 0.00, 0.00
567,  0,  9.433,  0.98,  1, 0.13, 0.00, 1.06, 0.10, 0.38, 0.59, 0.00, 0.06, 0.29, 0.82, 0.01, 1.30, 0.11, 0.15, 0.00, 0.29, 0.00, 0.00, 0.00, 1.00, 0.00, 0.00, 0.00, 0.00, 0.00, 0.00, 1.00, 0.00, 0.00, 0.00, 0.00, 0.00, 0.00, 0.00, 0.00
568,  0,  9.450,  0.98,  1, 0.25, 0.00, 1.02, 0.05, 0.43, 0.71, 0.00, 0.03, 0.30, 0.87, 0.02, 1.15, 0.11, 0.10, 0.04, 0.28, 0.00, 0.00, 0.00, 1.00, 0.00, 0.00, 0.00, 0.00, 0.00, 0.00, 1.00, 0.00, 0.00, 0.00, 0.00, 0.00, 0.00, 0.00, 0.00
569,  0,  9.467,  0.98,  1, 0.13, 0.00, 0.89, 0.07, 0.36, 0.74, 0.00, 0.02, 0.31, 0.77, 0.02, 1.04, 0.01, 0.13, 0.07, 0.40, 0.00, 0.00, 0.00, 1.00, 0.00, 0.00, 0.00, 0.00, 0.00, 0.00, 1.00, 0.00, 0.00, 0.00, 0.00, 0.00, 0.00, 0.00, 0.00
570,  0,  9.483,  0.98,  1, 0.27, 0.04, 0.94, 0.10, 0.47, 0.78, 0.00, 0.03, 0.34, 0.66, 0.02, 1.00, 0.01, 0.12, 0.08, 0.36, 0.00, 0.00, 1.00, 1.00, 0.00, 0.00, 0.00, 0.00, 0.00, 0.00, 1.00, 0.00, 0.00, 0.00, 0.00, 0.00, 0.00, 0.00, 0.00
571,  0,  9.500,  0.98,  1, 0.30, 0.06, 0.98, 0.20, 0.38, 0.66, 0.00, 0.09, 0.28, 0.69, 0.00, 1.09, 0.01, 0.18, 0.04, 0.28, 0.00, 0.00, 1.00, 1.00, 0.00, 0.00, 0.00, 0.00, 0.00, 0.00, 1.00, 0.00, 0.00, 0.00, 0.00, 0.00, 0.00, 0.00, 0.00
572,  0,  9.517,  0.98,  1, 0.32, 0.08, 1.05, 0.27, 0.46, 0.62, 0.00, 0.11, 0.30, 0.69, 0.00, 1.24, 0.06, 0.14, 0.02, 0.13, 0.00, 0.00, 1.00, 1.00, 0.00, 0.00, 0.00, 0.00, 0.00, 0.00, 1.00, 0.00, 1.00, 0.00, 0.00, 0.00, 0.00, 0.00, 0.00
573,  0,  9.533,  0.98,  1, 0.27, 0.04, 1.03, 0.24, 0.47, 0.64, 0.00, 0.10, 0.28, 0.68, 0.00, 1.32, 0.09, 0.12, 0.01, 0.11, 0.09, 0.00, 1.00, 1.00, 0.00, 0.00, 0.00, 0.00, 0.00, 0.00, 1.00, 0.00, 1.00, 0.00, 0.00, 0.00, 0.00, 0.00, 0.00
574,  0,  9.550,  0.98,  1, 0.39, 0.02, 1.08, 0.14, 0.64, 0.79, 0.00, 0.14, 0.34, 0.75, 0.09, 1.36, 0.15, 0.05, 0.01, 0.19, 0.30, 0.00, 1.00, 1.00, 0.00, 0.00, 0.00, 0.00, 0.00, 0.00, 1.00, 0.00, 1.00, 0.00, 0.00, 0.00, 0.00, 0.00, 0.00
575,  0,  9.567,  0.98,  1, 0.69, 0.01, 0.93, 0.00, 0.70, 0.88, 0.00, 0.14, 0.42, 0.78, 0.09, 1.31, 0.09, 0.02, 0.02, 0.23, 0.61, 1.00, 1.00, 1.00, 0.00, 0.00, 0.00, 0.00, 0.00, 0.00, 1.00, 0.00, 1.00, 0.00, 0.00, 0.00, 0.00, 0.00, 1.00
576,  0,  9.583,  0.98,  1, 0.99, 0.01, 0.94, 0.00, 0.65, 1.16, 0.00, 0.26, 0.51, 0.87, 0.17, 1.42, 0.08, 0.00, 0.02, 0.29, 0.77, 1.00, 1.00, 1.00, 0.00, 0.00, 0.00, 0.00, 0.00, 0.00, 1.00, 0.00, 1.00, 0.00, 0.00, 0.00, 0.00, 0.00, 1.00
577,  0,  9.600,  0.98,  1, 1.07, 0.05, 0.93, 0.00, 0.53, 0.86, 0.00, 0.22, 0.55, 0.69, 0.09, 1.27, 0.04, 0.00, 0.06, 0.30, 0.77, 1.00, 1.00, 1.00, 0.00, 0.00, 1.00, 0.00, 0.00, 0.00, 1.00, 0.00, 1.00, 0.00, 0.00, 0.00, 0.00, 0.00, 1.00
578,  0,  9.617,  0.98,  1, 0.98, 0.04, 1.09, 0.00, 0.54, 0.94, 0.00, 0.32, 0.50, 0.59, 0.15, 1.31, 0.04, 0.00, 0.04, 0.27, 0.60, 1.00, 1.00, 1.00, 0.00, 0.00, 1.00, 0.00, 0.00, 0.00, 1.00, 0.00, 1.00, 0.00, 0.00, 0.00, 0.00, 0.00, 1.00
579,  0,  9.633,  0.98,  1, 0.90, 0.09, 0.97, 0.00, 0.52, 0.78, 0.00, 0.22, 0.45, 0.49, 0.15, 1.20, 0.07, 0.00, 0.04, 0.14, 0.54, 1.00, 1.00, 1.00, 0.00, 0.00, 1.00, 0.00, 0.00, 0.00, 1.00, 0.00, 1.00, 0.00, 0.00, 0.00, 0.00, 0.00, 1.00
580,  0,  9.650,  0.98,  1, 1.01, 0.11, 0.97, 0.00, 0.59, 0.97, 0.00, 0.31, 0.53, 0.55, 0.15, 1.19, 0.19, 0.00, 0.04, 0.01, 0.54, 1.00, 1.00, 1.00, 0.00, 0.00, 1.00, 0.00, 0.00, 0.00, 1.00, 0.00, 1.00, 0.00, 0.00, 0.00, 0.00, 0.00, 1.00
581,  0,  9.667,  0.98,  1, 1.44, 0.11, 0.99, 0.00, 0.41, 0.60, 0.00, 0.24, 0.57, 0.46, 0.12, 1.11, 0.36, 0.00, 0.11, 0.06, 0.67, 1.00, 1.00, 0.00, 0.00, 0.00, 1.00, 0.00, 0.00, 0.00, 1.00, 0.00, 0.00, 0.00, 0.00, 0.00, 0.00, 0.00, 1.00
582,  0,  9.683,  0.98,  1, 1.85, 0.34, 1.01, 0.00, 0.30, 0.27, 0.00, 0.40, 0.62, 0.59, 0.04, 1.20, 0.50, 0.00, 0.11, 0.10, 0.71, 1.00, 1.00, 0.00, 0.00, 0.00, 1.00, 0.00, 0.00, 0.00, 1.00, 0.00, 0.00, 0.00, 0.00, 0.00, 0.00, 0.00, 1.00
583,  0,  9.700,  0.98,  1, 2.11, 0.60, 0.80, 0.00, 0.10, 0.00, 0.00, 0.33, 0.60, 0.52, 0.04, 1.20, 0.51, 0.00, 0.15, 0.16, 0.80, 1.00, 1.00, 0.00, 0.00, 0.00, 0.00, 0.00, 0.00, 0.00, 1.00, 0.00, 0.00, 0.00, 0.00, 0.00, 0.00, 0.00, 1.00
584,  0,  9.717,  0.98,  1, 2.18, 0.76, 0.75, 0.00, 0.08, 0.00, 0.00, 0.40, 0.61, 0.76, 0.01, 1.25, 0.45, 0.00, 0.10, 0.28, 0.75, 1.00, 1.00, 0.00, 0.00, 0.00, 0.00, 0.00, 0.00, 0.00, 1.00, 0.00, 0.00, 0.00, 0.00, 0.00, 0.00, 0.00, 1.00
585,  0,  9.733,  0.98,  1, 2.07, 0.71, 0.81, 0.00, 0.03, 0.00, 0.00, 0.27, 0.57, 0.63, 0.09, 1.07, 0.31, 0.00, 0.10, 0.28, 0.87, 1.00, 1.00, 0.00, 0.00, 0.00, 0.00, 0.00, 0.00, 0.00, 1.00, 0.00, 0.00, 0.00, 0.00, 0.00, 0.00, 0.00, 1.00
586,  0,  9.750,  0.98,  1, 1.93, 0.60, 0.94, 0.00, 0.07, 0.00, 0.00, 0.23, 0.58, 0.58, 0.09, 1.15, 0.21, 0.00, 0.04, 0.28, 0.91, 1.00, 1.00, 0.00, 0.00, 0.00, 0.00, 0.00, 0.00, 0.00, 1.00, 0.00, 0.00, 0.00, 0.00, 0.00, 0.00, 0.00, 1.00
587,  0,  9.767,  0.98,  1, 1.68, 0.60, 0.90, 0.00, 0.14, 0.00, 0.00, 0.10, 0.56, 0.47, 0.09, 1.09, 0.16, 0.00, 0.06, 0.28, 0.97, 1.00, 1.00, 0.00, 0.00, 0.00, 0.00, 0.00, 0.00, 0.00, 1.00, 0.00, 0.00, 0.00, 0.00, 0.00, 0.00, 0.00, 1.00
588,  0,  9.783,  0.98,  1, 1.51, 0.60, 0.97, 0.00, 0.26, 0.01, 0.00, 0.18, 0.49, 0.43, 0.20, 1.04, 0.12, 0.00, 0.16, 0.31, 0.75, 1.00, 1.00, 0.00, 0.00, 0.00, 0.00, 0.00, 0.00, 0.00, 1.00, 0.00, 0.00, 0.00, 0.00, 0.00, 0.00, 0.00, 1.00
589,  0,  9.800,  0.98,  1, 1.25, 0.41, 0.94, 0.00, 0.38, 0.34, 0.00, 0.23, 0.42, 0.51, 0.22, 0.92, 0.08, 0.00, 0.15, 0.24, 0.53, 1.00, 1.00, 0.00, 0.00, 0.00, 0.00, 0.00, 0.00, 0.00, 1.00, 0.00, 0.00, 0.00, 0.00, 0.00, 0.00, 0.00, 1.00
590,  0,  9.817,  0.98,  1, 1.15, 0.24, 1.05, 0.00, 0.41, 0.46, 0.00, 0.33, 0.40, 0.60, 0.22, 0.95, 0.03, 0.00, 0.12, 0.16, 0.52, 1.00, 1.00, 1.00, 0.00, 0.00, 0.00, 0.00, 0.00, 0.00, 1.00, 0.00, 0.00, 0.00, 0.00, 0.00, 0.00, 0.00, 1.00
591,  0,  9.833,  0.98,  1, 1.00, 0.09, 1.08, 0.00, 0.49, 0.46, 0.00, 0.31, 0.42, 0.65, 0.11, 1.03, 0.01, 0.00, 0.03, 0.29, 0.74, 1.00, 1.00, 1.00, 0.00, 0.00, 1.00, 0.00, 0.00, 0.00, 1.00, 0.00, 0.00, 0.00, 0.00, 0.00, 0.00, 0.00, 1.00
592,  0,  9.850,  0.98,  1, 0.87, 0.14, 1.22, 0.00, 0.56, 0.57, 0.00, 0.26, 0.42, 0.69, 0.08, 1.02, 0.02, 0.00, 0.10, 0.48, 0.92, 1.00, 1.00, 1.00, 0.00, 0.00, 1.00, 0.00, 0.00, 0.00, 1.00, 0.00, 0.00, 0.00, 0.00, 0.00, 0.00, 0.00, 1.00
593,  0,  9.867,  0.98,  1, 0.75, 0.33, 1.32, 0.02, 0.72, 0.72, 0.00, 0.27, 0.40, 0.72, 0.08, 0.99, 0.01, 0.00, 0.08, 0.40, 0.86, 0.00, 1.00, 1.00, 0.00, 0.00, 1.00, 0.00, 0.00, 0.00, 1.00, 0.00, 0.00, 0.00, 0.00, 0.00, 0.00, 0.00, 1.00
594,  0,  9.883,  0.98,  1, 0.62, 0.25, 1.28, 0.02, 0.80, 1.26, 0.00, 0.25, 0.40, 0.82, 0.09, 1.09, 0.01, 0.00, 0.08, 0.43, 0.49, 0.00, 1.00, 1.00, 0.00, 0.00, 1.00, 0.00, 0.00, 0.00, 1.00, 0.00, 0.00, 0.00, 0.00, 0.00, 0.00, 0.00, 1.00
595,  0,  9.900,  0.98,  1, 0.59, 0.25, 1.26, 0.02, 0.76, 1.37, 0.00, 0.41, 0.37, 0.80, 0.12, 1.23, 0.08, 0.00, 0.01, 0.35, 0.42, 0.00, 1.00, 1.00, 0.00, 0.00, 1.00, 0.00, 0.00, 0.00, 1.00, 0.00, 0.00, 0.00, 0.00, 0.00, 0.00, 0.00, 1.00
596,  0,  9.917,  0.98,  1, 0.52, 0.10, 1.38, 0.00, 0.68, 1.52, 0.00, 0.37, 0.32, 0.84, 0.21, 1.20, 0.17, 0.00, 0.04, 0.35, 0.54, 0.00, 1.00, 1.00, 0.00, 0.00, 1.00, 0.00, 0.00, 0.00, 1.00, 0.00, 1.00, 0.00, 0.00, 0.00, 0.00, 0.00, 1.00
597,  0,  9.933,  0.98,  1, 0.57, 0.10, 1.32, 0.00, 0.64, 1.51, 0.00, 0.40, 0.37, 0.91, 0.34, 1.20, 0.17, 0.00, 0.03, 0.37, 0.67, 0.00, 1.00, 1.00, 0.00, 0.00, 1.00, 0.00, 0.00, 0.00, 1.00, 0.00, 1.00, 0.00, 0.00, 0.00, 0.00, 0.00, 1.00
598,  0,  9.950,  0.98,  1, 0.58, 0.07, 1.54, 0.00, 0.66, 1.50, 0.00, 0.33, 0.40, 0.99, 0.32, 1.29, 0.09, 0.00, 0.03, 0.37, 0.65, 0.00, 1.00, 1.00, 0.00, 0.00, 1.00, 0.00, 0.00, 0.00, 1.00, 0.00, 1.00, 0.00, 0.00, 0.00, 0.00, 0.00, 1.00
599,  0,  9.967,  0.98,  1, 0.53, 0.03, 1.48, 0.00, 0.74, 1.52, 0.00, 0.36, 0.41, 0.94, 0.23, 1.35, 0.00, 0.00, 0.01, 0.40, 0.74, 0.00, 1.00, 1.00, 0.00, 0.00, 1.00, 0.00, 0.00, 0.00, 1.00, 0.00, 1.00, 0.00, 0.00, 0.00, 0.00, 0.00, 1.00
600,  0,  9.983,  0.98,  1, 0.42, 0.03, 1.53, 0.00, 0.63, 1.36, 0.00, 0.31, 0.36, 0.81, 0.00, 1.33, 0.00, 0.00, 0.09, 0.20, 0.84, 1.00, 1.00, 1.00, 0.00, 0.00, 1.00, 0.00, 0.00, 0.00, 1.00, 0.00, 1.00, 0.00, 0.00, 0.00, 0.00, 0.00, 1.00
601,  0,  10.000,  0.98,  1, 0.41, 0.06, 1.27, 0.00, 0.66, 1.14, 0.00, 0.30, 0.31, 0.84, 0.06, 1.12, 0.01, 0.00, 0.09, 0.08, 0.84, 1.00, 1.00, 1.00, 0.00, 0.00, 1.00, 0.00, 0.00, 0.00, 1.00, 0.00, 1.00, 0.00, 0.00, 0.00, 0.00, 0.00, 1.00
602,  0,  10.017,  0.98,  1, 0.43, 0.06, 1.13, 0.00, 0.60, 1.32, 0.00, 0.35, 0.30, 0.91, 0.18, 1.13, 0.01, 0.00, 0.08, 0.06, 0.64, 1.00, 1.00, 1.00, 0.00, 0.00, 1.00, 0.00, 0.00, 0.00, 1.00, 0.00, 1.00, 0.00, 0.00, 0.00, 0.00, 0.00, 1.00
603,  0,  10.033,  0.98,  1, 0.47, 0.08, 1.23, 0.00, 0.60, 1.52, 0.00, 0.33, 0.29, 1.08, 0.18, 1.15, 0.01, 0.00, 0.00, 0.10, 0.66, 1.00, 1.00, 1.00, 0.00, 0.00, 1.00, 0.00, 0.00, 0.00, 1.00, 0.00, 1.00, 0.00, 0.00, 0.00, 0.00, 0.00, 1.00
604,  0,  10.050,  0.98,  1, 0.52, 0.02, 1.37, 0.00, 0.55, 1.70, 0.00, 0.28, 0.29, 0.91, 0.12, 1.25, 0.07, 0.00, 0.04, 0.19, 0.68, 1.00, 1.00, 1.00, 0.00, 0.00, 1.00, 0.00, 0.00, 0.00, 1.00, 0.00, 1.00, 0.00, 0.00, 0.00, 0.00, 0.00, 1.00
605,  0,  10.067,  0.98,  1, 0.59, 0.04, 1.31, 0.00, 0.45, 1.43, 0.00, 0.15, 0.23, 0.77, 0.22, 1.32, 0.07, 0.00, 0.04, 0.27, 0.80, 1.00, 1.00, 1.00, 0.00, 0.00, 1.00, 0.00, 0.00, 0.00, 1.00, 0.00, 1.00, 0.00, 0.00, 0.00, 0.00, 0.00, 1.00
606,  0,  10.083,  0.98,  1, 0.45, 0.02, 1.18, 0.00, 0.48, 1.24, 0.00, 0.22, 0.26, 0.65, 0.31, 1.34, 0.07, 0.00, 0.04, 0.32, 0.72, 1.00, 1.00, 1.00, 0.00, 0.00, 1.00, 0.00, 0.00, 0.00, 1.00, 0.00, 1.00, 0.00, 0.00, 0.00, 0.00, 0.00, 1.00
607,  0,  10.100,  0.98,  1, 0.45, 0.02, 1.07, 0.00, 0.49, 1.28, 0.00, 0.25, 0.27, 0.81, 0.45, 1.40, 0.00, 0.00, 0.05, 0.37, 0.51, 1.00, 1.00, 1.00, 0.00, 0.00, 1.00, 0.00, 0.00, 0.00, 1.00, 0.00, 1.00, 0.00, 0.00, 0.00, 0.00, 0.00, 0.00
608,  0,  10.117,  0.98,  1, 0.47, 0.00, 1.10, 0.00, 0.51, 1.30, 0.00, 0.34, 0.25, 0.83, 0.44, 1.34, 0.00, 0.00, 0.17, 0.34, 0.26, 1.00, 1.00, 1.00, 0.00, 0.00, 1.00, 0.00, 0.00, 0.00, 1.00, 0.00, 1.00, 0.00, 0.00, 0.00, 0.00, 0.00, 0.00
609,  0,  10.133,  0.98,  1, 0.56, 0.00, 0.99, 0.00, 0.42, 1.36, 0.00, 0.29, 0.23, 0.80, 0.35, 1.27, 0.00, 0.00, 0.17, 0.39, 0.07, 1.00, 1.00, 1.00, 0.00, 0.00, 1.00, 0.00, 0.00, 0.00, 1.00, 0.00, 1.00, 0.00, 0.00, 0.00, 0.00, 0.00, 0.00
610,  0,  10.150,  0.98,  1, 0.55, 0.00, 0.79, 0.00, 0.33, 1.15, 0.00, 0.19, 0.23, 0.57, 0.36, 1.21, 0.00, 0.00, 0.25, 0.36, 0.14, 1.00, 1.00, 1.00, 0.00, 0.00, 1.00, 0.00, 0.00, 0.00, 1.00, 0.00, 1.00, 0.00, 0.00, 0.00, 0.00, 0.00, 0.00
611,  0,  10.167,  0.98,  1, 0.47, 0.00, 0.81, 0.00, 0.36, 1.08, 0.00, 0.13, 0.30, 0.56, 0.16, 1.16, 0.00, 0.00, 0.12, 0.41, 0.07, 1.00, 1.00, 1.00, 0.00, 0.00, 1.00, 0.00, 0.00, 0.00, 1.00, 0.00, 1.00, 0.00, 0.00, 0.00, 0.00, 0.00, 0.00
612,  0,  10.183,  0.98,  1, 0.60, 0.02, 0.92, 0.00, 0.40, 1.06, 0.00, 0.07, 0.30, 0.51, 0.25, 1.18, 0.00, 0.00, 0.12, 0.31, 0.36, 1.00, 1.00, 1.00, 0.00, 0.00, 1.00, 0.00, 0.00, 0.00, 1.00, 0.00, 1.00, 0.00, 0.00, 0.00, 0.00, 0.00, 0.00
613,  0,  10.200,  0.98,  1, 0.74, 0.10, 1.17, 0.09, 0.49, 1.30, 0.00, 0.17, 0.27, 0.68, 0.21, 1.22, 0.00, 0.00, 0.00, 0.35, 0.67, 1.00, 1.00, 1.00, 0.00, 0.00, 1.00, 0.00, 0.00, 0.00, 1.00, 0.00, 1.00, 0.00, 0.00, 0.00, 0.00, 0.00, 1.00
614,  0,  10.217,  0.98,  1, 1.12, 0.26, 1.17, 0.09, 0.38, 1.10, 0.00, 0.26, 0.31, 0.62, 0.28, 1.16, 0.00, 0.00, 0.02, 0.41, 1.21, 1.00, 1.00, 1.00, 0.00, 0.00, 1.00, 0.00, 0.00, 0.00, 1.00, 0.00, 1.00, 0.00, 0.00, 0.00, 0.00, 0.00, 1.00
615,  0,  10.233,  0.98,  1, 1.45, 0.43, 1.03, 0.09, 0.28, 0.67, 0.00, 0.30, 0.33, 0.56, 0.37, 1.00, 0.00, 0.00, 0.04, 0.47, 1.47, 1.00, 1.00, 1.00, 0.00, 0.00, 1.00, 0.00, 0.00, 0.00, 1.00, 0.00, 1.00, 0.00, 0.00, 0.00, 0.00, 0.00, 1.00
616,  0,  10.250,  0.98,  1, 1.72, 0.61, 0.95, 0.00, 0.16, 0.22, 0.00, 0.19, 0.35, 0.44, 0.43, 0.90, 0.00, 0.00, 0.13, 0.40, 1.71, 1.00, 1.00, 0.00, 0.00, 0.00, 1.00, 0.00, 0.00, 0.00, 0.00, 0.00, 1.00, 0.00, 0.00, 0.00, 0.00, 0.00, 1.00
617,  0,  10.267,  0.98,  1, 1.66, 0.60, 0.93, 0.00, 0.17, 0.32, 0.00, 0.07, 0.28, 0.42, 0.59, 0.94, 0.00, 0.00, 0.11, 0.25, 1.51, 1.00, 1.00, 0.00, 0.00, 0.00, 1.00, 0.00, 0.00, 0.00, 0.00, 0.00, 1.00, 0.00, 0.00, 0.00, 0.00, 0.00, 1.00
618,  0,  10.283,  0.98,  1, 1.40, 0.45, 0.90, 0.00, 0.29, 0.53, 0.00, 0.07, 0.26, 0.36, 0.57, 1.04, 0.00, 0.00, 0.08, 0.33, 1.39, 1.00, 1.00, 0.00, 0.00, 0.00, 1.00, 0.00, 0.00, 0.00, 0.00, 0.00, 0.00, 0.00, 0.00, 0.00, 0.00, 0.00, 1.00
619,  0,  10.300,  0.98,  1, 1.14, 0.21, 0.96, 0.00, 0.37, 0.98, 0.00, 0.14, 0.25, 0.53, 0.59, 1.11, 0.00, 0.00, 0.00, 0.37, 1.17, 1.00, 1.00, 0.00, 0.00, 0.00, 1.00, 0.00, 0.00, 0.00, 0.00, 0.00, 0.00, 0.00, 0.00, 0.00, 0.00, 0.00, 1.00
620,  0,  10.317,  0.98,  1, 0.90, 0.11, 1.00, 0.00, 0.53, 1.24, 0.00, 0.15, 0.29, 0.52, 0.43, 1.04, 0.00, 0.00, 0.00, 0.57, 1.16, 1.00, 1.00, 0.00, 0.00, 0.00, 1.00, 0.00, 0.00, 0.00, 0.00, 0.00, 0.00, 0.00, 0.00, 0.00, 0.00, 0.00, 1.00
621,  0,  10.333,  0.98,  1, 0.97, 0.18, 1.19, 0.00, 0.57, 1.55, 0.00, 0.14, 0.20, 0.55, 0.38, 1.04, 0.00, 0.00, 0.00, 0.50, 1.01, 1.00, 1.00, 1.00, 0.00, 0.00, 1.00, 0.00, 0.00, 0.00, 0.00, 0.00, 1.00, 0.00, 0.00, 0.00, 0.00, 0.00, 1.00
622,  0,  10.350,  0.98,  1, 1.03, 0.17, 1.13, 0.00, 0.61, 1.53, 0.00, 0.08, 0.14, 0.36, 0.27, 1.00, 0.00, 0.00, 0.00, 0.47, 0.74, 1.00, 1.00, 1.00, 0.00, 0.00, 1.00, 0.00, 0.00, 0.00, 0.00, 0.00, 1.00, 0.00, 0.00, 0.00, 0.00, 0.00, 1.00
623,  0,  10.367,  0.98,  1, 1.17, 0.22, 1.11, 0.13, 0.56, 1.47, 0.00, 0.17, 0.11, 0.41, 0.29, 1.13, 0.00, 0.00, 0.00, 0.35, 0.67, 1.00, 1.00, 1.00, 0.00, 0.00, 1.00, 0.00, 0.00, 0.00, 0.00, 0.00, 0.00, 0.00, 0.00, 0.00, 0.00, 0.00, 1.00
624,  0,  10.383,  0.98,  1, 1.02, 0.11, 0.98, 0.13, 0.54, 1.26, 0.00, 0.12, 0.13, 0.50, 0.21, 1.19, 0.00, 0.00, 0.00, 0.35, 0.51, 1.00, 1.00, 1.00, 0.00, 0.00, 1.00, 0.00, 0.00, 0.00, 0.00, 0.00, 0.00, 0.00, 0.00, 0.00, 0.00, 0.00, 1.00
625,  0,  10.400,  0.98,  1, 0.93, 0.11, 1.10, 0.13, 0.48, 1.34, 0.00, 0.12, 0.21, 0.61, 0.17, 1.17, 0.00, 0.00, 0.10, 0.40, 0.54, 1.00, 1.00, 1.00, 0.00, 0.00, 1.00, 0.00, 0.00, 0.00, 0.00, 0.00, 0.00, 0.00, 0.00, 0.00, 0.00, 0.00, 0.00
626,  0,  10.417,  0.98,  1, 0.73, 0.00, 1.06, 0.00, 0.42, 1.26, 0.00, 0.00, 0.20, 0.49, 0.14, 1.14, 0.00, 0.00, 0.10, 0.41, 0.28, 1.00, 1.00, 1.00, 0.00, 0.00, 1.00, 0.00, 0.00, 0.00, 0.00, 0.00, 1.00, 0.00, 0.00, 0.00, 0.00, 0.00, 0.00
627,  0,  10.433,  0.98,  1, 0.85, 0.04, 1.09, 0.00, 0.40, 1.36, 0.00, 0.07, 0.21, 0.44, 0.17, 1.02, 0.00, 0.00, 0.10, 0.39, 0.22, 1.00, 1.00, 1.00, 0.00, 0.00, 1.00, 0.00, 0.00, 0.00, 0.00, 0.00, 1.00, 0.00, 0.00, 0.00, 0.00, 0.00, 0.00
628,  0,  10.450,  0.98,  1, 0.88, 0.07, 1.00, 0.00, 0.32, 0.96, 0.00, 0.12, 0.14, 0.23, 0.29, 1.07, 0.00, 0.00, 0.00, 0.44, 0.06, 1.00, 1.00, 1.00, 0.00, 0.00, 1.00, 0.00, 0.00, 0.00, 0.00, 0.00, 1.00, 0.00, 0.00, 0.00, 0.00, 0.00, 0.00
629,  0,  10.467,  0.98,  1, 0.91, 0.07, 1.05, 0.00, 0.31, 1.05, 0.00, 0.12, 0.10, 0.21, 0.28, 1.05, 0.00, 0.00, 0.00, 0.46, 0.12, 1.00, 1.00, 1.00, 0.00, 0.00, 1.00, 0.00, 0.00, 0.00, 0.00, 0.00, 0.00, 0.00, 0.00, 0.00, 0.00, 0.00, 0.00
630,  0,  10.483,  0.98,  1, 0.88, 0.04, 1.05, 0.00, 0.30, 1.13, 0.00, 0.05, 0.10, 0.17, 0.29, 1.03, 0.00, 0.00, 0.00, 0.39, 0.12, 1.00, 1.00, 1.00, 0.00, 0.00, 1.00, 0.00, 0.00, 0.00, 0.00, 0.00, 0.00, 0.00, 0.00, 0.00, 0.00, 0.00, 0.00
631,  0,  10.500,  0.98,  1, 0.87, 0.00, 0.99, 0.00, 0.35, 1.20, 0.00, 0.00, 0.15, 0.39, 0.13, 0.92, 0.00, 0.00, 0.00, 0.41, 0.14, 1.00, 1.00, 1.00, 0.00, 0.00, 1.00, 0.00, 0.00, 0.00, 0.00, 0.00, 0.00, 0.00, 0.00, 0.00, 0.00, 0.00, 0.00
632,  0,  10.517,  0.98,  1, 1.01, 0.01, 0.88, 0.00, 0.41, 1.16, 0.00, 0.00, 0.20, 0.44, 0.10, 0.80, 0.00, 0.00, 0.00, 0.32, 0.08, 1.00, 1.00, 1.00, 0.00, 0.00, 1.00, 0.00, 0.00, 0.00, 0.00, 0.00, 0.00, 0.00, 0.00, 0.00, 0.00, 0.00, 0.00
633,  0,  10.533,  0.98,  1, 1.05, 0.01, 0.90, 0.00, 0.39, 0.97, 0.00, 0.00, 0.20, 0.33, 0.02, 0.80, 0.00, 0.00, 0.00, 0.41, 0.04, 1.00, 1.00, 1.00, 0.00, 0.00, 1.00, 0.00, 0.00, 0.00, 0.00, 0.00, 0.00, 0.00, 0.00, 0.00, 0.00, 0.00, 0.00
634,  0,  10.550,  0.98,  1, 0.97, 0.01, 0.96, 0.00, 0.41, 0.96, 0.00, 0.00, 0.20, 0.21, 0.04, 0.84, 0.00, 0.00, 0.00, 0.25, 0.01, 1.00, 1.00, 1.00, 0.00, 0.00, 1.00, 0.00, 0.00, 0.00, 0.00, 0.00, 0.00, 0.00, 0.00, 0.00, 0.00, 0.00, 0.00
635,  0,  10.567,  0.98,  1, 0.89, 0.00, 1.05, 0.00, 0.31, 0.94, 0.00, 0.00, 0.19, 0.14, 0.04, 0.92, 0.00, 0.00, 0.00, 0.30, 0.01, 1.00, 1.00, 1.00, 0.00, 0.00, 1.00, 0.00, 0.00, 0.00, 0.00, 0.00, 0.00, 0.00, 0.00, 0.00, 0.00, 0.00, 0.00
636,  0,  10.583,  0.98,  1, 0.94, 0.02, 1.19, 0.00, 0.30, 1.26, 0.00, 0.00, 0.17, 0.24, 0.09, 0.92, 0.00, 0.00, 0.00, 0.26, 0.00, 1.00, 1.00, 1.00, 0.00, 0.00, 1.00, 0.00, 0.00, 0.00, 0.00, 0.00, 0.00, 0.00, 0.00, 0.00, 0.00, 0.00, 0.00
637,  0,  10.600,  0.98,  1, 0.98, 0.16, 1.28, 0.00, 0.29, 1.43, 0.00, 0.00, 0.15, 0.16, 0.11, 0.98, 0.00, 0.00, 0.00, 0.25, 0.07, 1.00, 1.00, 1.00, 0.00, 0.00, 1.00, 0.00, 0.00, 0.00, 0.00, 0.00, 0.00, 0.00, 0.00, 0.00, 0.00, 0.00, 0.00
638,  0,  10.617,  0.98,  1, 0.84, 0.16, 1.24, 0.00, 0.31, 1.51, 0.00, 0.00, 0.16, 0.18, 0.21, 0.93, 0.00, 0.00, 0.00, 0.26, 0.07, 1.00, 1.00, 1.00, 0.00, 0.00, 1.00, 0.00, 0.00, 0.00, 0.00, 0.00, 0.00, 0.00, 0.00, 0.00, 0.00, 0.00, 0.00
639,  0,  10.633,  0.98,  1, 0.79, 0.13, 1.16, 0.00, 0.30, 1.13, 0.00, 0.02, 0.22, 0.19, 0.30, 0.91, 0.00, 0.00, 0.00, 0.17, 0.07, 1.00, 1.00, 1.00, 0.00, 0.00, 1.00, 0.00, 0.00, 0.00, 0.00, 0.00, 0.00, 0.00, 0.00, 0.00, 0.00, 0.00, 0.00
640,  0,  10.650,  0.98,  1, 0.87, 0.03, 1.20, 0.00, 0.40, 1.14, 0.00, 0.11, 0.18, 0.20, 0.31, 0.67, 0.00, 0.00, 0.02, 0.13, 0.00, 1.00, 1.00, 1.00, 0.00, 0.00, 1.00, 0.00, 0.00, 0.00, 0.00, 0.00, 0.00, 0.00, 0.00, 0.00, 0.00, 0.00, 0.00
641,  0,  10.667,  0.98,  1, 1.11, 0.22, 1.29, 0.00, 0.53, 1.51, 0.00, 0.22, 0.20, 0.39, 0.31, 0.73, 0.00, 0.00, 0.02, 0.11, 0.17, 1.00, 1.00, 1.00, 0.00, 0.00, 1.00, 0.00, 0.00, 0.00, 0.00, 1.00, 0.00, 0.00, 0.00, 0.00, 0.00, 0.00, 0.00
642,  0,  10.683,  0.98,  1, 1.27, 0.31, 1.27, 0.00, 0.63, 1.77, 0.00, 0.24, 0.21, 0.31, 0.26, 0.78, 0.00, 0.00, 0.02, 0.18, 0.42, 1.00, 1.00, 1.00, 0.00, 0.00, 1.00, 0.00, 0.00, 0.00, 0.00, 1.00, 0.00, 0.00, 0.00, 0.00, 0.00, 0.00, 1.00
643,  0,  10.700,  0.98,  1, 1.47, 0.36, 1.18, 0.00, 0.56, 1.73, 0.00, 0.19, 0.34, 0.41, 0.22, 0.82, 0.01, 0.00, 0.00, 0.19, 0.78, 1.00, 1.00, 1.00, 0.00, 0.00, 1.00, 0.00, 0.00, 0.00, 0.00, 0.00, 0.00, 0.00, 0.00, 0.00, 0.00, 0.00, 1.00
644,  0,  10.717,  0.98,  1, 1.70, 0.34, 1.00, 0.00, 0.45, 0.96, 0.00, 0.15, 0.34, 0.29, 0.30, 0.76, 0.01, 0.00, 0.06, 0.11, 0.82, 1.00, 1.00, 1.00, 0.00, 0.00, 1.00, 0.00, 0.00, 0.00, 0.00, 0.00, 0.00, 0.00, 0.00, 0.00, 0.00, 0.00, 1.00
645,  0,  10.733,  0.98,  1, 1.71, 0.25, 0.83, 0.00, 0.41, 0.54, 0.00, 0.10, 0.37, 0.38, 0.44, 0.64, 0.08, 0.00, 0.06, 0.03, 0.95, 1.00, 1.00, 1.00, 0.00, 0.00, 1.00, 0.00, 0.00, 0.00, 0.00, 0.00, 0.00, 0.00, 0.00, 0.00, 0.00, 0.00, 1.00
646,  0,  10.750,  0.98,  1, 1.56, 0.17, 0.70, 0.00, 0.41, 0.11, 0.00, 0.13, 0.35, 0.36, 0.61, 0.86, 0.07, 0.00, 0.06, 0.11, 0.80, 1.00, 1.00, 0.00, 0.00, 0.00, 1.00, 0.00, 0.00, 0.00, 0.00, 0.00, 0.00, 0.00, 0.00, 0.00, 0.00, 0.00, 1.00
647,  0,  10.767,  0.98,  1, 1.35, 0.04, 0.89, 0.00, 0.46, 0.36, 0.00, 0.14, 0.38, 0.50, 0.62, 0.98, 0.07, 0.00, 0.01, 0.28, 0.87, 1.00, 1.00, 0.00, 0.00, 0.00, 1.00, 0.00, 0.00, 0.00, 1.00, 0.00, 0.00, 0.00, 0.00, 0.00, 0.00, 0.00, 1.00
648,  0,  10.783,  0.98,  1, 1.14, 0.04, 0.95, 0.00, 0.59, 0.94, 0.00, 0.17, 0.41, 0.61, 0.61, 1.18, 0.06, 0.00, 0.01, 0.36, 0.62, 1.00, 1.00, 0.00, 0.00, 0.00, 1.00, 0.00, 0.00, 0.00, 1.00, 0.00, 0.00, 0.00, 0.00, 0.00, 0.00, 0.00, 1.00
649,  0,  10.800,  0.98,  1, 0.95, 0.04, 1.08, 0.00, 0.60, 1.45, 0.00, 0.17, 0.40, 0.65, 0.44, 1.09, 0.06, 0.00, 0.01, 0.27, 0.59, 1.00, 1.00, 1.00, 0.00, 0.00, 1.00, 0.00, 0.00, 0.00, 1.00, 0.00, 0.00, 0.00, 0.00, 0.00, 0.00, 0.00, 1.00
650,  0,  10.817,  0.98,  1, 0.88, 0.03, 1.18, 0.00, 0.63, 1.81, 0.00, 0.24, 0.38, 0.58, 0.24, 0.98, 0.06, 0.00, 0.00, 0.13, 0.47, 1.00, 0.00, 1.00, 0.00, 0.00, 1.00, 0.00, 0.00, 0.00, 1.00, 0.00, 0.00, 0.00, 0.00, 0.00, 0.00, 0.00, 1.00
651,  0,  10.833,  0.98,  1, 0.87, 0.03, 1.22, 0.00, 0.57, 1.74, 0.00, 0.29, 0.29, 0.47, 0.06, 0.82, 0.00, 0.00, 0.00, 0.03, 0.35, 1.00, 0.00, 1.00, 0.00, 0.00, 1.00, 0.00, 0.00, 0.00, 1.00, 0.00, 0.00, 0.00, 0.00, 0.00, 0.00, 0.00, 1.00
652,  0,  10.850,  0.98,  1, 0.92, 0.03, 1.18, 0.00, 0.63, 1.89, 0.00, 0.38, 0.27, 0.47, 0.12, 0.75, 0.00, 0.00, 0.00, 0.06, 0.20, 1.00, 0.00, 1.00, 0.00, 0.00, 1.00, 0.00, 0.00, 0.00, 1.00, 0.00, 0.00, 0.00, 0.00, 0.00, 0.00, 0.00, 1.00
653,  0,  10.867,  0.98,  1, 0.91, 0.15, 1.13, 0.00, 0.57, 1.82, 0.00, 0.30, 0.28, 0.46, 0.22, 0.81, 0.00, 0.00, 0.00, 0.20, 0.14, 1.00, 0.00, 1.00, 0.00, 0.00, 1.00, 0.00, 0.00, 0.00, 1.00, 0.00, 0.00, 0.00, 0.00, 0.00, 0.00, 0.00, 1.00
654,  0,  10.883,  0.98,  1, 0.84, 0.20, 1.27, 0.01, 0.52, 1.48, 0.00, 0.28, 0.30, 0.39, 0.39, 0.89, 0.00, 0.00, 0.00, 0.20, 0.26, 1.00, 0.00, 1.00, 0.00, 0.00, 1.00, 0.00, 0.00, 0.00, 1.00, 0.00, 0.00, 0.00, 0.00, 0.00, 0.00, 0.00, 1.00
655,  0,  10.900,  0.98,  1, 0.74, 0.22, 1.27, 0.01, 0.48, 1.16, 0.00, 0.25, 0.28, 0.49, 0.47, 0.98, 0.02, 0.00, 0.00, 0.22, 0.25, 1.00, 0.00, 1.00, 0.00, 0.00, 1.00, 0.00, 0.00, 0.00, 1.00, 0.00, 0.00, 0.00, 0.00, 0.00, 0.00, 0.00, 1.00
656,  0,  10.917,  0.98,  1, 0.64, 0.24, 1.20, 0.01, 0.58, 1.06, 0.00, 0.30, 0.28, 0.50, 0.48, 1.02, 0.06, 0.00, 0.00, 0.14, 0.14, 1.00, 0.00, 1.00, 0.00, 0.00, 1.00, 0.00, 0.00, 0.00, 1.00, 0.00, 0.00, 0.00, 0.00, 0.00, 0.00, 0.00, 0.00
657,  0,  10.933,  0.98,  1, 0.60, 0.19, 1.09, 0.00, 0.58, 1.35, 0.00, 0.26, 0.30, 0.58, 0.33, 1.02, 0.06, 0.00, 0.00, 0.14, 0.14, 1.00, 0.00, 1.00, 0.00, 0.00, 1.00, 0.00, 0.00, 0.00, 1.00, 0.00, 0.00, 0.00, 0.00, 0.00, 0.00, 0.00, 0.00
658,  0,  10.950,  0.98,  1, 0.64, 0.17, 1.15, 0.00, 0.60, 1.51, 0.00, 0.22, 0.35, 0.56, 0.30, 0.99, 0.04, 0.00, 0.00, 0.10, 0.11, 1.00, 0.00, 1.00, 0.00, 0.00, 1.00, 0.00, 0.00, 0.00, 1.00, 1.00, 0.00, 0.00, 0.00, 0.00, 0.00, 0.00, 0.00
659,  0,  10.967,  0.98,  1, 0.60, 0.04, 1.07, 0.00, 0.49, 1.42, 0.00, 0.22, 0.34, 0.55, 0.21, 1.04, 0.03, 0.00, 0.03, 0.08, 0.11, 1.00, 0.00, 1.00, 0.00, 0.00, 1.00, 0.00, 0.00, 0.00, 1.00, 0.00, 0.00, 0.00, 0.00, 0.00, 0.00, 0.00, 0.00
660,  0,  10.983,  0.98,  1, 0.48, 0.06, 1.11, 0.00, 0.51, 1.36, 0.00, 0.25, 0.31, 0.73, 0.27, 1.02, 0.03, 0.00, 0.05, 0.20, 0.01, 1.00, 0.00, 1.00, 0.00, 0.00, 1.00, 0.00, 0.00, 0.00, 1.00, 0.00, 0.00, 0.00, 0.00, 0.00, 0.00, 0.00, 0.00
661,  0,  11.000,  0.98,  1, 0.43, 0.06, 1.03, 0.00, 0.54, 1.19, 0.00, 0.25, 0.28, 0.65, 0.31, 0.94, 0.03, 0.00, 0.05, 0.30, 0.01, 0.00, 0.00, 1.00, 0.00, 0.00, 1.00, 0.00, 0.00, 0.00, 1.00, 0.00, 0.00, 0.00, 0.00, 0.00, 0.00, 0.00, 0.00
662,  0,  11.017,  0.98,  1, 0.36, 0.02, 1.03, 0.00, 0.68, 1.12, 0.00, 0.18, 0.26, 0.56, 0.30, 0.94, 0.00, 0.00, 0.02, 0.30, 0.04, 0.00, 0.00, 1.00, 0.00, 0.00, 1.00, 0.00, 0.00, 0.00, 1.00, 0.00, 0.00, 0.00, 0.00, 0.00, 0.00, 0.00, 0.00
663,  0,  11.033,  0.98,  1, 0.42, 0.00, 1.00, 0.00, 0.62, 1.08, 0.00, 0.13, 0.30, 0.62, 0.18, 1.08, 0.00, 0.00, 0.00, 0.28, 0.03, 0.00, 0.00, 1.00, 0.00, 0.00, 1.00, 0.00, 0.00, 0.00, 1.00, 0.00, 0.00, 0.00, 0.00, 0.00, 0.00, 0.00, 0.00
664,  0,  11.050,  0.98,  1, 0.46, 0.00, 1.09, 0.00, 0.55, 1.09, 0.00, 0.13, 0.27, 0.66, 0.19, 1.16, 0.00, 0.00, 0.00, 0.26, 0.07, 1.00, 0.00, 1.00, 0.00, 0.00, 1.00, 0.00, 0.00, 0.00, 1.00, 0.00, 0.00, 0.00, 0.00, 0.00, 0.00, 0.00, 0.00
665,  0,  11.067,  0.98,  1, 0.58, 0.08, 1.13, 0.00, 0.47, 1.29, 0.00, 0.12, 0.27, 0.87, 0.32, 1.19, 0.00, 0.00, 0.08, 0.21, 0.04, 1.00, 1.00, 1.00, 0.00, 0.00, 1.00, 0.00, 0.00, 0.00, 1.00, 0.00, 0.00, 0.00, 0.00, 0.00, 0.00, 0.00, 0.00
666,  0,  11.083,  0.98,  1, 0.76, 0.09, 1.24, 0.00, 0.50, 1.17, 0.00, 0.18, 0.19, 0.69, 0.32, 1.05, 0.00, 0.00, 0.08, 0.15, 0.04, 1.00, 0.00, 1.00, 0.00, 0.00, 1.00, 0.00, 0.00, 0.00, 1.00, 0.00, 0.00, 0.00, 0.00, 0.00, 0.00, 0.00, 0.00
667,  0,  11.100,  0.98,  1, 0.72, 0.11, 1.24, 0.00, 0.56, 1.22, 0.00, 0.10, 0.20, 0.64, 0.18, 1.05, 0.00, 0.00, 0.09, 0.08, 0.00, 1.00, 0.00, 1.00, 0.00, 0.00, 1.00, 0.00, 0.00, 0.00, 1.00, 0.00, 0.00, 0.00, 0.00, 0.00, 0.00, 0.00, 0.00
668,  0,  11.117,  0.98,  1, 0.62, 0.04, 1.19, 0.00, 0.57, 1.26, 0.00, 0.20, 0.20, 0.52, 0.10, 1.00, 0.00, 0.00, 0.00, 0.13, 0.00, 1.00, 1.00, 1.00, 0.00, 0.00, 1.00, 0.00, 0.00, 0.00, 1.00, 0.00, 0.00, 0.00, 0.00, 0.00, 0.00, 0.00, 0.00
669,  0,  11.133,  0.98,  1, 0.45, 0.03, 1.11, 0.00, 0.56, 1.25, 0.00, 0.14, 0.22, 0.43, 0.10, 1.01, 0.00, 0.00, 0.10, 0.11, 0.00, 1.00, 1.00, 1.00, 0.00, 0.00, 1.00, 0.00, 0.00, 0.00, 1.00, 0.00, 0.00, 0.00, 0.00, 0.00, 0.00, 0.00, 0.00
670,  0,  11.150,  0.98,  1, 0.51, 0.18, 1.18, 0.00, 0.47, 1.43, 0.00, 0.14, 0.24, 0.52, 0.07, 0.97, 0.00, 0.00, 0.11, 0.14, 0.16, 1.00, 0.00, 1.00, 0.00, 0.00, 1.00, 0.00, 0.00, 0.00, 1.00, 0.00, 0.00, 0.00, 0.00, 0.00, 0.00, 0.00, 0.00
671,  0,  11.167,  0.98,  1, 0.71, 0.18, 1.28, 0.00, 0.47, 1.29, 0.00, 0.11, 0.25, 0.38, 0.18, 0.96, 0.00, 0.00, 0.11, 0.12, 0.41, 1.00, 0.00, 1.00, 0.00, 0.00, 1.00, 0.00, 0.00, 0.00, 1.00, 0.00, 0.00, 0.00, 0.00, 0.00, 0.00, 0.00, 0.00
672,  0,  11.183,  0.98,  1, 1.08, 0.19, 1.18, 0.00, 0.44, 1.32, 0.00, 0.09, 0.33, 0.45, 0.40, 0.96, 0.01, 0.00, 0.01, 0.12, 0.59, 1.00, 0.00, 1.00, 0.00, 0.00, 1.00, 0.00, 0.00, 0.00, 1.00, 0.00, 0.00, 0.00, 0.00, 0.00, 0.00, 0.00, 1.00
673,  0,  11.200,  0.98,  1, 1.35, 0.03, 0.94, 0.00, 0.42, 0.74, 0.00, 0.13, 0.38, 0.35, 0.47, 0.98, 0.05, 0.00, 0.04, 0.12, 0.76, 1.00, 1.00, 1.00, 0.00, 0.00, 1.00, 0.00, 0.00, 0.00, 1.00, 0.00, 0.00, 0.00, 0.00, 0.00, 0.00, 0.00, 1.00
674,  0,  11.217,  0.98,  1, 1.51, 0.11, 0.86, 0.00, 0.32, 0.43, 0.00, 0.08, 0.43, 0.39, 0.43, 0.77, 0.05, 0.00, 0.10, 0.06, 0.78, 1.00, 1.00, 1.00, 0.00, 0.00, 1.00, 0.00, 0.00, 0.00, 1.00, 0.00, 0.00, 0.00, 0.00, 0.00, 0.00, 0.00, 1.00
675,  0,  11.233,  0.98,  1, 1.41, 0.10, 0.86, 0.00, 0.35, 0.41, 0.00, 0.13, 0.44, 0.29, 0.43, 0.71, 0.04, 0.00, 0.10, 0.08, 0.80, 1.00, 1.00, 1.00, 0.00, 0.00, 1.00, 0.00, 0.00, 0.00, 1.00, 0.00, 0.00, 0.00, 0.00, 0.00, 0.00, 0.00, 1.00
676,  0,  11.250,  0.98,  1, 1.28, 0.16, 0.98, 0.00, 0.38, 0.64, 0.00, 0.10, 0.41, 0.34, 0.50, 0.64, 0.00, 0.00, 0.08, 0.12, 0.65, 1.00, 1.00, 1.00, 0.00, 0.00, 1.00, 0.00, 0.00, 0.00, 1.00, 0.00, 0.00, 0.00, 0.00, 0.00, 0.00, 0.00, 1.00
677,  0,  11.267,  0.98,  1, 1.08, 0.14, 1.10, 0.00, 0.42, 0.70, 0.00, 0.14, 0.38, 0.49, 0.49, 0.99, 0.08, 0.00, 0.03, 0.33, 0.64, 1.00, 1.00, 1.00, 0.00, 0.00, 1.00, 0.00, 0.00, 0.00, 1.00, 0.00, 0.00, 0.00, 0.00, 0.00, 0.00, 0.00, 1.00
678,  0,  11.283,  0.98,  1, 0.88, 0.19, 1.28, 0.00, 0.49, 0.90, 0.00, 0.10, 0.36, 0.66, 0.39, 1.13, 0.08, 0.00, 0.03, 0.29, 0.56, 1.00, 1.00, 1.00, 0.00, 0.00, 1.00, 0.00, 0.00, 0.00, 1.00, 0.00, 0.00, 0.00, 0.00, 0.00, 0.00, 0.00, 1.00
679,  0,  11.300,  0.98,  1, 0.76, 0.19, 1.31, 0.00, 0.59, 1.11, 0.00, 0.25, 0.39, 0.69, 0.30, 1.25, 0.08, 0.00, 0.03, 0.30, 0.61, 1.00, 1.00, 1.00, 0.00, 0.00, 1.00, 0.00, 0.00, 0.00, 1.00, 0.00, 0.00, 0.00, 0.00, 0.00, 0.00, 0.00, 1.00
680,  0,  11.317,  0.98,  1, 0.67, 0.13, 1.35, 0.00, 0.66, 1.53, 0.00, 0.28, 0.41, 0.45, 0.28, 1.06, 0.00, 0.00, 0.03, 0.09, 0.39, 1.00, 1.00, 1.00, 0.00, 0.00, 1.00, 0.00, 0.00, 0.00, 1.00, 0.00, 1.00, 0.00, 0.00, 0.00, 0.00, 0.00, 1.00
681,  0,  11.333,  0.98,  1, 0.60, 0.15, 1.26, 0.00, 0.67, 1.67, 0.00, 0.29, 0.41, 0.39, 0.16, 1.03, 0.00, 0.00, 0.04, 0.24, 0.39, 1.00, 1.00, 1.00, 0.00, 0.00, 1.00, 0.00, 0.00, 0.00, 1.00, 0.00, 1.00, 0.00, 0.00, 0.00, 0.00, 0.00, 1.00
682,  0,  11.350,  0.98,  1, 0.59, 0.13, 1.26, 0.00, 0.61, 1.62, 0.00, 0.20, 0.40, 0.45, 0.25, 1.11, 0.00, 0.00, 0.04, 0.20, 0.31, 1.00, 1.00, 1.00, 0.00, 0.00, 1.00, 0.00, 0.00, 0.00, 1.00, 0.00, 1.00, 0.00, 0.00, 0.00, 0.00, 0.00, 1.00
683,  0,  11.367,  0.98,  1, 0.59, 0.13, 1.14, 0.00, 0.58, 1.39, 0.00, 0.18, 0.36, 0.67, 0.24, 1.06, 0.04, 0.00, 0.11, 0.24, 0.37, 1.00, 1.00, 1.00, 0.00, 0.00, 1.00, 0.00, 0.00, 0.00, 1.00, 0.00, 1.00, 0.00, 0.00, 0.00, 0.00, 0.00, 1.00
684,  0,  11.383,  0.98,  1, 0.58, 0.03, 1.11, 0.00, 0.57, 0.94, 0.00, 0.28, 0.37, 0.69, 0.33, 1.11, 0.04, 0.00, 0.10, 0.09, 0.25, 1.00, 1.00, 1.00, 0.00, 0.00, 1.00, 0.00, 0.00, 0.00, 1.00, 0.00, 1.00, 0.00, 0.00, 0.00, 0.00, 0.00, 1.00
685,  0,  11.400,  0.98,  1, 0.54, 0.01, 1.10, 0.00, 0.58, 1.13, 0.00, 0.34, 0.35, 0.72, 0.35, 1.02, 0.04, 0.00, 0.08, 0.03, 0.11, 1.00, 1.00, 1.00, 0.00, 0.00, 1.00, 0.00, 0.00, 0.00, 1.00, 0.00, 1.00, 0.00, 0.00, 0.00, 0.00, 0.00, 0.00
686,  0,  11.417,  0.98,  1, 0.53, 0.01, 1.08, 0.00, 0.58, 1.29, 0.00, 0.34, 0.35, 0.73, 0.30, 1.10, 0.00, 0.00, 0.00, 0.03, 0.08, 1.00, 1.00, 1.00, 0.00, 0.00, 1.00, 0.00, 0.00, 0.00, 1.00, 0.00, 1.00, 0.00, 0.00, 0.00, 0.00, 0.00, 0.00
687,  0,  11.433,  0.98,  1, 0.58, 0.09, 1.16, 0.00, 0.61, 1.52, 0.00, 0.32, 0.33, 0.76, 0.39, 1.17, 0.03, 0.00, 0.00, 0.09, 0.11, 1.00, 1.00, 1.00, 0.00, 0.00, 1.00, 0.00, 0.00, 0.00, 1.00, 0.00, 1.00, 0.00, 0.00, 0.00, 0.00, 0.00, 0.00
688,  0,  11.450,  0.98,  1, 0.54, 0.09, 1.12, 0.00, 0.56, 1.30, 0.00, 0.39, 0.35, 0.60, 0.27, 1.17, 0.03, 0.00, 0.05, 0.12, 0.11, 1.00, 0.00, 1.00, 0.00, 0.00, 1.00, 0.00, 0.00, 0.00, 1.00, 0.00, 1.00, 0.00, 0.00, 0.00, 0.00, 0.00, 0.00
689,  0,  11.467,  0.98,  1, 0.56, 0.09, 1.10, 0.00, 0.58, 1.08, 0.00, 0.42, 0.36, 0.53, 0.24, 1.26, 0.05, 0.00, 0.05, 0.24, 0.06, 1.00, 1.00, 1.00, 0.00, 0.00, 1.00, 0.00, 0.00, 0.00, 1.00, 0.00, 0.00, 0.00, 0.00, 0.00, 0.00, 0.00, 0.00
690,  0,  11.483,  0.98,  1, 0.56, 0.00, 1.02, 0.00, 0.48, 1.11, 0.00, 0.38, 0.35, 0.39, 0.10, 1.07, 0.03, 0.00, 0.08, 0.20, 0.03, 1.00, 0.00, 1.00, 0.00, 0.00, 1.00, 0.00, 0.00, 0.00, 1.00, 0.00, 1.00, 0.00, 0.00, 0.00, 0.00, 0.00, 0.00
691,  0,  11.500,  0.98,  1, 0.62, 0.03, 1.06, 0.00, 0.47, 1.21, 0.00, 0.28, 0.28, 0.49, 0.07, 1.10, 0.03, 0.00, 0.03, 0.17, 0.15, 1.00, 0.00, 1.00, 0.00, 0.00, 1.00, 0.00, 0.00, 0.00, 1.00, 0.00, 0.00, 0.00, 0.00, 0.00, 0.00, 0.00, 0.00
692,  0,  11.517,  0.98,  1, 0.63, 0.04, 1.12, 0.00, 0.43, 1.55, 0.00, 0.26, 0.21, 0.48, 0.19, 1.05, 0.01, 0.00, 0.09, 0.02, 0.12, 1.00, 0.00, 1.00, 0.00, 0.00, 1.00, 0.00, 0.00, 0.00, 1.00, 0.00, 0.00, 0.00, 0.00, 0.00, 0.00, 0.00, 0.00
693,  0,  11.533,  0.98,  1, 0.59, 0.04, 1.12, 0.00, 0.42, 1.54, 0.00, 0.32, 0.23, 0.69, 0.21, 1.12, 0.03, 0.00, 0.11, 0.07, 0.21, 1.00, 0.00, 1.00, 0.00, 0.00, 1.00, 0.00, 0.00, 0.00, 1.00, 0.00, 0.00, 0.00, 0.00, 0.00, 0.00, 0.00, 0.00
694,  0,  11.550,  0.98,  1, 0.61, 0.02, 1.16, 0.00, 0.43, 1.60, 0.00, 0.27, 0.24, 0.53, 0.34, 1.08, 0.02, 0.00, 0.13, 0.15, 0.22, 0.00, 0.00, 1.00, 0.00, 0.00, 1.00, 0.00, 0.00, 0.00, 1.00, 0.00, 0.00, 0.00, 0.00, 0.00, 0.00, 0.00, 0.00
695,  0,  11.567,  0.98,  1, 0.55, 0.00, 1.17, 0.00, 0.51, 1.28, 0.00, 0.23, 0.34, 0.66, 0.27, 0.88, 0.02, 0.00, 0.10, 0.17, 0.22, 0.00, 0.00, 1.00, 0.00, 0.00, 1.00, 0.00, 0.00, 0.00, 1.00, 0.00, 0.00, 0.00, 0.00, 0.00, 0.00, 0.00, 0.00
696,  0,  11.583,  0.98,  1, 0.52, 0.00, 1.26, 0.00, 0.48, 1.28, 0.00, 0.19, 0.38, 0.59, 0.20, 0.79, 0.00, 0.00, 0.05, 0.19, 0.22, 0.00, 0.00, 1.00, 0.00, 0.00, 1.00, 0.00, 0.00, 0.00, 1.00, 0.00, 0.00, 0.00, 0.00, 0.00, 0.00, 0.00, 0.00
697,  0,  11.600,  0.98,  1, 0.48, 0.00, 1.20, 0.00, 0.50, 0.93, 0.00, 0.32, 0.42, 0.71, 0.21, 0.81, 0.00, 0.00, 0.02, 0.11, 0.09, 0.00, 0.00, 1.00, 0.00, 0.00, 1.00, 0.00, 0.00, 0.00, 1.00, 0.00, 0.00, 0.00, 0.00, 0.00, 0.00, 0.00, 0.00
698,  0,  11.617,  0.98,  1, 0.44, 0.09, 1.20, 0.03, 0.43, 0.86, 0.00, 0.35, 0.34, 0.51, 0.17, 0.88, 0.00, 0.00, 0.02, 0.12, 0.09, 1.00, 1.00, 1.00, 0.00, 0.00, 1.00, 0.00, 0.00, 0.00, 1.00, 0.00, 0.00, 0.00, 0.00, 0.00, 0.00, 0.00, 0.00
699,  0,  11.633,  0.98,  1, 0.58, 0.19, 1.22, 0.03, 0.45, 0.87, 0.00, 0.29, 0.30, 0.65, 0.36, 1.01, 0.00, 0.00, 0.02, 0.08, 0.05, 1.00, 1.00, 1.00, 0.00, 0.00, 1.00, 0.00, 0.00, 0.00, 1.00, 0.00, 0.00, 0.00, 0.00, 0.00, 0.00, 0.00, 0.00
700,  0,  11.650,  0.98,  1, 0.68, 0.19, 1.29, 0.03, 0.48, 1.18, 0.00, 0.11, 0.35, 0.62, 0.29, 1.01, 0.00, 0.00, 0.04, 0.08, 0.21, 1.00, 1.00, 1.00, 0.00, 0.00, 1.00, 0.00, 0.00, 0.00, 1.00, 0.00, 0.00, 0.00, 0.00, 0.00, 0.00, 0.00, 0.00
701,  0,  11.667,  0.98,  1, 0.85, 0.10, 1.29, 0.00, 0.47, 1.53, 0.00, 0.11, 0.42, 0.73, 0.42, 1.16, 0.00, 0.00, 0.01, 0.13, 0.29, 1.00, 1.00, 1.00, 0.00, 0.00, 1.00, 0.00, 0.00, 0.00, 1.00, 0.00, 0.00, 0.00, 0.00, 0.00, 0.00, 0.00, 0.00
702,  0,  11.683,  0.98,  1, 0.79, 0.02, 1.26, 0.00, 0.50, 1.46, 0.00, 0.10, 0.43, 0.51, 0.27, 1.07, 0.00, 0.00, 0.01, 0.17, 0.26, 1.00, 1.00, 1.00, 0.00, 0.00, 1.00, 0.00, 0.00, 0.00, 1.00, 0.00, 0.00, 0.00, 0.00, 0.00, 0.00, 0.00, 0.00
703,  0,  11.700,  0.98,  1, 0.68, 0.08, 1.24, 0.00, 0.50, 1.51, 0.00, 0.25, 0.36, 0.59, 0.33, 1.10, 0.00, 0.00, 0.00, 0.23, 0.09, 1.00, 1.00, 1.00, 0.00, 0.00, 1.00, 0.00, 0.00, 0.00, 1.00, 0.00, 1.00, 0.00, 0.00, 0.00, 0.00, 0.00, 0.00
704,  0,  11.717,  0.98,  1, 0.56, 0.08, 1.13, 0.00, 0.53, 1.21, 0.00, 0.25, 0.33, 0.48, 0.36, 0.99, 0.00, 0.00, 0.04, 0.19, 0.00, 1.00, 1.00, 1.00, 0.00, 0.00, 1.00, 0.00, 0.00, 0.00, 1.00, 0.00, 1.00, 0.00, 0.00, 0.00, 0.00, 0.00, 0.00
705,  0,  11.733,  0.98,  1, 0.49, 0.05, 1.10, 0.00, 0.50, 1.07, 0.00, 0.26, 0.30, 0.54, 0.38, 1.09, 0.03, 0.00, 0.04, 0.12, 0.00, 1.00, 0.00, 1.00, 0.00, 0.00, 1.00, 0.00, 0.00, 0.00, 1.00, 0.00, 1.00, 0.00, 0.00, 0.00, 0.00, 0.00, 0.00
706,  0,  11.750,  0.98,  1, 0.62, 0.08, 1.07, 0.00, 0.51, 0.82, 0.00, 0.20, 0.34, 0.49, 0.24, 1.09, 0.03, 0.00, 0.04, 0.09, 0.07, 1.00, 0.00, 1.00, 0.00, 0.00, 1.00, 0.00, 0.00, 0.00, 1.00, 0.00, 0.00, 0.00, 0.00, 0.00, 0.00, 0.00, 0.00
707,  0,  11.767,  0.98,  1, 0.73, 0.16, 1.04, 0.00, 0.46, 0.69, 0.00, 0.17, 0.28, 0.58, 0.17, 1.03, 0.04, 0.00, 0.03, 0.05, 0.11, 1.00, 0.00, 1.00, 0.00, 0.00, 1.00, 0.00, 0.00, 0.00, 1.00, 0.00, 0.00, 0.00, 0.00, 0.00, 0.00, 0.00, 0.00
708,  0,  11.783,  0.98,  1, 0.73, 0.16, 1.00, 0.00, 0.51, 0.87, 0.00, 0.33, 0.31, 0.64, 0.17, 0.85, 0.02, 0.00, 0.03, 0.05, 0.11, 0.00, 0.00, 1.00, 0.00, 0.00, 1.00, 0.00, 0.00, 0.00, 1.00, 0.00, 0.00, 0.00, 0.00, 0.00, 0.00, 0.00, 0.00
709,  0,  11.800,  0.98,  1, 0.63, 0.08, 0.98, 0.00, 0.49, 0.88, 0.00, 0.30, 0.28, 0.78, 0.17, 0.70, 0.02, 0.00, 0.09, 0.03, 0.19, 1.00, 0.00, 1.00, 0.00, 0.00, 1.00, 0.00, 0.00, 0.00, 1.00, 0.00, 1.00, 0.00, 0.00, 0.00, 0.00, 0.00, 0.00
710,  0,  11.817,  0.98,  1, 0.52, 0.00, 0.94, 0.00, 0.51, 0.77, 0.00, 0.27, 0.29, 0.77, 0.12, 0.86, 0.01, 0.00, 0.06, 0.06, 0.16, 1.00, 0.00, 1.00, 0.00, 0.00, 0.00, 0.00, 0.00, 0.00, 1.00, 0.00, 0.00, 0.00, 0.00, 0.00, 0.00, 0.00, 0.00
711,  0,  11.833,  0.98,  1, 0.62, 0.00, 0.94, 0.00, 0.51, 0.69, 0.00, 0.18, 0.27, 0.66, 0.05, 0.98, 0.05, 0.00, 0.07, 0.05, 0.16, 0.00, 0.00, 1.00, 0.00, 0.00, 1.00, 0.00, 0.00, 0.00, 1.00, 0.00, 0.00, 0.00, 0.00, 0.00, 0.00, 0.00, 0.00
712,  0,  11.850,  0.98,  1, 0.69, 0.00, 0.92, 0.00, 0.49, 0.82, 0.00, 0.23, 0.29, 0.50, 0.17, 1.07, 0.05, 0.00, 0.01, 0.03, 0.03, 1.00, 0.00, 1.00, 0.00, 0.00, 1.00, 0.00, 0.00, 0.00, 1.00, 0.00, 0.00, 0.00, 0.00, 0.00, 0.00, 0.00, 0.00
713,  0,  11.867,  0.98,  1, 0.67, 0.00, 1.06, 0.00, 0.45, 1.14, 0.00, 0.27, 0.32, 0.46, 0.28, 0.89, 0.12, 0.00, 0.01, 0.08, 0.01, 1.00, 1.00, 1.00, 0.00, 0.00, 1.00, 0.00, 0.00, 0.00, 1.00, 0.00, 0.00, 0.00, 0.00, 0.00, 0.00, 0.00, 0.00
714,  0,  11.883,  0.98,  1, 0.71, 0.00, 1.17, 0.00, 0.37, 1.20, 0.00, 0.26, 0.29, 0.62, 0.40, 1.03, 0.08, 0.00, 0.00, 0.13, 0.01, 1.00, 1.00, 1.00, 0.00, 0.00, 1.00, 0.00, 0.00, 0.00, 1.00, 0.00, 1.00, 0.00, 0.00, 0.00, 0.00, 0.00, 0.00
715,  0,  11.900,  0.98,  1, 0.69, 0.00, 1.20, 0.00, 0.38, 1.32, 0.00, 0.26, 0.22, 0.71, 0.29, 1.06, 0.08, 0.00, 0.00, 0.19, 0.09, 1.00, 1.00, 1.00, 0.00, 0.00, 1.00, 0.00, 0.00, 0.00, 1.00, 0.00, 0.00, 0.00, 0.00, 0.00, 0.00, 0.00, 0.00
716,  0,  11.917,  0.98,  1, 0.77, 0.05, 1.21, 0.00, 0.50, 1.39, 0.00, 0.23, 0.24, 0.83, 0.21, 1.21, 0.00, 0.00, 0.00, 0.21, 0.24, 1.00, 1.00, 1.00, 0.00, 0.00, 1.00, 0.00, 0.00, 0.00, 1.00, 0.00, 0.00, 0.00, 0.00, 0.00, 0.00, 0.00, 0.00
717,  0,  11.933,  0.98,  1, 0.80, 0.05, 1.10, 0.00, 0.66, 1.47, 0.00, 0.29, 0.34, 0.67, 0.10, 1.05, 0.00, 0.00, 0.00, 0.25, 0.52, 1.00, 1.00, 1.00, 0.00, 0.00, 1.00, 0.00, 0.00, 0.00, 1.00, 0.00, 0.00, 0.00, 0.00, 0.00, 0.00, 0.00, 0.00
718,  0,  11.950,  0.98,  1, 1.15, 0.35, 1.13, 0.00, 0.57, 0.92, 0.00, 0.31, 0.43, 0.62, 0.30, 1.03, 0.04, 0.00, 0.00, 0.25, 0.78, 1.00, 1.00, 1.00, 0.00, 0.00, 1.00, 0.00, 0.00, 0.00, 1.00, 0.00, 0.00, 0.00, 0.00, 0.00, 0.00, 0.00, 1.00
719,  0,  11.967,  0.98,  1, 1.72, 0.57, 0.99, 0.00, 0.36, 0.46, 0.00, 0.36, 0.52, 0.45, 0.27, 0.91, 0.04, 0.00, 0.05, 0.31, 0.98, 1.00, 1.00, 1.00, 0.00, 0.00, 1.00, 0.00, 0.00, 0.00, 0.00, 0.00, 0.00, 0.00, 0.00, 0.00, 0.00, 0.00, 1.00
720,  0,  11.983,  0.98,  1, 2.08, 0.75, 0.87, 0.00, 0.11, 0.00, 0.00, 0.21, 0.49, 0.42, 0.25, 0.79, 0.13, 0.00, 0.05, 0.28, 1.02, 1.00, 1.00, 0.00, 0.00, 0.00, 1.00, 0.00, 0.00, 0.00, 0.00, 0.00, 0.00, 0.00, 0.00, 0.00, 0.00, 0.00, 1.00
721,  0,  12.000,  0.98,  1, 2.15, 0.67, 0.80, 0.00, 0.11, 0.00, 0.00, 0.18, 0.49, 0.29, 0.04, 0.78, 0.09, 0.00, 0.06, 0.23, 1.00, 1.00, 1.00, 0.00, 0.00, 0.00, 1.00, 0.00, 0.00, 0.00, 0.00, 0.00, 0.00, 0.00, 0.00, 0.00, 0.00, 0.00, 1.00
722,  0,  12.017,  0.98,  1, 1.81, 0.40, 0.71, 0.00, 0.18, 0.00, 0.00, 0.08, 0.45, 0.29, 0.05, 0.82, 0.11, 0.00, 0.01, 0.16, 0.78, 1.00, 1.00, 0.00, 0.00, 0.00, 1.00, 0.00, 0.00, 0.00, 0.00, 0.00, 0.00, 0.00, 0.00, 0.00, 0.00, 0.00, 1.00
723,  0,  12.033,  0.98,  1, 1.53, 0.30, 0.66, 0.00, 0.31, 0.23, 0.00, 0.20, 0.48, 0.25, 0.11, 0.87, 0.02, 0.00, 0.01, 0.15, 0.73, 1.00, 1.00, 0.00, 0.00, 0.00, 0.00, 0.00, 0.00, 0.00, 0.00, 0.00, 0.00, 0.00, 0.00, 0.00, 0.00, 0.00, 1.00
724,  0,  12.050,  0.98,  1, 1.20, 0.08, 0.60, 0.00, 0.41, 0.40, 0.00, 0.35, 0.48, 0.32, 0.19, 0.89, 0.02, 0.00, 0.06, 0.17, 0.72, 1.00, 1.00, 0.00, 0.00, 0.00, 1.00, 0.00, 0.00, 0.00, 0.00, 0.00, 0.00, 0.00, 0.00, 0.00, 0.00, 0.00, 1.00
725,  0,  12.067,  0.98,  1, 1.02, 0.08, 0.58, 0.00, 0.52, 0.63, 0.00, 0.49, 0.43, 0.43, 0.20, 0.86, 0.03, 0.00, 0.06, 0.07, 0.89, 1.00, 1.00, 0.00, 0.00, 0.00, 1.00, 0.00, 0.00, 0.00, 0.00, 0.00, 0.00, 0.00, 0.00, 0.00, 0.00, 0.00, 1.00
726,  0,  12.083,  0.98,  1, 0.87, 0.00, 0.70, 0.00, 0.64, 0.92, 0.00, 0.53, 0.43, 0.57, 0.32, 0.93, 0.03, 0.00, 0.10, 0.03, 0.81, 1.00, 1.00, 1.00, 0.00, 0.00, 1.00, 0.00, 0.00, 0.00, 1.00, 0.00, 0.00, 0.00, 0.00, 0.00, 0.00, 0.00, 1.00
727,  0,  12.100,  0.98,  1, 0.69, 0.00, 0.74, 0.00, 0.69, 1.15, 0.00, 0.45, 0.43, 0.64, 0.25, 0.90, 0.03, 0.00, 0.03, 0.12, 0.56, 1.00, 1.00, 1.00, 0.00, 0.00, 1.00, 0.00, 0.00, 0.00, 1.00, 0.00, 0.00, 0.00, 0.00, 0.00, 0.00, 0.00, 1.00
728,  0,  12.117,  0.98,  1, 0.63, 0.00, 0.95, 0.00, 0.72, 1.33, 0.00, 0.35, 0.47, 0.65, 0.23, 0.92, 0.00, 0.00, 0.03, 0.24, 0.46, 1.00, 0.00, 1.00, 0.00, 0.00, 1.00, 0.00, 0.00, 0.00, 1.00, 0.00, 0.00, 0.00, 0.00, 0.00, 0.00, 0.00, 1.00
729,  0,  12.133,  0.98,  1, 0.75, 0.02, 0.90, 0.00, 0.62, 1.22, 0.00, 0.27, 0.42, 0.71, 0.19, 0.93, 0.00, 0.00, 0.02, 0.44, 0.37, 0.00, 0.00, 1.00, 0.00, 0.00, 1.00, 0.00, 0.00, 0.00, 1.00, 0.00, 0.00, 0.00, 0.00, 0.00, 0.00, 0.00, 1.00
730,  0,  12.150,  0.98,  1, 0.78, 0.02, 0.85, 0.00, 0.53, 1.27, 0.00, 0.19, 0.36, 0.65, 0.30, 0.90, 0.00, 0.00, 0.02, 0.32, 0.33, 1.00, 1.00, 1.00, 0.00, 0.00, 1.00, 0.00, 0.00, 0.00, 1.00, 0.00, 0.00, 0.00, 0.00, 0.00, 0.00, 0.00, 1.00
731,  0,  12.167,  0.98,  1, 0.73, 0.09, 0.90, 0.00, 0.49, 1.33, 0.00, 0.29, 0.41, 0.74, 0.25, 0.82, 0.00, 0.00, 0.02, 0.24, 0.32, 1.00, 1.00, 1.00, 0.00, 0.00, 1.00, 0.00, 0.00, 0.00, 1.00, 0.00, 0.00, 0.00, 0.00, 0.00, 0.00, 0.00, 1.00
732,  0,  12.183,  0.98,  1, 0.59, 0.07, 0.99, 0.00, 0.53, 1.43, 0.00, 0.24, 0.45, 0.70, 0.15, 0.79, 0.03, 0.00, 0.02, 0.14, 0.38, 1.00, 1.00, 1.00, 0.00, 0.00, 1.00, 0.00, 0.00, 0.00, 1.00, 0.00, 0.00, 0.00, 0.00, 0.00, 0.00, 0.00, 1.00
733,  0,  12.200,  0.98,  1, 0.64, 0.07, 1.14, 0.00, 0.52, 1.38, 0.00, 0.23, 0.48, 0.70, 0.13, 0.88, 0.03, 0.00, 0.02, 0.21, 0.35, 1.00, 1.00, 1.00, 0.00, 0.00, 1.00, 0.00, 0.00, 0.00, 1.00, 0.00, 0.00, 0.00, 0.00, 0.00, 0.00, 0.00, 1.00
734,  0,  12.217,  0.98,  1, 0.74, 0.06, 1.10, 0.00, 0.43, 1.30, 0.00, 0.20, 0.41, 0.54, 0.13, 0.89, 0.03, 0.00, 0.03, 0.23, 0.29, 1.00, 1.00, 1.00, 0.00, 0.00, 1.00, 0.00, 0.00, 0.00, 1.00, 0.00, 0.00, 0.00, 0.00, 0.00, 0.00, 0.00, 0.00
735,  0,  12.233,  0.98,  1, 0.61, 0.06, 1.12, 0.00, 0.37, 1.24, 0.00, 0.27, 0.41, 0.66, 0.10, 0.96, 0.02, 0.00, 0.08, 0.25, 0.27, 1.00, 1.00, 1.00, 0.00, 0.00, 1.00, 0.00, 0.00, 0.00, 1.00, 0.00, 0.00, 0.00, 0.00, 0.00, 0.00, 0.00, 0.00
736,  0,  12.250,  0.98,  1, 0.64, 0.08, 1.24, 0.00, 0.41, 1.25, 0.00, 0.21, 0.34, 0.65, 0.04, 0.87, 0.02, 0.00, 0.13, 0.24, 0.41, 1.00, 1.00, 1.00, 0.00, 0.00, 1.00, 0.00, 0.00, 0.00, 1.00, 0.00, 0.00, 0.00, 0.00, 0.00, 0.00, 0.00, 0.00
737,  0,  12.267,  0.98,  1, 0.68, 0.12, 1.30, 0.00, 0.46, 1.13, 0.00, 0.13, 0.29, 0.62, 0.08, 0.94, 0.02, 0.00, 0.22, 0.42, 0.34, 1.00, 1.00, 1.00, 0.00, 0.00, 1.00, 0.00, 0.00, 0.00, 1.00, 0.00, 0.00, 0.00, 0.00, 0.00, 0.00, 0.00, 0.00
738,  0,  12.283,  0.98,  1, 0.77, 0.15, 1.21, 0.00, 0.44, 0.96, 0.00, 0.13, 0.24, 0.55, 0.15, 0.83, 0.01, 0.00, 0.15, 0.43, 0.19, 1.00, 1.00, 1.00, 0.00, 0.00, 1.00, 0.00, 0.00, 0.00, 1.00, 0.00, 0.00, 0.00, 0.00, 0.00, 0.00, 0.00, 0.00
739,  0,  12.300,  0.98,  1, 0.65, 0.14, 1.02, 0.00, 0.46, 0.94, 0.00, 0.13, 0.30, 0.76, 0.15, 0.94, 0.01, 0.00, 0.11, 0.58, 0.09, 1.00, 1.00, 1.00, 0.00, 0.00, 1.00, 0.00, 0.00, 0.00, 1.00, 0.00, 0.00, 0.00, 0.00, 0.00, 0.00, 0.00, 0.00
740,  0,  12.317,  0.98,  1, 0.55, 0.04, 0.99, 0.00, 0.46, 1.02, 0.00, 0.20, 0.28, 0.82, 0.14, 0.97, 0.01, 0.00, 0.00, 0.35, 0.04, 1.00, 1.00, 1.00, 0.00, 0.00, 1.00, 0.00, 0.00, 0.00, 1.00, 0.00, 0.00, 0.00, 0.00, 0.00, 0.00, 0.00, 0.00
741,  0,  12.333,  0.98,  1, 0.52, 0.09, 1.04, 0.00, 0.51, 0.86, 0.00, 0.10, 0.29, 0.78, 0.07, 1.18, 0.00, 0.00, 0.00, 0.27, 0.04, 1.00, 1.00, 1.00, 0.00, 0.00, 1.00, 0.00, 0.00, 0.00, 1.00, 0.00, 0.00, 0.00, 0.00, 0.00, 0.00, 0.00, 0.00
742,  0,  12.350,  0.98,  1, 0.45, 0.08, 1.09, 0.00, 0.45, 0.79, 0.00, 0.20, 0.24, 0.72, 0.08, 1.25, 0.00, 0.01, 0.05, 0.07, 0.00, 0.00, 1.00, 1.00, 0.00, 0.00, 1.00, 0.00, 0.00, 0.00, 1.00, 0.00, 0.00, 0.00, 0.00, 0.00, 0.00, 0.00, 0.00
743,  0,  12.367,  0.98,  1, 0.33, 0.08, 0.96, 0.00, 0.42, 0.54, 0.00, 0.24, 0.25, 0.79, 0.05, 1.26, 0.00, 0.01, 0.04, 0.12, 0.00, 0.00, 1.00, 1.00, 0.00, 0.00, 1.00, 0.00, 0.00, 0.00, 1.00, 0.00, 0.00, 0.00, 0.00, 0.00, 0.00, 0.00, 0.00
744,  0,  12.383,  0.98,  1, 0.20, 0.04, 1.01, 0.00, 0.46, 0.91, 0.00, 0.26, 0.23, 0.79, 0.22, 0.98, 0.00, 0.01, 0.05, 0.16, 0.00, 0.00, 1.00, 1.00, 0.00, 0.00, 1.00, 0.00, 0.00, 0.00, 1.00, 0.00, 1.00, 0.00, 0.00, 0.00, 0.00, 0.00, 0.00
745,  0,  12.400,  0.98,  1, 0.18, 0.04, 1.08, 0.00, 0.45, 1.01, 0.00, 0.20, 0.31, 0.71, 0.24, 0.91, 0.00, 0.01, 0.00, 0.14, 0.00, 0.00, 1.00, 1.00, 0.00, 0.00, 1.00, 0.00, 0.00, 0.00, 1.00, 0.00, 1.00, 0.00, 0.00, 0.00, 0.00, 0.00, 0.00
746,  0,  12.417,  0.98,  1, 0.37, 0.19, 1.25, 0.00, 0.42, 1.16, 0.00, 0.15, 0.30, 0.70, 0.30, 0.92, 0.00, 0.00, 0.02, 0.10, 0.00, 0.00, 1.00, 1.00, 0.00, 0.00, 1.00, 0.00, 0.00, 0.00, 1.00, 0.00, 0.00, 0.00, 0.00, 0.00, 0.00, 0.00, 0.00
747,  0,  12.433,  0.98,  1, 0.54, 0.15, 1.22, 0.00, 0.44, 1.12, 0.00, 0.17, 0.37, 0.67, 0.13, 1.07, 0.04, 0.00, 0.02, 0.00, 0.01, 0.00, 1.00, 1.00, 0.00, 0.00, 1.00, 0.00, 0.00, 0.00, 1.00, 0.00, 0.00, 0.00, 0.00, 0.00, 0.00, 0.00, 0.00
748,  0,  12.450,  0.98,  1, 0.60, 0.15, 1.11, 0.00, 0.49, 1.12, 0.00, 0.14, 0.30, 0.67, 0.20, 1.11, 0.04, 0.00, 0.08, 0.02, 0.01, 0.00, 1.00, 1.00, 0.00, 0.00, 1.00, 0.00, 0.00, 0.00, 1.00, 0.00, 0.00, 0.00, 0.00, 0.00, 0.00, 0.00, 0.00
749,  0,  12.467,  0.98,  1, 0.39, 0.00, 1.12, 0.00, 0.45, 1.07, 0.00, 0.13, 0.35, 0.60, 0.32, 1.04, 0.04, 0.00, 0.06, 0.02, 0.01, 0.00, 1.00, 1.00, 0.00, 0.00, 1.00, 0.00, 0.00, 0.00, 1.00, 0.00, 0.00, 0.00, 0.00, 0.00, 0.00, 0.00, 0.00
750,  0,  12.483,  0.98,  1, 0.20, 0.00, 1.09, 0.00, 0.37, 0.82, 0.00, 0.13, 0.28, 0.64, 0.31, 1.02, 0.01, 0.00, 0.06, 0.04, 0.00, 1.00, 1.00, 1.00, 0.00, 0.00, 1.00, 0.00, 0.00, 0.00, 1.00, 0.00, 0.00, 0.00, 0.00, 0.00, 0.00, 0.00, 0.00
751,  0,  12.500,  0.98,  1, 0.11, 0.00, 1.13, 0.00, 0.35, 0.67, 0.00, 0.28, 0.31, 0.53, 0.28, 0.91, 0.01, 0.00, 0.01, 0.09, 0.00, 0.00, 1.00, 1.00, 0.00, 0.00, 1.00, 0.00, 0.00, 0.00, 1.00, 0.00, 0.00, 0.00, 0.00, 0.00, 0.00, 0.00, 0.00
752,  0,  12.517,  0.98,  1, 0.27, 0.00, 1.08, 0.00, 0.41, 0.66, 0.00, 0.28, 0.33, 0.46, 0.15, 0.99, 0.01, 0.06, 0.01, 0.13, 0.00, 0.00, 1.00, 1.00, 0.00, 0.00, 1.00, 0.00, 0.00, 0.00, 1.00, 0.00, 0.00, 0.00, 0.00, 0.00, 0.00, 0.00, 0.00
753,  0,  12.533,  0.98,  1, 0.34, 0.00, 1.10, 0.00, 0.36, 0.71, 0.00, 0.31, 0.35, 0.40, 0.15, 1.03, 0.00, 0.09, 0.00, 0.11, 0.00, 0.00, 1.00, 1.00, 0.00, 0.00, 1.00, 0.00, 0.00, 0.00, 1.00, 0.00, 0.00, 0.00, 0.00, 0.00, 0.00, 0.00, 0.00
754,  0,  12.550,  0.98,  1, 0.45, 0.00, 1.00, 0.01, 0.34, 0.60, 0.00, 0.13, 0.29, 0.53, 0.04, 1.00, 0.00, 0.09, 0.12, 0.05, 0.00, 0.00, 1.00, 1.00, 0.00, 0.00, 1.00, 0.00, 0.00, 0.00, 1.00, 0.00, 0.00, 0.00, 0.00, 0.00, 0.00, 0.00, 0.00
755,  0,  12.567,  0.98,  1, 0.33, 0.00, 0.94, 0.06, 0.33, 0.67, 0.00, 0.11, 0.27, 0.59, 0.05, 0.99, 0.00, 0.05, 0.12, 0.09, 0.00, 0.00, 1.00, 1.00, 0.00, 0.00, 0.00, 0.00, 0.00, 0.00, 1.00, 0.00, 0.00, 0.00, 0.00, 0.00, 0.00, 0.00, 0.00
756,  0,  12.583,  0.98,  1, 0.45, 0.04, 0.95, 0.09, 0.31, 0.66, 0.00, 0.06, 0.28, 0.71, 0.05, 1.02, 0.00, 0.08, 0.12, 0.17, 0.00, 0.00, 1.00, 1.00, 0.00, 0.00, 1.00, 0.00, 0.00, 0.00, 1.00, 0.00, 0.00, 0.00, 0.00, 0.00, 0.00, 0.00, 0.00
757,  0,  12.600,  0.98,  1, 0.43, 0.04, 1.03, 0.07, 0.28, 0.71, 0.00, 0.06, 0.30, 0.67, 0.18, 0.95, 0.00, 0.08, 0.00, 0.17, 0.00, 0.00, 1.00, 1.00, 0.00, 0.00, 1.00, 0.00, 0.00, 0.00, 1.00, 0.00, 0.00, 0.00, 0.00, 0.00, 0.00, 0.00, 0.00
758,  0,  12.617,  0.98,  1, 0.48, 0.06, 1.01, 0.04, 0.28, 0.63, 0.00, 0.11, 0.26, 0.70, 0.16, 0.89, 0.00, 0.06, 0.00, 0.08, 0.00, 0.00, 1.00, 1.00, 0.00, 0.00, 0.00, 0.00, 0.00, 0.00, 1.00, 0.00, 0.00, 0.00, 0.00, 0.00, 0.00, 0.00, 0.00
759,  0,  12.633,  0.98,  1, 0.43, 0.02, 0.99, 0.04, 0.29, 0.52, 0.00, 0.10, 0.21, 0.54, 0.20, 0.67, 0.00, 0.00, 0.00, 0.00, 0.00, 0.00, 1.00, 1.00, 0.00, 0.00, 1.00, 0.00, 0.00, 0.00, 1.00, 0.00, 0.00, 0.00, 0.00, 0.00, 0.00, 0.00, 0.00
760,  0,  12.650,  0.98,  1, 0.47, 0.02, 1.00, 0.04, 0.30, 0.48, 0.00, 0.10, 0.22, 0.55, 0.15, 0.97, 0.00, 0.02, 0.00, 0.12, 0.00, 0.00, 1.00, 1.00, 0.00, 0.00, 1.00, 0.00, 0.00, 0.00, 1.00, 0.00, 0.00, 0.00, 0.00, 0.00, 0.00, 0.00, 0.00
761,  0,  12.667,  0.98,  1, 0.44, 0.00, 1.11, 0.05, 0.33, 0.61, 0.00, 0.11, 0.27, 0.55, 0.11, 0.91, 0.00, 0.07, 0.00, 0.16, 0.00, 0.00, 1.00, 1.00, 0.00, 0.00, 1.00, 0.00, 0.00, 0.00, 1.00, 0.00, 0.00, 0.00, 0.00, 0.00, 0.00, 0.00, 0.00
762,  0,  12.683,  0.98,  1, 0.42, 0.08, 1.11, 0.10, 0.35, 0.66, 0.00, 0.11, 0.28, 0.54, 0.22, 1.05, 0.00, 0.07, 0.06, 0.15, 0.00, 1.00, 1.00, 1.00, 0.00, 0.00, 1.00, 0.00, 0.00, 0.00, 1.00, 0.00, 0.00, 0.00, 0.00, 0.00, 0.00, 0.00, 0.00
763,  0,  12.700,  0.98,  1, 0.33, 0.08, 1.05, 0.24, 0.40, 0.91, 0.00, 0.20, 0.31, 0.67, 0.14, 0.90, 0.00, 0.05, 0.11, 0.17, 0.00, 1.00, 0.00, 1.00, 0.00, 0.00, 1.00, 0.00, 0.00, 0.00, 1.00, 0.00, 0.00, 0.00, 0.00, 0.00, 0.00, 0.00, 0.00
764,  0,  12.717,  0.98,  1, 0.42, 0.10, 1.14, 0.21, 0.31, 0.97, 0.00, 0.17, 0.25, 0.73, 0.14, 1.00, 0.00, 0.03, 0.11, 0.24, 0.00, 1.00, 0.00, 1.00, 0.00, 0.00, 1.00, 0.00, 0.00, 0.00, 1.00, 0.00, 0.00, 0.00, 0.00, 0.00, 0.00, 0.00, 0.00
765,  0,  12.733,  0.98,  1, 0.33, 0.03, 1.19, 0.14, 0.32, 1.20, 0.00, 0.27, 0.25, 0.78, 0.11, 0.92, 0.00, 0.05, 0.05, 0.24, 0.00, 1.00, 1.00, 1.00, 0.00, 0.00, 1.00, 0.00, 0.00, 0.00, 1.00, 0.00, 0.00, 0.00, 0.00, 0.00, 0.00, 0.00, 0.00
766,  0,  12.750,  0.98,  1, 0.42, 0.03, 1.35, 0.00, 0.42, 1.42, 0.00, 0.33, 0.28, 0.68, 0.22, 0.97, 0.00, 0.04, 0.00, 0.15, 0.13, 1.00, 1.00, 1.00, 0.00, 0.00, 1.00, 0.00, 0.00, 0.00, 1.00, 0.00, 0.00, 0.00, 0.00, 0.00, 0.00, 0.00, 0.00
767,  0,  12.767,  0.98,  1, 0.57, 0.35, 1.26, 0.00, 0.53, 1.36, 0.00, 0.26, 0.34, 0.67, 0.31, 0.86, 0.00, 0.02, 0.00, 0.14, 0.24, 1.00, 1.00, 1.00, 0.00, 0.00, 1.00, 0.00, 0.00, 0.00, 1.00, 0.00, 0.00, 0.00, 0.00, 0.00, 0.00, 0.00, 0.00
768,  0,  12.783,  0.98,  1, 0.97, 0.54, 1.19, 0.00, 0.57, 1.26, 0.00, 0.38, 0.42, 0.69, 0.28, 0.87, 0.00, 0.00, 0.07, 0.15, 0.51, 1.00, 1.00, 1.00, 0.00, 0.00, 1.00, 0.00, 0.00, 0.00, 1.00, 0.00, 0.00, 0.00, 0.00, 0.00, 0.00, 0.00, 1.00
769,  0,  12.800,  0.98,  1, 1.12, 0.54, 1.08, 0.00, 0.48, 0.88, 0.00, 0.34, 0.45, 0.62, 0.27, 0.70, 0.00, 0.00, 0.07, 0.23, 0.67, 1.00, 1.00, 1.00, 0.00, 0.00, 1.00, 0.00, 0.00, 0.00, 1.00, 0.00, 0.00, 0.00, 0.00, 0.00, 0.00, 0.00, 1.00
770,  0,  12.817,  0.98,  1, 1.17, 0.34, 0.91, 0.00, 0.41, 0.66, 0.00, 0.40, 0.44, 0.63, 0.22, 0.70, 0.00, 0.00, 0.11, 0.26, 1.03, 1.00, 1.00, 1.00, 0.00, 0.00, 1.00, 0.00, 0.00, 0.00, 1.00, 0.00, 0.00, 0.00, 0.00, 0.00, 0.00, 0.00, 1.00
771,  0,  12.833,  0.98,  1, 1.07, 0.21, 1.01, 0.00, 0.41, 0.72, 0.00, 0.26, 0.40, 0.52, 0.18, 0.84, 0.01, 0.00, 0.05, 0.45, 0.95, 1.00, 1.00, 1.00, 0.00, 0.00, 1.00, 0.00, 0.00, 0.00, 1.00, 0.00, 0.00, 0.00, 0.00, 0.00, 0.00, 0.00, 1.00
772,  0,  12.850,  0.98,  1, 0.89, 0.34, 1.12, 0.00, 0.51, 0.90, 0.00, 0.28, 0.35, 0.55, 0.18, 0.99, 0.01, 0.00, 0.06, 0.36, 0.91, 1.00, 1.00, 1.00, 0.00, 0.00, 1.00, 0.00, 0.00, 0.00, 1.00, 0.00, 0.00, 0.00, 0.00, 0.00, 0.00, 0.00, 1.00
773,  0,  12.867,  0.98,  1, 0.69, 0.21, 1.35, 0.00, 0.57, 1.51, 0.00, 0.40, 0.33, 0.50, 0.14, 1.01, 0.01, 0.00, 0.01, 0.40, 0.52, 1.00, 1.00, 1.00, 0.00, 0.00, 1.00, 0.00, 0.00, 0.00, 1.00, 0.00, 0.00, 0.00, 0.00, 0.00, 0.00, 0.00, 1.00
774,  0,  12.883,  0.98,  1, 0.52, 0.24, 1.25, 0.00, 0.62, 1.62, 0.00, 0.40, 0.31, 0.52, 0.14, 0.89, 0.00, 0.00, 0.06, 0.20, 0.35, 1.00, 1.00, 1.00, 0.00, 0.00, 1.00, 0.00, 0.00, 0.00, 1.00, 0.00, 0.00, 0.00, 0.00, 0.00, 0.00, 0.00, 1.00
775,  0,  12.900,  0.98,  1, 0.56, 0.11, 1.23, 0.00, 0.55, 1.60, 0.00, 0.38, 0.28, 0.54, 0.19, 0.93, 0.00, 0.00, 0.04, 0.21, 0.10, 1.00, 1.00, 1.00, 0.00, 0.00, 1.00, 0.00, 0.00, 0.00, 1.00, 0.00, 0.00, 0.00, 0.00, 0.00, 0.00, 0.00, 0.00
776,  0,  12.917,  0.98,  1, 0.59, 0.11, 1.12, 0.00, 0.55, 1.20, 0.00, 0.30, 0.34, 0.57, 0.22, 1.11, 0.00, 0.00, 0.04, 0.21, 0.03, 1.00, 1.00, 1.00, 0.00, 0.00, 1.00, 0.00, 0.00, 0.00, 1.00, 0.00, 0.00, 0.00, 0.00, 0.00, 0.00, 0.00, 0.00
777,  0,  12.933,  0.98,  1, 0.49, 0.02, 1.07, 0.00, 0.47, 0.82, 0.00, 0.37, 0.36, 0.70, 0.18, 1.15, 0.09, 0.00, 0.05, 0.21, 0.00, 1.00, 1.00, 1.00, 0.00, 0.00, 1.00, 0.00, 0.00, 0.00, 1.00, 0.00, 0.00, 0.00, 0.00, 0.00, 0.00, 0.00, 0.00
778,  0,  12.950,  0.98,  1, 0.50, 0.02, 1.02, 0.00, 0.40, 0.73, 0.00, 0.38, 0.35, 0.82, 0.19, 1.14, 0.09, 0.01, 0.05, 0.30, 0.00, 1.00, 1.00, 1.00, 0.00, 0.00, 1.00, 0.00, 0.00, 0.00, 1.00, 0.00, 0.00, 0.00, 0.00, 0.00, 0.00, 0.00, 0.00
779,  0,  12.967,  0.98,  1, 0.47, 0.12, 1.11, 0.00, 0.36, 0.77, 0.00, 0.37, 0.28, 0.75, 0.28, 1.05, 0.09, 0.02, 0.05, 0.15, 0.00, 1.00, 1.00, 1.00, 0.00, 0.00, 1.00, 0.00, 0.00, 0.00, 1.00, 0.00, 0.00, 0.00, 0.00, 0.00, 0.00, 0.00, 0.00
780,  0,  12.983,  0.98,  1, 0.54, 0.21, 1.14, 0.04, 0.35, 0.83, 0.00, 0.26, 0.25, 0.69, 0.45, 1.13, 0.08, 0.05, 0.00, 0.29, 0.00, 1.00, 1.00, 1.00, 0.00, 0.00, 1.00, 0.00, 0.00, 0.00, 1.00, 0.00, 0.00, 0.00, 0.00, 0.00, 0.00, 0.00, 0.00
781,  0,  13.000,  0.98,  1, 0.56, 0.23, 1.07, 0.04, 0.36, 0.80, 0.00, 0.29, 0.26, 0.61, 0.32, 1.12, 0.16, 0.06, 0.00, 0.30, 0.00, 1.00, 1.00, 1.00, 0.00, 0.00, 1.00, 0.00, 0.00, 0.00, 1.00, 0.00, 0.00, 0.00, 0.00, 0.00, 0.00, 0.00, 0.00
782,  0,  13.017,  0.98,  1, 0.51, 0.13, 1.03, 0.04, 0.38, 0.81, 0.00, 0.20, 0.30, 0.65, 0.26, 1.25, 0.16, 0.08, 0.00, 0.30, 0.00, 1.00, 1.00, 1.00, 0.00, 0.00, 1.00, 0.00, 0.00, 0.00, 1.00, 0.00, 0.00, 0.00, 0.00, 0.00, 0.00, 0.00, 0.00
783,  0,  13.033,  0.98,  1, 0.51, 0.02, 1.07, 0.00, 0.36, 0.96, 0.00, 0.21, 0.31, 0.75, 0.09, 1.24, 0.15, 0.08, 0.00, 0.29, 0.00, 1.00, 1.00, 1.00, 0.00, 0.00, 1.00, 0.00, 0.00, 0.00, 1.00, 0.00, 0.00, 0.00, 0.00, 0.00, 0.00, 0.00, 0.00
784,  0,  13.050,  0.98,  1, 0.51, 0.08, 1.15, 0.00, 0.37, 1.01, 0.00, 0.11, 0.34, 0.89, 0.20, 1.14, 0.07, 0.06, 0.00, 0.17, 0.00, 1.00, 1.00, 1.00, 0.00, 0.00, 1.00, 0.00, 0.00, 0.00, 1.00, 0.00, 0.00, 0.00, 0.00, 0.00, 0.00, 0.00, 0.00
785,  0,  13.067,  0.98,  1, 0.56, 0.08, 1.15, 0.00, 0.36, 1.10, 0.00, 0.10, 0.32, 0.96, 0.14, 1.07, 0.07, 0.04, 0.00, 0.15, 0.00, 1.00, 1.00, 1.00, 0.00, 0.00, 1.00, 0.00, 0.00, 0.00, 1.00, 0.00, 0.00, 0.00, 0.00, 0.00, 0.00, 0.00, 0.00
786,  0,  13.083,  0.98,  1, 0.50, 0.08, 1.31, 0.14, 0.38, 1.07, 0.00, 0.19, 0.31, 0.82, 0.15, 1.02, 0.01, 0.02, 0.00, 0.12, 0.00, 1.00, 1.00, 1.00, 0.00, 0.00, 1.00, 0.00, 0.00, 0.00, 1.00, 0.00, 1.00, 0.00, 0.00, 0.00, 0.00, 0.00, 0.00
787,  0,  13.100,  0.98,  1, 0.40, 0.08, 1.36, 0.15, 0.34, 1.03, 0.00, 0.13, 0.26, 0.64, 0.07, 1.11, 0.00, 0.04, 0.00, 0.09, 0.00, 1.00, 1.00, 1.00, 0.00, 0.00, 1.00, 0.00, 0.00, 0.00, 1.00, 0.00, 0.00, 0.00, 0.00, 0.00, 0.00, 0.00, 0.00
788,  0,  13.117,  0.98,  1, 0.37, 0.08, 1.32, 0.27, 0.25, 0.65, 0.00, 0.20, 0.22, 0.68, 0.12, 1.11, 0.00, 0.08, 0.00, 0.09, 0.00, 1.00, 1.00, 1.00, 0.00, 0.00, 1.00, 0.00, 0.00, 0.00, 1.00, 0.00, 0.00, 0.00, 0.00, 0.00, 0.00, 0.00, 0.00
789,  0,  13.133,  0.98,  1, 0.44, 0.20, 1.17, 0.13, 0.23, 0.51, 0.00, 0.16, 0.21, 0.72, 0.11, 1.05, 0.00, 0.07, 0.00, 0.00, 0.00, 1.00, 1.00, 1.00, 0.00, 0.00, 1.00, 0.00, 0.00, 0.00, 1.00, 0.00, 0.00, 0.00, 0.00, 0.00, 0.00, 0.00, 0.00
790,  0,  13.150,  0.98,  1, 0.37, 0.12, 1.11, 0.26, 0.19, 0.35, 0.00, 0.23, 0.18, 0.72, 0.05, 0.94, 0.00, 0.07, 0.05, 0.05, 0.00, 1.00, 1.00, 1.00, 0.00, 0.00, 0.00, 0.00, 0.00, 0.00, 1.00, 0.00, 0.00, 0.00, 0.00, 0.00, 0.00, 0.00, 0.00
791,  0,  13.167,  0.98,  1, 0.40, 0.12, 1.13, 0.22, 0.28, 0.55, 0.00, 0.16, 0.21, 0.69, 0.00, 0.79, 0.00, 0.06, 0.05, 0.05, 0.00, 1.00, 1.00, 1.00, 0.00, 0.00, 1.00, 0.00, 0.00, 0.00, 1.00, 0.00, 0.00, 0.00, 0.00, 0.00, 0.00, 0.00, 0.00
792,  0,  13.183,  0.98,  1, 0.34, 0.03, 1.12, 0.24, 0.34, 0.65, 0.00, 0.08, 0.19, 0.79, 0.00, 0.88, 0.00, 0.13, 0.05, 0.05, 0.00, 1.00, 1.00, 1.00, 0.00, 0.00, 1.00, 0.00, 0.00, 0.00, 1.00, 0.00, 0.00, 0.00, 0.00, 0.00, 0.00, 0.00, 0.00
793,  0,  13.200,  0.98,  1, 0.52, 0.03, 1.18, 0.10, 0.39, 0.84, 0.00, 0.12, 0.23, 0.84, 0.00, 1.03, 0.01, 0.20, 0.00, 0.14, 0.00, 1.00, 1.00, 1.00, 0.00, 0.00, 1.00, 0.00, 0.00, 0.00, 1.00, 0.00, 0.00, 0.00, 0.00, 0.00, 0.00, 0.00, 0.00
794,  0,  13.217,  0.98,  1, 0.48, 0.03, 1.08, 0.02, 0.36, 0.73, 0.00, 0.18, 0.16, 0.71, 0.10, 1.24, 0.01, 0.18, 0.00, 0.29, 0.00, 1.00, 1.00, 1.00, 0.00, 0.00, 1.00, 0.00, 0.00, 0.00, 1.00, 0.00, 0.00, 0.00, 0.00, 0.00, 0.00, 0.00, 0.00
795,  0,  13.233,  0.98,  1, 0.52, 0.05, 1.03, 0.00, 0.35, 0.85, 0.00, 0.22, 0.14, 0.54, 0.25, 1.23, 0.01, 0.10, 0.00, 0.29, 0.00, 1.00, 1.00, 1.00, 0.00, 0.00, 1.00, 0.00, 0.00, 0.00, 1.00, 0.00, 0.00, 0.00, 0.00, 0.00, 0.00, 0.00, 0.00
796,  0,  13.250,  0.98,  1, 0.51, 0.18, 0.95, 0.00, 0.44, 0.68, 0.00, 0.18, 0.15, 0.49, 0.25, 1.10, 0.03, 0.01, 0.06, 0.26, 0.22, 1.00, 1.00, 1.00, 0.00, 0.00, 1.00, 0.00, 0.00, 0.00, 1.00, 0.00, 0.00, 0.00, 0.00, 0.00, 0.00, 0.00, 0.00
797,  0,  13.267,  0.98,  1, 0.71, 0.29, 0.96, 0.00, 0.47, 0.79, 0.00, 0.20, 0.29, 0.51, 0.22, 0.79, 0.03, 0.00, 0.10, 0.17, 0.47, 1.00, 1.00, 1.00, 0.00, 0.00, 1.00, 0.00, 0.00, 0.00, 1.00, 0.00, 0.00, 0.00, 0.00, 0.00, 0.00, 0.00, 1.00
798,  0,  13.283,  0.98,  1, 0.96, 0.24, 0.94, 0.00, 0.43, 0.54, 0.00, 0.27, 0.39, 0.56, 0.07, 0.74, 0.03, 0.00, 0.15, 0.28, 0.94, 1.00, 1.00, 1.00, 0.00, 0.00, 1.00, 0.00, 0.00, 0.00, 1.00, 0.00, 0.00, 0.00, 0.00, 0.00, 0.00, 0.00, 1.00
799,  0,  13.300,  0.98,  1, 1.12, 0.24, 0.87, 0.00, 0.40, 0.51, 0.00, 0.29, 0.40, 0.57, 0.17, 0.64, 0.00, 0.00, 0.10, 0.23, 0.99, 1.00, 1.00, 1.00, 0.00, 0.00, 1.00, 0.00, 0.00, 0.00, 1.00, 0.00, 0.00, 0.00, 0.00, 0.00, 0.00, 0.00, 1.00
800,  0,  13.317,  0.98,  1, 1.05, 0.21, 0.93, 0.00, 0.49, 0.57, 0.00, 0.31, 0.35, 0.63, 0.19, 0.87, 0.03, 0.00, 0.05, 0.26, 1.03, 1.00, 1.00, 1.00, 0.00, 0.00, 1.00, 0.00, 0.00, 0.00, 1.00, 0.00, 0.00, 0.00, 0.00, 0.00, 0.00, 0.00, 1.00
801,  0,  13.333,  0.98,  1, 0.88, 0.24, 1.03, 0.00, 0.61, 1.12, 0.00, 0.21, 0.36, 0.66, 0.19, 0.79, 0.03, 0.00, 0.00, 0.18, 0.84, 1.00, 1.00, 1.00, 0.00, 0.00, 1.00, 0.00, 0.00, 0.00, 1.00, 0.00, 0.00, 0.00, 0.00, 0.00, 0.00, 0.00, 1.00
802,  0,  13.350,  0.98,  1, 0.69, 0.16, 1.16, 0.00, 0.69, 1.66, 0.00, 0.23, 0.44, 0.63, 0.19, 0.89, 0.03, 0.00, 0.00, 0.26, 0.68, 1.00, 1.00, 1.00, 0.00, 0.00, 1.00, 0.00, 0.00, 0.00, 1.00, 0.00, 0.00, 0.00, 0.00, 0.00, 0.00, 0.00, 1.00
803,  0,  13.367,  0.98,  1, 0.52, 0.16, 1.11, 0.00, 0.64, 1.64, 0.00, 0.16, 0.46, 0.65, 0.09, 0.83, 0.00, 0.00, 0.01, 0.18, 0.41, 1.00, 1.00, 1.00, 0.00, 0.00, 1.00, 0.00, 0.00, 0.00, 1.00, 0.00, 0.00, 0.00, 0.00, 0.00, 0.00, 0.00, 1.00
804,  0,  13.383,  0.98,  1, 0.39, 0.14, 1.14, 0.00, 0.57, 1.45, 0.00, 0.23, 0.39, 0.67, 0.09, 0.96, 0.00, 0.00, 0.01, 0.15, 0.12, 1.00, 1.00, 1.00, 0.00, 0.00, 1.00, 0.00, 0.00, 0.00, 1.00, 0.00, 0.00, 0.00, 0.00, 0.00, 0.00, 0.00, 0.00
805,  0,  13.400,  0.98,  1, 0.37, 0.11, 1.07, 0.00, 0.45, 0.93, 0.00, 0.15, 0.33, 0.70, 0.08, 1.07, 0.00, 0.00, 0.01, 0.13, 0.01, 1.00, 1.00, 1.00, 0.00, 0.00, 1.00, 0.00, 0.00, 0.00, 1.00, 0.00, 0.00, 0.00, 0.00, 0.00, 0.00, 0.00, 0.00
806,  0,  13.417,  0.98,  1, 0.30, 0.02, 1.05, 0.00, 0.39, 0.87, 0.00, 0.14, 0.29, 0.60, 0.08, 1.03, 0.00, 0.00, 0.00, 0.17, 0.00, 1.00, 1.00, 1.00, 0.00, 0.00, 1.00, 0.00, 0.00, 0.00, 1.00, 0.00, 0.00, 0.00, 0.00, 0.00, 0.00, 0.00, 0.00
807,  0,  13.433,  0.98,  1, 0.34, 0.02, 1.09, 0.00, 0.36, 0.64, 0.00, 0.14, 0.29, 0.53, 0.19, 1.01, 0.00, 0.00, 0.00, 0.17, 0.00, 1.00, 1.00, 1.00, 0.00, 0.00, 1.00, 0.00, 0.00, 0.00, 1.00, 0.00, 0.00, 0.00, 0.00, 0.00, 0.00, 0.00, 0.00
808,  0,  13.450,  0.98,  1, 0.32, 0.00, 1.09, 0.00, 0.40, 0.84, 0.00, 0.11, 0.27, 0.54, 0.20, 0.81, 0.02, 0.00, 0.00, 0.07, 0.00, 1.00, 1.00, 1.00, 0.00, 0.00, 1.00, 0.00, 0.00, 0.00, 1.00, 0.00, 0.00, 0.00, 0.00, 0.00, 0.00, 0.00, 0.00
809,  0,  13.467,  0.98,  1, 0.35, 0.00, 1.11, 0.00, 0.34, 0.80, 0.00, 0.16, 0.27, 0.60, 0.20, 0.85, 0.02, 0.00, 0.00, 0.11, 0.00, 1.00, 1.00, 1.00, 0.00, 0.00, 1.00, 0.00, 0.00, 0.00, 1.00, 0.00, 0.00, 0.00, 0.00, 0.00, 0.00, 0.00, 0.00
810,  0,  13.483,  0.98,  1, 0.24, 0.05, 0.95, 0.00, 0.28, 0.74, 0.00, 0.13, 0.29, 0.63, 0.18, 0.75, 0.02, 0.00, 0.06, 0.11, 0.00, 1.00, 1.00, 1.00, 0.00, 0.00, 1.00, 0.00, 0.00, 0.00, 1.00, 0.00, 0.00, 0.00, 0.00, 0.00, 0.00, 0.00, 0.00
811,  0,  13.500,  0.98,  1, 0.08, 0.09, 0.89, 0.06, 0.25, 0.65, 0.00, 0.19, 0.30, 0.53, 0.14, 0.97, 0.00, 0.01, 0.06, 0.09, 0.00, 1.00, 1.00, 1.00, 0.00, 0.00, 1.00, 0.00, 0.00, 0.00, 1.00, 0.00, 0.00, 0.00, 0.00, 0.00, 0.00, 0.00, 0.00
812,  0,  13.517,  0.98,  1, 0.07, 0.09, 0.77, 0.06, 0.29, 0.79, 0.00, 0.12, 0.29, 0.53, 0.14, 0.98, 0.00, 0.02, 0.06, 0.11, 0.00, 1.00, 1.00, 1.00, 0.00, 0.00, 1.00, 0.00, 0.00, 0.00, 1.00, 0.00, 0.00, 0.00, 0.00, 0.00, 0.00, 0.00, 0.00
813,  0,  13.533,  0.98,  1, 0.21, 0.06, 0.83, 0.06, 0.32, 0.80, 0.00, 0.09, 0.32, 0.47, 0.05, 1.06, 0.00, 0.06, 0.02, 0.11, 0.00, 1.00, 1.00, 1.00, 0.00, 0.00, 1.00, 0.00, 0.00, 0.00, 1.00, 0.00, 0.00, 0.00, 0.00, 0.00, 0.00, 0.00, 0.00
814,  0,  13.550,  0.98,  1, 0.33, 0.05, 0.97, 0.00, 0.31, 0.74, 0.00, 0.02, 0.32, 0.57, 0.10, 1.06, 0.00, 0.11, 0.02, 0.22, 0.00, 1.00, 1.00, 1.00, 0.00, 0.00, 1.00, 0.00, 0.00, 0.00, 1.00, 0.00, 0.00, 0.00, 0.00, 0.00, 0.00, 0.00, 0.00
815,  0,  13.567,  0.98,  1, 0.52, 0.18, 1.08, 0.00, 0.27, 0.55, 0.00, 0.02, 0.32, 0.57, 0.10, 1.10, 0.00, 0.15, 0.02, 0.20, 0.00, 1.00, 1.00, 1.00, 0.00, 0.00, 1.00, 0.00, 0.00, 0.00, 1.00, 0.00, 0.00, 0.00, 0.00, 0.00, 0.00, 0.00, 0.00
816,  0,  13.583,  0.98,  1, 0.50, 0.16, 1.02, 0.00, 0.25, 0.72, 0.00, 0.00, 0.29, 0.57, 0.14, 1.09, 0.00, 0.11, 0.00, 0.20, 0.00, 1.00, 1.00, 1.00, 0.00, 0.00, 1.00, 0.00, 0.00, 0.00, 1.00, 0.00, 0.00, 0.00, 0.00, 0.00, 0.00, 0.00, 0.00
817,  0,  13.600,  0.98,  1, 0.42, 0.13, 0.88, 0.00, 0.17, 0.47, 0.00, 0.00, 0.23, 0.57, 0.04, 1.04, 0.00, 0.11, 0.00, 0.23, 0.00, 1.00, 1.00, 1.00, 0.00, 0.00, 0.00, 0.00, 0.00, 0.00, 1.00, 0.00, 0.00, 0.00, 0.00, 0.00, 0.00, 0.00, 0.00
818,  0,  13.617,  0.98,  1, 0.26, 0.00, 0.91, 0.02, 0.21, 0.52, 0.00, 0.01, 0.20, 0.55, 0.09, 0.93, 0.00, 0.06, 0.03, 0.20, 0.00, 1.00, 1.00, 1.00, 0.00, 0.00, 1.00, 0.00, 0.00, 0.00, 1.00, 0.00, 0.00, 0.00, 0.00, 0.00, 0.00, 0.00, 0.00
819,  0,  13.633,  0.98,  1, 0.17, 0.00, 0.92, 0.02, 0.23, 0.33, 0.00, 0.04, 0.22, 0.71, 0.05, 0.91, 0.00, 0.11, 0.03, 0.35, 0.00, 1.00, 1.00, 1.00, 0.00, 0.00, 0.00, 0.00, 0.00, 0.00, 1.00, 0.00, 0.00, 0.00, 0.00, 0.00, 0.00, 0.00, 0.00
820,  0,  13.650,  0.98,  1, 0.25, 0.10, 0.94, 0.02, 0.34, 0.69, 0.00, 0.09, 0.25, 0.69, 0.05, 0.91, 0.00, 0.10, 0.03, 0.25, 0.00, 1.00, 0.00, 1.00, 0.00, 0.00, 1.00, 0.00, 0.00, 0.00, 1.00, 0.00, 0.00, 0.00, 0.00, 0.00, 0.00, 0.00, 0.00
821,  0,  13.667,  0.98,  1, 0.19, 0.10, 0.81, 0.00, 0.29, 0.63, 0.00, 0.09, 0.25, 0.71, 0.00, 1.04, 0.00, 0.23, 0.00, 0.28, 0.00, 1.00, 0.00, 1.00, 0.00, 0.00, 1.00, 0.00, 0.00, 0.00, 1.00, 0.00, 0.00, 0.00, 0.00, 0.00, 0.00, 0.00, 0.00
822,  0,  13.683,  0.98,  1, 0.23, 0.17, 0.84, 0.09, 0.33, 0.85, 0.00, 0.05, 0.18, 0.60, 0.16, 1.11, 0.00, 0.27, 0.00, 0.16, 0.00, 1.00, 0.00, 1.00, 0.00, 0.00, 0.00, 0.00, 0.00, 0.00, 1.00, 0.00, 0.00, 0.00, 0.00, 0.00, 0.00, 0.00, 0.00
823,  0,  13.700,  0.98,  1, 0.26, 0.07, 0.80, 0.14, 0.30, 0.84, 0.00, 0.00, 0.11, 0.63, 0.19, 1.12, 0.03, 0.27, 0.00, 0.16, 0.00, 1.00, 0.00, 1.00, 0.00, 0.00, 1.00, 0.00, 0.00, 0.00, 1.00, 0.00, 0.00, 0.00, 0.00, 0.00, 0.00, 0.00, 0.00
824,  0,  13.717,  0.98,  1, 0.46, 0.07, 0.94, 0.29, 0.37, 1.02, 0.00, 0.02, 0.12, 0.59, 0.20, 1.11, 0.03, 0.21, 0.01, 0.14, 0.00, 1.00, 0.00, 1.00, 0.00, 0.00, 1.00, 0.00, 0.00, 0.00, 1.00, 0.00, 0.00, 0.00, 0.00, 0.00, 0.00, 0.00, 0.00
825,  0,  13.733,  0.98,  1, 0.49, 0.00, 0.93, 0.19, 0.34, 0.92, 0.00, 0.07, 0.19, 0.57, 0.04, 1.12, 0.03, 0.12, 0.01, 0.10, 0.00, 1.00, 0.00, 1.00, 0.00, 0.00, 1.00, 0.00, 0.00, 0.00, 1.00, 0.00, 0.00, 0.00, 0.00, 0.00, 0.00, 0.00, 0.00
826,  0,  13.750,  0.98,  1, 0.43, 0.01, 0.97, 0.15, 0.27, 0.75, 0.00, 0.10, 0.26, 0.40, 0.01, 1.05, 0.00, 0.12, 0.01, 0.08, 0.00, 1.00, 0.00, 1.00, 0.00, 0.00, 1.00, 0.00, 0.00, 0.00, 1.00, 0.00, 1.00, 0.00, 0.00, 0.00, 0.00, 0.00, 0.00
827,  0,  13.767,  0.98,  1, 0.33, 0.10, 0.98, 0.00, 0.40, 1.19, 0.00, 0.18, 0.30, 0.41, 0.00, 0.99, 0.03, 0.05, 0.00, 0.01, 0.00, 1.00, 1.00, 1.00, 0.00, 0.00, 1.00, 0.00, 0.00, 0.00, 1.00, 0.00, 1.00, 0.00, 0.00, 0.00, 0.00, 0.00, 0.00
828,  0,  13.783,  0.98,  1, 0.46, 0.10, 1.13, 0.00, 0.53, 1.42, 0.00, 0.24, 0.37, 0.40, 0.04, 1.00, 0.03, 0.05, 0.01, 0.12, 0.15, 1.00, 1.00, 1.00, 0.00, 0.00, 1.00, 0.00, 0.00, 0.00, 1.00, 0.00, 0.00, 0.00, 0.00, 0.00, 0.00, 0.00, 1.00
829,  0,  13.800,  0.98,  1, 0.85, 0.32, 1.16, 0.00, 0.74, 1.52, 0.00, 0.36, 0.44, 0.40, 0.04, 1.00, 0.03, 0.00, 0.01, 0.15, 0.33, 1.00, 1.00, 1.00, 0.00, 0.00, 1.00, 0.00, 0.00, 0.00, 1.00, 0.00, 0.00, 0.00, 0.00, 0.00, 0.00, 0.00, 1.00
830,  0,  13.817,  0.98,  1, 1.19, 0.35, 1.08, 0.00, 0.61, 0.76, 0.00, 0.38, 0.51, 0.36, 0.11, 0.95, 0.06, 0.00, 0.07, 0.19, 0.55, 1.00, 1.00, 1.00, 0.00, 0.00, 1.00, 0.00, 0.00, 0.00, 1.00, 0.00, 0.00, 0.00, 0.00, 0.00, 0.00, 0.00, 1.00
831,  0,  13.833,  0.98,  1, 1.36, 0.35, 1.00, 0.00, 0.47, 0.37, 0.00, 0.38, 0.48, 0.39, 0.08, 0.87, 0.06, 0.00, 0.06, 0.11, 0.65, 1.00, 1.00, 1.00, 0.00, 0.00, 1.00, 0.00, 0.00, 0.00, 1.00, 0.00, 0.00, 0.00, 0.00, 0.00, 0.00, 0.00, 1.00
832,  0,  13.850,  0.98,  1, 1.18, 0.12, 1.00, 0.00, 0.40, 0.23, 0.00, 0.29, 0.41, 0.51, 0.20, 0.91, 0.14, 0.00, 0.06, 0.18, 0.62, 1.00, 1.00, 1.00, 0.00, 0.00, 1.00, 0.00, 0.00, 0.00, 1.00, 0.00, 0.00, 0.00, 0.00, 0.00, 0.00, 0.00, 1.00
833,  0,  13.867,  0.98,  1, 0.98, 0.16, 1.10, 0.00, 0.58, 0.64, 0.00, 0.24, 0.36, 0.55, 0.18, 0.99, 0.18, 0.00, 0.00, 0.18, 0.58, 1.00, 1.00, 1.00, 0.00, 0.00, 1.00, 0.00, 0.00, 0.00, 1.00, 0.00, 0.00, 0.00, 0.00, 0.00, 0.00, 0.00, 1.00
834,  0,  13.883,  0.98,  1, 0.79, 0.16, 1.20, 0.00, 0.67, 1.06, 0.00, 0.25, 0.35, 0.61, 0.17, 0.87, 0.24, 0.00, 0.00, 0.21, 0.45, 1.00, 1.00, 1.00, 0.00, 0.00, 1.00, 0.00, 0.00, 0.00, 1.00, 0.00, 0.00, 0.00, 0.00, 0.00, 0.00, 0.00, 1.00
835,  0,  13.900,  0.98,  1, 0.70, 0.17, 1.19, 0.00, 0.74, 1.49, 0.00, 0.32, 0.42, 0.66, 0.09, 0.88, 0.15, 0.00, 0.00, 0.22, 0.40, 0.00, 1.00, 1.00, 0.00, 0.00, 1.00, 0.00, 0.00, 0.00, 1.00, 0.00, 0.00, 0.00, 0.00, 0.00, 0.00, 0.00, 1.00
836,  0,  13.917,  0.98,  1, 0.55, 0.11, 1.14, 0.04, 0.64, 1.54, 0.00, 0.34, 0.43, 0.55, 0.04, 0.82, 0.06, 0.00, 0.00, 0.30, 0.34, 0.00, 1.00, 1.00, 0.00, 0.00, 1.00, 0.00, 0.00, 0.00, 1.00, 0.00, 0.00, 0.00, 0.00, 0.00, 0.00, 0.00, 1.00
837,  0,  13.933,  0.98,  1, 0.54, 0.14, 1.09, 0.04, 0.65, 1.56, 0.00, 0.34, 0.44, 0.47, 0.23, 0.93, 0.00, 0.00, 0.00, 0.23, 0.22, 0.00, 1.00, 1.00, 0.00, 0.00, 1.00, 0.00, 0.00, 0.00, 1.00, 0.00, 0.00, 0.00, 0.00, 0.00, 0.00, 0.00, 1.00
838,  0,  13.950,  0.98,  1, 0.38, 0.23, 1.09, 0.04, 0.56, 1.48, 0.00, 0.34, 0.46, 0.30, 0.30, 0.92, 0.10, 0.00, 0.04, 0.18, 0.12, 0.00, 1.00, 1.00, 0.00, 0.00, 1.00, 0.00, 0.00, 0.00, 1.00, 0.00, 0.00, 0.00, 0.00, 0.00, 0.00, 0.00, 0.00
839,  0,  13.967,  0.98,  1, 0.39, 0.12, 1.07, 0.00, 0.51, 1.49, 0.00, 0.47, 0.43, 0.41, 0.30, 0.95, 0.10, 0.00, 0.04, 0.15, 0.00, 0.00, 1.00, 1.00, 0.00, 0.00, 1.00, 0.00, 0.00, 0.00, 1.00, 0.00, 0.00, 0.00, 0.00, 0.00, 0.00, 0.00, 0.00
840,  0,  13.983,  0.98,  1, 0.25, 0.09, 1.02, 0.00, 0.45, 1.49, 0.00, 0.41, 0.42, 0.52, 0.11, 0.92, 0.20, 0.00, 0.09, 0.15, 0.00, 0.00, 1.00, 1.00, 0.00, 0.00, 1.00, 0.00, 0.00, 0.00, 1.00, 0.00, 0.00, 0.00, 0.00, 0.00, 0.00, 0.00, 0.00
841,  0,  14.000,  0.98,  1, 0.28, 0.00, 0.91, 0.00, 0.38, 1.26, 0.00, 0.38, 0.35, 0.67, 0.05, 0.91, 0.10, 0.00, 0.06, 0.22, 0.00, 0.00, 1.00, 1.00, 0.00, 0.00, 1.00, 0.00, 0.00, 0.00, 1.00, 0.00, 0.00, 0.00, 0.00, 0.00, 0.00, 0.00, 0.00
842,  0,  14.017,  0.98,  1, 0.27, 0.09, 0.97, 0.00, 0.31, 1.21, 0.00, 0.20, 0.33, 0.77, 0.17, 1.04, 0.10, 0.00, 0.10, 0.35, 0.00, 0.00, 1.00, 1.00, 0.00, 0.00, 1.00, 0.00, 0.00, 0.00, 1.00, 0.00, 0.00, 0.00, 0.00, 0.00, 0.00, 0.00, 0.00
843,  0,  14.033,  0.98,  1, 0.57, 0.23, 1.03, 0.09, 0.28, 0.94, 0.00, 0.21, 0.27, 0.79, 0.17, 0.96, 0.00, 0.00, 0.07, 0.40, 0.00, 0.00, 1.00, 1.00, 0.00, 0.00, 1.00, 0.00, 0.00, 0.00, 1.00, 0.00, 0.00, 0.00, 0.00, 0.00, 0.00, 0.00, 0.00
844,  0,  14.050,  0.98,  1, 0.52, 0.23, 1.19, 0.09, 0.22, 0.87, 0.00, 0.17, 0.32, 0.76, 0.12, 1.09, 0.00, 0.00, 0.07, 0.28, 0.00, 0.00, 1.00, 1.00, 0.00, 0.00, 1.00, 0.00, 0.00, 0.00, 1.00, 0.00, 0.00, 0.00, 0.00, 0.00, 0.00, 0.00, 0.00
845,  0,  14.067,  0.98,  1, 0.51, 0.15, 1.16, 0.09, 0.28, 0.74, 0.00, 0.20, 0.35, 0.73, 0.00, 0.91, 0.00, 0.00, 0.03, 0.06, 0.00, 0.00, 1.00, 1.00, 0.00, 0.00, 1.00, 0.00, 0.00, 0.00, 1.00, 0.00, 0.00, 0.00, 0.00, 0.00, 0.00, 0.00, 0.00
846,  0,  14.083,  0.98,  1, 0.22, 0.00, 1.17, 0.00, 0.29, 0.72, 0.00, 0.19, 0.36, 0.60, 0.04, 1.03, 0.05, 0.03, 0.00, 0.12, 0.00, 0.00, 1.00, 1.00, 0.00, 0.00, 1.00, 0.00, 0.00, 0.00, 1.00, 0.00, 0.00, 0.00, 0.00, 0.00, 0.00, 0.00, 0.00
847,  0,  14.100,  0.98,  1, 0.31, 0.00, 1.07, 0.03, 0.26, 0.88, 0.00, 0.19, 0.24, 0.68, 0.10, 0.87, 0.05, 0.06, 0.00, 0.22, 0.00, 0.00, 1.00, 1.00, 0.00, 0.00, 1.00, 0.00, 0.00, 0.00, 1.00, 0.00, 0.00, 0.00, 0.00, 0.00, 0.00, 0.00, 0.00
848,  0,  14.117,  0.98,  1, 0.29, 0.00, 1.10, 0.03, 0.19, 0.79, 0.00, 0.10, 0.18, 0.59, 0.20, 1.00, 0.04, 0.11, 0.00, 0.21, 0.00, 0.00, 1.00, 1.00, 0.00, 0.00, 0.00, 0.00, 0.00, 0.00, 1.00, 0.00, 0.00, 0.00, 0.00, 0.00, 0.00, 0.00, 0.00
849,  0,  14.133,  0.98,  1, 0.33, 0.00, 1.02, 0.11, 0.15, 0.51, 0.00, 0.13, 0.17, 0.55, 0.19, 1.10, 0.00, 0.10, 0.00, 0.17, 0.00, 1.00, 1.00, 1.00, 0.00, 0.00, 1.00, 0.00, 0.00, 0.00, 1.00, 0.00, 0.00, 0.00, 0.00, 0.00, 0.00, 0.00, 0.00
850,  0,  14.150,  0.98,  1, 0.31, 0.00, 1.07, 0.18, 0.28, 0.29, 0.00, 0.15, 0.19, 0.52, 0.21, 1.10, 0.00, 0.06, 0.01, 0.14, 0.00, 1.00, 1.00, 1.00, 0.00, 0.00, 1.00, 0.00, 0.00, 0.00, 1.00, 0.00, 0.00, 0.00, 0.00, 0.00, 0.00, 0.00, 0.00
851,  0,  14.167,  0.98,  1, 0.39, 0.11, 0.90, 0.18, 0.35, 0.17, 0.00, 0.25, 0.21, 0.49, 0.16, 1.12, 0.00, 0.04, 0.03, 0.14, 0.00, 1.00, 1.00, 1.00, 0.00, 0.00, 1.00, 0.00, 0.00, 0.00, 1.00, 0.00, 1.00, 0.00, 0.00, 0.00, 0.00, 0.00, 0.00
852,  0,  14.183,  0.98,  1, 0.42, 0.11, 0.91, 0.11, 0.39, 0.36, 0.00, 0.21, 0.19, 0.51, 0.13, 0.92, 0.01, 0.02, 0.03, 0.16, 0.00, 0.00, 1.00, 1.00, 0.00, 0.00, 1.00, 0.00, 0.00, 0.00, 1.00, 0.00, 1.00, 0.00, 0.00, 0.00, 0.00, 0.00, 0.00
853,  0,  14.200,  0.98,  1, 0.41, 0.11, 0.90, 0.00, 0.39, 0.64, 0.00, 0.16, 0.20, 0.49, 0.09, 1.04, 0.01, 0.08, 0.02, 0.16, 0.00, 0.00, 1.00, 1.00, 0.00, 0.00, 1.00, 0.00, 0.00, 0.00, 1.00, 0.00, 1.00, 0.00, 0.00, 0.00, 0.00, 0.00, 0.00
854,  0,  14.217,  0.98,  1, 0.24, 0.00, 1.07, 0.00, 0.34, 0.76, 0.00, 0.07, 0.24, 0.71, 0.10, 0.98, 0.12, 0.10, 0.00, 0.30, 0.00, 0.00, 1.00, 1.00, 0.00, 0.00, 1.00, 0.00, 0.00, 0.00, 1.00, 0.00, 0.00, 0.00, 0.00, 0.00, 0.00, 0.00, 0.00
855,  0,  14.233,  0.98,  1, 0.24, 0.08, 1.06, 0.00, 0.32, 0.89, 0.00, 0.07, 0.27, 0.81, 0.10, 1.09, 0.12, 0.10, 0.06, 0.35, 0.00, 0.00, 1.00, 1.00, 0.00, 0.00, 1.00, 0.00, 0.00, 0.00, 1.00, 0.00, 1.00, 0.00, 0.00, 0.00, 0.00, 0.00, 0.00
856,  0,  14.250,  0.98,  1, 0.20, 0.30, 1.10, 0.09, 0.31, 0.86, 0.00, 0.08, 0.31, 0.87, 0.06, 1.06, 0.16, 0.05, 0.06, 0.48, 0.00, 0.00, 1.00, 1.00, 0.00, 0.00, 1.00, 0.00, 0.00, 0.00, 1.00, 0.00, 0.00, 0.00, 0.00, 0.00, 0.00, 0.00, 0.00
857,  0,  14.267,  0.98,  1, 0.23, 0.38, 1.09, 0.09, 0.32, 0.90, 0.00, 0.08, 0.22, 0.84, 0.06, 1.12, 0.04, 0.05, 0.06, 0.45, 0.00, 0.00, 1.00, 1.00, 0.00, 0.00, 1.00, 0.00, 0.00, 0.00, 1.00, 0.00, 0.00, 0.00, 0.00, 0.00, 0.00, 0.00, 0.00
858,  0,  14.283,  0.98,  1, 0.24, 0.31, 1.11, 0.09, 0.32, 0.71, 0.00, 0.08, 0.26, 0.89, 0.06, 1.05, 0.04, 0.06, 0.00, 0.40, 0.00, 0.00, 1.00, 1.00, 0.00, 0.00, 0.00, 0.00, 0.00, 0.00, 1.00, 0.00, 0.00, 0.00, 0.00, 0.00, 0.00, 0.00, 0.00
859,  0,  14.300,  0.98,  1, 0.31, 0.08, 1.07, 0.00, 0.24, 0.54, 0.00, 0.06, 0.20, 0.71, 0.06, 1.01, 0.00, 0.11, 0.00, 0.19, 0.00, 0.00, 1.00, 1.00, 0.00, 0.00, 1.00, 0.00, 0.00, 0.00, 1.00, 0.00, 1.00, 0.00, 0.00, 0.00, 0.00, 0.00, 0.00
860,  0,  14.317,  0.98,  1, 0.32, 0.02, 1.03, 0.00, 0.27, 0.37, 0.00, 0.06, 0.24, 0.58, 0.00, 0.94, 0.00, 0.09, 0.04, 0.11, 0.00, 0.00, 1.00, 1.00, 0.00, 0.00, 1.00, 0.00, 0.00, 0.00, 1.00, 0.00, 0.00, 0.00, 0.00, 0.00, 0.00, 0.00, 0.00
861,  0,  14.333,  0.98,  1, 0.22, 0.02, 1.14, 0.00, 0.27, 0.46, 0.00, 0.11, 0.19, 0.51, 0.09, 1.05, 0.00, 0.11, 0.04, 0.10, 0.00, 1.00, 1.00, 1.00, 0.00, 0.00, 0.00, 0.00, 0.00, 0.00, 1.00, 0.00, 0.00, 0.00, 0.00, 0.00, 0.00, 0.00, 0.00
862,  0,  14.350,  0.98,  1, 0.21, 0.07, 1.26, 0.00, 0.32, 0.63, 0.00, 0.15, 0.28, 0.71, 0.09, 0.92, 0.00, 0.06, 0.04, 0.10, 0.00, 1.00, 1.00, 1.00, 0.00, 0.00, 1.00, 0.00, 0.00, 0.00, 1.00, 0.00, 0.00, 0.00, 0.00, 0.00, 0.00, 0.00, 0.00
863,  0,  14.367,  0.98,  1, 0.30, 0.09, 1.25, 0.00, 0.32, 0.78, 0.00, 0.18, 0.27, 0.63, 0.12, 0.96, 0.00, 0.08, 0.00, 0.07, 0.00, 1.00, 1.00, 1.00, 0.00, 0.00, 0.00, 0.00, 0.00, 0.00, 1.00, 0.00, 0.00, 0.00, 0.00, 0.00, 0.00, 0.00, 0.00
864,  0,  14.383,  0.98,  1, 0.35, 0.13, 1.18, 0.00, 0.32, 1.02, 0.00, 0.21, 0.32, 0.69, 0.03, 0.88, 0.04, 0.11, 0.00, 0.13, 0.00, 1.00, 1.00, 1.00, 0.00, 0.00, 1.00, 0.00, 0.00, 0.00, 1.00, 0.00, 1.00, 0.00, 0.00, 0.00, 0.00, 0.00, 0.00
865,  0,  14.400,  0.98,  1, 0.32, 0.23, 1.00, 0.03, 0.28, 0.91, 0.00, 0.27, 0.27, 0.81, 0.17, 1.03, 0.04, 0.10, 0.00, 0.26, 0.00, 1.00, 1.00, 1.00, 0.00, 0.00, 1.00, 0.00, 0.00, 0.00, 1.00, 0.00, 0.00, 0.00, 0.00, 0.00, 0.00, 0.00, 0.00
866,  0,  14.417,  0.98,  1, 0.23, 0.24, 1.03, 0.03, 0.27, 0.94, 0.00, 0.33, 0.33, 0.82, 0.15, 1.07, 0.04, 0.05, 0.00, 0.35, 0.00, 1.00, 1.00, 1.00, 0.00, 0.00, 1.00, 0.00, 0.00, 0.00, 1.00, 0.00, 0.00, 0.00, 0.00, 0.00, 0.00, 0.00, 0.00
867,  0,  14.433,  0.98,  1, 0.22, 0.20, 0.98, 0.03, 0.26, 0.64, 0.00, 0.25, 0.27, 0.79, 0.15, 1.09, 0.00, 0.03, 0.00, 0.22, 0.00, 0.00, 1.00, 1.00, 0.00, 0.00, 0.00, 0.00, 0.00, 0.00, 1.00, 0.00, 0.00, 0.00, 0.00, 0.00, 0.00, 0.00, 0.00
868,  0,  14.450,  0.98,  1, 0.15, 0.05, 0.98, 0.03, 0.28, 0.53, 0.00, 0.15, 0.24, 0.67, 0.00, 1.14, 0.00, 0.05, 0.00, 0.15, 0.00, 0.00, 1.00, 1.00, 0.00, 0.00, 0.00, 0.00, 0.00, 0.00, 1.00, 0.00, 1.00, 0.00, 0.00, 0.00, 0.00, 0.00, 0.00
869,  0,  14.467,  0.98,  1, 0.08, 0.01, 0.87, 0.03, 0.24, 0.56, 0.00, 0.06, 0.16, 0.78, 0.00, 1.03, 0.00, 0.08, 0.00, 0.12, 0.00, 0.00, 1.00, 1.00, 0.00, 0.00, 0.00, 0.00, 0.00, 0.00, 1.00, 0.00, 1.00, 0.00, 0.00, 0.00, 0.00, 0.00, 0.00
870,  0,  14.483,  0.98,  1, 0.11, 0.01, 0.80, 0.03, 0.25, 0.39, 0.00, 0.00, 0.14, 0.63, 0.00, 1.12, 0.00, 0.06, 0.06, 0.12, 0.00, 0.00, 1.00, 1.00, 0.00, 0.00, 0.00, 0.00, 0.00, 0.00, 1.00, 0.00, 1.00, 0.00, 0.00, 0.00, 0.00, 0.00, 0.00
871,  0,  14.500,  0.98,  1, 0.22, 0.00, 0.84, 0.00, 0.22, 0.31, 0.00, 0.01, 0.15, 0.49, 0.00, 0.99, 0.00, 0.03, 0.09, 0.05, 0.00, 0.00, 0.00, 1.00, 0.00, 0.00, 0.00, 0.00, 0.00, 0.00, 1.00, 0.00, 1.00, 0.00, 0.00, 0.00, 0.00, 0.00, 0.00
872,  0,  14.517,  0.98,  1, 0.22, 0.00, 0.90, 0.00, 0.29, 0.05, 0.00, 0.03, 0.19, 0.52, 0.00, 1.07, 0.00, 0.01, 0.14, 0.00, 0.00, 0.00, 0.00, 1.00, 0.00, 0.00, 0.00, 0.00, 0.00, 0.00, 1.00, 0.00, 1.00, 0.00, 0.00, 0.00, 0.00, 0.00, 0.00
873,  0,  14.533,  0.98,  1, 0.17, 0.00, 0.92, 0.00, 0.23, 0.29, 0.00, 0.07, 0.30, 0.70, 0.03, 1.05, 0.00, 0.01, 0.08, 0.00, 0.00, 0.00, 0.00, 1.00, 0.00, 0.00, 0.00, 0.00, 0.00, 0.00, 1.00, 0.00, 1.00, 0.00, 0.00, 0.00, 0.00, 0.00, 0.00
874,  0,  14.550,  0.98,  1, 0.06, 0.00, 0.89, 0.00, 0.22, 0.24, 0.00, 0.14, 0.28, 0.73, 0.06, 1.19, 0.00, 0.04, 0.05, 0.00, 0.00, 0.00, 0.00, 1.00, 0.00, 0.00, 0.00, 0.00, 0.00, 0.00, 1.00, 0.00, 1.00, 0.00, 0.00, 0.00, 0.00, 0.00, 0.00
875,  0,  14.567,  0.98,  1, 0.14, 0.00, 1.00, 0.00, 0.22, 0.54, 0.00, 0.20, 0.30, 0.65, 0.08, 1.06, 0.00, 0.08, 0.00, 0.00, 0.00, 0.00, 0.00, 1.00, 0.00, 0.00, 1.00, 0.00, 0.00, 0.00, 1.00, 0.00, 0.00, 0.00, 0.00, 0.00, 0.00, 0.00, 0.00
876,  0,  14.583,  0.98,  1, 0.23, 0.00, 1.00, 0.00, 0.30, 0.60, 0.00, 0.21, 0.29, 0.61, 0.11, 0.97, 0.00, 0.13, 0.03, 0.04, 0.00, 0.00, 0.00, 1.00, 0.00, 0.00, 1.00, 0.00, 0.00, 0.00, 1.00, 0.00, 0.00, 0.00, 0.00, 0.00, 0.00, 0.00, 0.00
877,  0,  14.600,  0.98,  1, 0.34, 0.13, 1.02, 0.00, 0.33, 0.82, 0.00, 0.20, 0.30, 0.63, 0.10, 0.85, 0.00, 0.12, 0.03, 0.14, 0.00, 0.00, 0.00, 1.00, 0.00, 0.00, 1.00, 0.00, 0.00, 0.00, 1.00, 0.00, 0.00, 0.00, 0.00, 0.00, 0.00, 0.00, 0.00
878,  0,  14.617,  0.98,  1, 0.26, 0.13, 0.94, 0.11, 0.33, 0.93, 0.00, 0.12, 0.31, 0.74, 0.09, 0.91, 0.00, 0.12, 0.07, 0.14, 0.00, 0.00, 0.00, 1.00, 0.00, 0.00, 1.00, 0.00, 0.00, 0.00, 1.00, 0.00, 0.00, 0.00, 0.00, 0.00, 0.00, 0.00, 0.00
879,  0,  14.633,  0.98,  1, 0.11, 0.24, 0.99, 0.15, 0.29, 0.92, 0.00, 0.10, 0.27, 0.70, 0.03, 1.03, 0.00, 0.07, 0.03, 0.18, 0.00, 0.00, 1.00, 1.00, 0.00, 0.00, 1.00, 0.00, 0.00, 0.00, 1.00, 0.00, 0.00, 0.00, 0.00, 0.00, 0.00, 0.00, 0.00
880,  0,  14.650,  0.98,  1, 0.10, 0.18, 1.02, 0.27, 0.37, 1.19, 0.00, 0.18, 0.30, 0.70, 0.00, 1.06, 0.03, 0.05, 0.03, 0.08, 0.08, 0.00, 1.00, 1.00, 0.00, 0.00, 1.00, 0.00, 0.00, 0.00, 1.00, 0.00, 0.00, 0.00, 0.00, 0.00, 0.00, 0.00, 0.00
881,  0,  14.667,  0.98,  1, 0.22, 0.19, 0.99, 0.16, 0.44, 1.14, 0.00, 0.25, 0.32, 0.59, 0.05, 1.00, 0.03, 0.00, 0.00, 0.14, 0.27, 1.00, 1.00, 1.00, 0.00, 0.00, 1.00, 0.00, 0.00, 0.00, 1.00, 0.00, 0.00, 0.00, 0.00, 0.00, 0.00, 0.00, 0.00
882,  0,  14.683,  0.98,  1, 0.60, 0.33, 0.88, 0.12, 0.49, 1.04, 0.00, 0.38, 0.43, 0.53, 0.05, 0.92, 0.03, 0.00, 0.03, 0.20, 0.50, 1.00, 1.00, 1.00, 0.00, 0.00, 1.00, 0.00, 0.00, 0.00, 1.00, 0.00, 0.00, 0.00, 0.00, 0.00, 0.00, 0.00, 1.00
883,  0,  14.700,  0.98,  1, 0.86, 0.46, 0.77, 0.00, 0.39, 0.55, 0.00, 0.31, 0.42, 0.54, 0.05, 0.81, 0.00, 0.00, 0.06, 0.20, 0.57, 1.00, 1.00, 1.00, 0.00, 0.00, 1.00, 0.00, 0.00, 0.00, 1.00, 0.00, 0.00, 0.00, 0.00, 0.00, 0.00, 0.00, 1.00
884,  0,  14.717,  0.98,  1, 1.17, 0.68, 0.78, 0.00, 0.29, 0.64, 0.00, 0.29, 0.44, 0.45, 0.02, 0.96, 0.00, 0.00, 0.10, 0.24, 0.55, 1.00, 1.00, 1.00, 0.00, 0.00, 1.00, 0.00, 0.00, 0.00, 1.00, 0.00, 0.00, 0.00, 0.00, 0.00, 0.00, 0.00, 1.00
885,  0,  14.733,  0.98,  1, 1.06, 0.50, 0.91, 0.00, 0.30, 0.82, 0.00, 0.18, 0.33, 0.44, 0.12, 0.91, 0.00, 0.00, 0.07, 0.18, 0.40, 1.00, 1.00, 1.00, 0.00, 0.00, 1.00, 0.00, 0.00, 0.00, 1.00, 0.00, 0.00, 0.00, 0.00, 0.00, 0.00, 0.00, 1.00
886,  0,  14.750,  0.98,  1, 0.91, 0.29, 1.05, 0.00, 0.43, 1.14, 0.00, 0.17, 0.38, 0.56, 0.24, 1.12, 0.02, 0.00, 0.06, 0.25, 0.32, 1.00, 1.00, 1.00, 0.00, 0.00, 1.00, 0.00, 0.00, 0.00, 1.00, 0.00, 1.00, 0.00, 0.00, 0.00, 0.00, 0.00, 1.00
887,  0,  14.767,  0.98,  1, 0.59, 0.16, 1.07, 0.00, 0.59, 1.00, 0.00, 0.29, 0.32, 0.69, 0.22, 1.01, 0.02, 0.00, 0.02, 0.15, 0.35, 0.00, 1.00, 1.00, 0.00, 0.00, 1.00, 0.00, 0.00, 0.00, 1.00, 0.00, 1.00, 0.00, 0.00, 0.00, 0.00, 0.00, 1.00
888,  0,  14.783,  0.98,  1, 0.35, 0.26, 1.07, 0.00, 0.64, 0.99, 0.00, 0.40, 0.34, 0.85, 0.12, 1.08, 0.05, 0.00, 0.06, 0.09, 0.38, 0.00, 1.00, 1.00, 0.00, 0.00, 1.00, 0.00, 0.00, 0.00, 1.00, 0.00, 1.00, 0.00, 0.00, 0.00, 0.00, 0.00, 1.00
889,  0,  14.800,  0.98,  1, 0.27, 0.42, 1.02, 0.00, 0.64, 1.17, 0.00, 0.41, 0.31, 0.90, 0.06, 0.96, 0.03, 0.00, 0.15, 0.08, 0.43, 0.00, 1.00, 1.00, 0.00, 0.00, 1.00, 0.00, 0.00, 0.00, 1.00, 0.00, 0.00, 0.00, 0.00, 0.00, 0.00, 0.00, 1.00
890,  0,  14.817,  0.98,  1, 0.25, 0.52, 1.00, 0.00, 0.59, 1.19, 0.00, 0.28, 0.34, 0.97, 0.13, 1.09, 0.03, 0.00, 0.16, 0.14, 0.28, 0.00, 0.00, 1.00, 0.00, 0.00, 1.00, 0.00, 0.00, 0.00, 1.00, 0.00, 0.00, 0.00, 0.00, 0.00, 0.00, 0.00, 1.00
891,  0,  14.833,  0.98,  1, 0.31, 0.36, 1.00, 0.00, 0.51, 0.97, 0.00, 0.18, 0.29, 0.99, 0.16, 1.04, 0.00, 0.00, 0.13, 0.13, 0.23, 0.00, 1.00, 1.00, 0.00, 0.00, 0.00, 0.00, 0.00, 0.00, 1.00, 0.00, 0.00, 0.00, 0.00, 0.00, 0.00, 0.00, 1.00
892,  0,  14.850,  0.98,  1, 0.18, 0.20, 1.20, 0.00, 0.55, 0.90, 0.00, 0.17, 0.30, 0.81, 0.14, 1.04, 0.00, 0.00, 0.06, 0.13, 0.10, 0.00, 1.00, 1.00, 0.00, 0.00, 0.00, 0.00, 0.00, 0.00, 1.00, 0.00, 0.00, 0.00, 0.00, 0.00, 0.00, 0.00, 0.00
893,  0,  14.867,  0.98,  1, 0.11, 0.00, 1.20, 0.00, 0.45, 0.68, 0.00, 0.19, 0.27, 0.72, 0.09, 0.95, 0.00, 0.00, 0.05, 0.07, 0.06, 0.00, 1.00, 1.00, 0.00, 0.00, 0.00, 0.00, 0.00, 0.00, 1.00, 0.00, 0.00, 0.00, 0.00, 0.00, 0.00, 0.00, 0.00
894,  0,  14.883,  0.98,  1, 0.17, 0.01, 1.25, 0.00, 0.45, 0.92, 0.00, 0.18, 0.24, 0.68, 0.10, 0.97, 0.00, 0.00, 0.03, 0.07, 0.00, 0.00, 1.00, 1.00, 0.00, 0.00, 0.00, 0.00, 0.00, 0.00, 1.00, 0.00, 0.00, 0.00, 0.00, 0.00, 0.00, 0.00, 0.00
895,  0,  14.900,  0.98,  1, 0.38, 0.01, 1.09, 0.00, 0.32, 0.77, 0.00, 0.12, 0.18, 0.78, 0.06, 1.02, 0.00, 0.00, 0.00, 0.01, 0.00, 0.00, 1.00, 1.00, 0.00, 0.00, 0.00, 0.00, 0.00, 0.00, 1.00, 0.00, 0.00, 0.00, 0.00, 0.00, 0.00, 0.00, 0.00
896,  0,  14.917,  0.98,  1, 0.47, 0.13, 1.01, 0.00, 0.35, 0.96, 0.00, 0.22, 0.21, 0.78, 0.04, 1.10, 0.12, 0.01, 0.00, 0.01, 0.00, 0.00, 1.00, 1.00, 0.00, 0.00, 0.00, 0.00, 0.00, 0.00, 1.00, 0.00, 0.00, 0.00, 0.00, 0.00, 0.00, 0.00, 0.00
897,  0,  14.933,  0.98,  1, 0.59, 0.24, 0.99, 0.00, 0.39, 0.87, 0.00, 0.21, 0.28, 0.74, 0.00, 1.03, 0.12, 0.01, 0.01, 0.03, 0.00, 1.00, 1.00, 1.00, 0.00, 0.00, 0.00, 0.00, 0.00, 0.00, 1.00, 0.00, 0.00, 0.00, 0.00, 0.00, 0.00, 0.00, 0.00
898,  0,  14.950,  0.98,  1, 0.50, 0.27, 0.83, 0.00, 0.43, 0.84, 0.00, 0.30, 0.32, 0.72, 0.07, 1.03, 0.12, 0.05, 0.01, 0.09, 0.00, 1.00, 1.00, 1.00, 0.00, 0.00, 0.00, 0.00, 0.00, 0.00, 1.00, 0.00, 0.00, 0.00, 0.00, 0.00, 0.00, 0.00, 0.00
899,  0,  14.967,  0.98,  1, 0.54, 0.23, 1.00, 0.00, 0.42, 0.64, 0.00, 0.19, 0.23, 0.72, 0.07, 0.86, 0.00, 0.04, 0.01, 0.09, 0.00, 1.00, 1.00, 1.00, 0.00, 0.00, 0.00, 0.00, 0.00, 0.00, 1.00, 0.00, 0.00, 0.00, 0.00, 0.00, 0.00, 0.00, 0.00
900,  0,  14.983,  0.98,  1, 0.32, 0.17, 0.95, 0.00, 0.29, 0.50, 0.00, 0.25, 0.22, 0.79, 0.08, 0.82, 0.13, 0.04, 0.00, 0.06, 0.00, 1.00, 1.00, 1.00, 0.00, 0.00, 0.00, 0.00, 0.00, 0.00, 1.00, 0.00, 0.00, 0.00, 0.00, 0.00, 0.00, 0.00, 0.00
901,  0,  15.000,  0.98,  1, 0.34, 0.13, 1.17, 0.03, 0.29, 0.59, 0.00, 0.18, 0.24, 0.66, 0.01, 0.72, 0.13, 0.00, 0.10, 0.00, 0.00, 0.00, 1.00, 1.00, 0.00, 0.00, 0.00, 0.00, 0.00, 0.00, 1.00, 0.00, 0.00, 0.00, 0.00, 0.00, 0.00, 0.00, 0.00
902,  0,  15.017,  0.98,  1, 0.25, 0.12, 1.05, 0.03, 0.22, 0.58, 0.00, 0.15, 0.25, 0.71, 0.14, 0.88, 0.13, 0.02, 0.10, 0.01, 0.00, 0.00, 1.00, 1.00, 0.00, 0.00, 0.00, 0.00, 0.00, 0.00, 1.00, 0.00, 0.00, 0.00, 0.00, 0.00, 0.00, 0.00, 0.00
903,  0,  15.033,  0.98,  1, 0.20, 0.07, 0.89, 0.03, 0.28, 0.56, 0.00, 0.06, 0.28, 0.59, 0.13, 0.94, 0.00, 0.07, 0.10, 0.13, 0.00, 0.00, 1.00, 1.00, 0.00, 0.00, 0.00, 0.00, 0.00, 0.00, 1.00, 0.00, 0.00, 0.00, 0.00, 0.00, 0.00, 0.00, 0.00
904,  0,  15.050,  0.98,  1, 0.18, 0.21, 0.80, 0.03, 0.24, 0.53, 0.00, 0.09, 0.25, 0.74, 0.16, 1.02, 0.00, 0.10, 0.00, 0.18, 0.00, 0.00, 1.00, 1.00, 0.00, 0.00, 0.00, 0.00, 0.00, 0.00, 1.00, 0.00, 0.00, 0.00, 0.00, 0.00, 0.00, 0.00, 0.00
905,  0,  15.067,  0.98,  1, 0.20, 0.14, 0.93, 0.05, 0.37, 0.53, 0.00, 0.06, 0.31, 0.73, 0.09, 0.89, 0.05, 0.08, 0.00, 0.18, 0.00, 0.00, 1.00, 1.00, 0.00, 0.00, 0.00, 0.00, 0.00, 0.00, 1.00, 0.00, 0.00, 0.00, 0.00, 0.00, 0.00, 0.00, 0.00
906,  0,  15.083,  0.98,  1, 0.24, 0.17, 1.00, 0.05, 0.34, 0.62, 0.00, 0.21, 0.25, 0.84, 0.09, 0.91, 0.05, 0.03, 0.00, 0.05, 0.00, 0.00, 1.00, 1.00, 0.00, 0.00, 0.00, 0.00, 0.00, 0.00, 1.00, 0.00, 0.00, 0.00, 0.00, 0.00, 0.00, 0.00, 0.00
907,  0,  15.100,  0.98,  1, 0.14, 0.16, 1.06, 0.03, 0.29, 0.33, 0.00, 0.17, 0.22, 0.82, 0.10, 0.89, 0.05, 0.00, 0.04, 0.06, 0.00, 0.00, 1.00, 1.00, 0.00, 0.00, 1.00, 0.00, 0.00, 0.00, 1.00, 0.00, 0.00, 0.00, 0.00, 0.00, 0.00, 0.00, 0.00
908,  0,  15.117,  0.98,  1, 0.17, 0.16, 1.00, 0.00, 0.23, 0.59, 0.00, 0.28, 0.19, 0.92, 0.05, 0.86, 0.07, 0.01, 0.04, 0.10, 0.00, 0.00, 1.00, 1.00, 0.00, 0.00, 1.00, 0.00, 0.00, 0.00, 1.00, 0.00, 0.00, 0.00, 0.00, 0.00, 0.00, 0.00, 0.00
909,  0,  15.133,  0.98,  1, 0.26, 0.26, 1.20, 0.10, 0.30, 0.49, 0.00, 0.33, 0.24, 0.99, 0.05, 0.88, 0.07, 0.03, 0.04, 0.10, 0.00, 0.00, 1.00, 1.00, 0.00, 0.00, 1.00, 0.00, 0.00, 0.00, 1.00, 0.00, 0.00, 0.00, 0.00, 0.00, 0.00, 0.00, 0.00
910,  0,  15.150,  0.98,  1, 0.41, 0.18, 1.10, 0.10, 0.32, 0.62, 0.00, 0.32, 0.24, 0.98, 0.07, 0.95, 0.07, 0.04, 0.00, 0.07, 0.00, 0.00, 1.00, 1.00, 0.00, 0.00, 1.00, 0.00, 0.00, 0.00, 1.00, 0.00, 0.00, 0.00, 0.00, 0.00, 0.00, 0.00, 0.00
911,  0,  15.167,  0.98,  1, 0.41, 0.41, 1.08, 0.10, 0.31, 0.52, 0.00, 0.24, 0.19, 0.87, 0.17, 1.05, 0.00, 0.03, 0.02, 0.05, 0.00, 0.00, 1.00, 1.00, 0.00, 0.00, 1.00, 0.00, 0.00, 0.00, 1.00, 0.00, 0.00, 0.00, 0.00, 0.00, 0.00, 0.00, 0.00
912,  0,  15.183,  0.98,  1, 0.44, 0.28, 1.12, 0.00, 0.28, 0.47, 0.00, 0.15, 0.17, 0.76, 0.17, 0.99, 0.02, 0.00, 0.08, 0.14, 0.00, 0.00, 0.00, 1.00, 0.00, 0.00, 1.00, 0.00, 0.00, 0.00, 1.00, 0.00, 0.00, 0.00, 0.00, 0.00, 0.00, 0.00, 0.00
913,  0,  15.200,  0.98,  1, 0.33, 0.23, 1.21, 0.00, 0.35, 0.72, 0.00, 0.20, 0.19, 0.69, 0.11, 0.91, 0.02, 0.00, 0.08, 0.15, 0.00, 0.00, 0.00, 1.00, 0.00, 0.00, 1.00, 0.00, 0.00, 0.00, 1.00, 0.00, 0.00, 0.00, 0.00, 0.00, 0.00, 0.00, 0.00
914,  0,  15.217,  0.98,  1, 0.31, 0.00, 1.19, 0.01, 0.42, 0.70, 0.00, 0.17, 0.28, 0.73, 0.00, 0.72, 0.02, 0.00, 0.15, 0.13, 0.00, 0.00, 0.00, 1.00, 0.00, 0.00, 1.00, 0.00, 0.00, 0.00, 1.00, 0.00, 0.00, 0.00, 0.00, 0.00, 0.00, 0.00, 0.00
915,  0,  15.233,  0.98,  1, 0.16, 0.00, 0.95, 0.01, 0.44, 0.80, 0.00, 0.18, 0.32, 0.70, 0.02, 0.64, 0.00, 0.00, 0.09, 0.04, 0.00, 0.00, 0.00, 1.00, 0.00, 0.00, 1.00, 0.00, 0.00, 0.00, 1.00, 0.00, 0.00, 0.00, 0.00, 0.00, 0.00, 0.00, 0.00
916,  0,  15.250,  0.98,  1, 0.19, 0.00, 1.02, 0.01, 0.38, 0.57, 0.00, 0.14, 0.27, 0.79, 0.07, 0.77, 0.00, 0.01, 0.19, 0.04, 0.00, 0.00, 0.00, 1.00, 0.00, 0.00, 1.00, 0.00, 0.00, 0.00, 1.00, 0.00, 0.00, 0.00, 0.00, 0.00, 0.00, 0.00, 0.00
917,  0,  15.267,  0.98,  1, 0.12, 0.00, 1.01, 0.15, 0.29, 0.73, 0.00, 0.14, 0.21, 0.77, 0.07, 0.98, 0.00, 0.01, 0.11, 0.04, 0.00, 0.00, 0.00, 1.00, 0.00, 0.00, 1.00, 0.00, 0.00, 0.00, 1.00, 0.00, 0.00, 0.00, 0.00, 0.00, 0.00, 0.00, 0.00
918,  0,  15.283,  0.98,  1, 0.21, 0.07, 1.09, 0.15, 0.33, 0.72, 0.00, 0.03, 0.21, 0.78, 0.05, 1.07, 0.00, 0.07, 0.11, 0.07, 0.00, 0.00, 0.00, 1.00, 0.00, 0.00, 1.00, 0.00, 0.00, 0.00, 1.00, 0.00, 0.00, 0.00, 0.00, 0.00, 0.00, 0.00, 0.00
919,  0,  15.300,  0.98,  1, 0.27, 0.07, 1.00, 0.15, 0.35, 0.80, 0.00, 0.10, 0.28, 0.86, 0.01, 1.20, 0.00, 0.06, 0.06, 0.13, 0.00, 0.00, 0.00, 1.00, 0.00, 0.00, 1.00, 0.00, 0.00, 0.00, 1.00, 0.00, 1.00, 0.00, 0.00, 0.00, 0.00, 0.00, 0.00
920,  0,  15.317,  0.98,  1, 0.28, 0.07, 0.90, 0.08, 0.38, 0.47, 0.00, 0.10, 0.29, 0.86, 0.03, 1.11, 0.00, 0.08, 0.12, 0.15, 0.00, 0.00, 0.00, 1.00, 0.00, 0.00, 1.00, 0.00, 0.00, 0.00, 1.00, 0.00, 1.00, 0.00, 0.00, 0.00, 0.00, 0.00, 0.00
921,  0,  15.333,  0.98,  1, 0.27, 0.08, 0.95, 0.13, 0.29, 0.83, 0.00, 0.13, 0.22, 0.89, 0.03, 1.26, 0.00, 0.07, 0.12, 0.12, 0.00, 0.00, 0.00, 1.00, 0.00, 0.00, 1.00, 0.00, 0.00, 0.00, 1.00, 0.00, 0.00, 0.00, 0.00, 0.00, 0.00, 0.00, 0.00
922,  0,  15.350,  0.98,  1, 0.20, 0.09, 0.94, 0.28, 0.27, 0.74, 0.00, 0.09, 0.19, 0.81, 0.03, 1.07, 0.00, 0.10, 0.16, 0.04, 0.00, 0.00, 0.00, 1.00, 0.00, 0.00, 1.00, 0.00, 0.00, 0.00, 1.00, 0.00, 0.00, 0.00, 0.00, 0.00, 0.00, 0.00, 0.00
923,  0,  15.367,  0.98,  1, 0.38, 0.09, 1.11, 0.20, 0.28, 1.14, 0.00, 0.16, 0.19, 0.84, 0.01, 1.11, 0.00, 0.11, 0.11, 0.02, 0.00, 0.00, 0.00, 1.00, 0.00, 0.00, 1.00, 0.00, 0.00, 0.00, 1.00, 0.00, 0.00, 0.00, 0.00, 0.00, 0.00, 0.00, 0.00
924,  0,  15.383,  0.98,  1, 0.39, 0.01, 1.11, 0.15, 0.37, 1.05, 0.00, 0.14, 0.21, 0.87, 0.01, 0.96, 0.00, 0.07, 0.11, 0.02, 0.00, 0.00, 0.00, 1.00, 0.00, 0.00, 1.00, 0.00, 0.00, 0.00, 1.00, 0.00, 0.00, 0.00, 0.00, 0.00, 0.00, 0.00, 0.00
925,  0,  15.400,  0.98,  1, 0.39, 0.02, 1.09, 0.00, 0.54, 1.60, 0.00, 0.33, 0.29, 0.78, 0.10, 1.06, 0.00, 0.04, 0.00, 0.20, 0.04, 0.00, 1.00, 1.00, 0.00, 0.00, 1.00, 0.00, 0.00, 0.00, 1.00, 0.00, 0.00, 0.00, 0.00, 0.00, 0.00, 0.00, 0.00
926,  0,  15.417,  0.98,  1, 0.51, 0.15, 1.03, 0.00, 0.60, 1.47, 0.00, 0.29, 0.34, 0.75, 0.10, 1.04, 0.01, 0.00, 0.00, 0.20, 0.40, 1.00, 1.00, 1.00, 0.00, 0.00, 1.00, 0.00, 0.00, 0.00, 1.00, 0.00, 0.00, 0.00, 0.00, 0.00, 0.00, 0.00, 1.00
927,  0,  15.433,  0.98,  1, 0.87, 0.20, 0.93, 0.00, 0.48, 1.04, 0.00, 0.39, 0.46, 0.77, 0.10, 1.11, 0.05, 0.00, 0.00, 0.28, 0.74, 1.00, 1.00, 1.00, 0.00, 0.00, 1.00, 0.00, 0.00, 0.00, 1.00, 0.00, 0.00, 0.00, 0.00, 0.00, 0.00, 0.00, 1.00
928,  0,  15.450,  0.98,  1, 1.29, 0.24, 0.92, 0.00, 0.29, 0.54, 0.00, 0.25, 0.48, 0.92, 0.05, 0.98, 0.07, 0.00, 0.06, 0.10, 1.12, 1.00, 1.00, 1.00, 0.00, 0.00, 1.00, 0.00, 0.00, 0.00, 1.00, 0.00, 0.00, 0.00, 0.00, 0.00, 0.00, 0.00, 1.00
929,  0,  15.467,  0.98,  1, 1.33, 0.24, 1.01, 0.00, 0.31, 0.43, 0.00, 0.34, 0.52, 0.91, 0.05, 0.95, 0.14, 0.00, 0.06, 0.19, 0.93, 1.00, 1.00, 1.00, 0.00, 0.00, 1.00, 0.00, 0.00, 0.00, 1.00, 0.00, 0.00, 0.00, 0.00, 0.00, 0.00, 0.00, 1.00
930,  0,  15.483,  0.98,  1, 1.12, 0.32, 1.23, 0.00, 0.45, 0.68, 0.00, 0.29, 0.44, 0.91, 0.14, 0.92, 0.16, 0.00, 0.06, 0.11, 0.79, 1.00, 1.00, 1.00, 0.00, 0.00, 1.00, 0.00, 0.00, 0.00, 1.00, 0.00, 0.00, 0.00, 0.00, 0.00, 0.00, 0.00, 1.00
931,  0,  15.500,  0.98,  1, 0.80, 0.38, 1.22, 0.00, 0.55, 0.95, 0.00, 0.43, 0.40, 0.85, 0.20, 0.93, 0.14, 0.00, 0.02, 0.09, 0.42, 1.00, 1.00, 1.00, 0.00, 0.00, 0.00, 0.00, 0.00, 0.00, 1.00, 0.00, 0.00, 0.00, 0.00, 0.00, 0.00, 0.00, 1.00
932,  0,  15.517,  0.98,  1, 0.51, 0.29, 1.21, 0.00, 0.58, 1.19, 0.00, 0.40, 0.39, 0.89, 0.20, 0.99, 0.07, 0.00, 0.06, 0.05, 0.51, 0.00, 1.00, 1.00, 0.00, 0.00, 1.00, 0.00, 0.00, 0.00, 1.00, 0.00, 0.00, 0.00, 0.00, 0.00, 0.00, 0.00, 1.00
933,  0,  15.533,  0.98,  1, 0.33, 0.16, 1.17, 0.00, 0.55, 1.38, 0.00, 0.36, 0.38, 0.70, 0.19, 0.98, 0.00, 0.00, 0.21, 0.05, 0.43, 0.00, 1.00, 1.00, 0.00, 0.00, 1.00, 0.00, 0.00, 0.00, 1.00, 0.00, 0.00, 0.00, 0.00, 0.00, 0.00, 0.00, 1.00
934,  0,  15.550,  0.98,  1, 0.29, 0.18, 1.24, 0.00, 0.57, 1.32, 0.00, 0.17, 0.37, 0.67, 0.09, 1.00, 0.00, 0.00, 0.24, 0.04, 0.40, 0.00, 1.00, 1.00, 0.00, 0.00, 1.00, 0.00, 0.00, 0.00, 1.00, 0.00, 0.00, 0.00, 0.00, 0.00, 0.00, 0.00, 1.00
935,  0,  15.567,  0.98,  1, 0.26, 0.20, 1.20, 0.00, 0.49, 1.33, 0.00, 0.12, 0.35, 0.77, 0.12, 1.08, 0.00, 0.00, 0.20, 0.10, 0.19, 0.00, 1.00, 1.00, 0.00, 0.00, 1.00, 0.00, 0.00, 0.00, 1.00, 0.00, 0.00, 0.00, 0.00, 0.00, 0.00, 0.00, 0.00
936,  0,  15.583,  0.98,  1, 0.33, 0.26, 1.16, 0.00, 0.44, 1.05, 0.00, 0.17, 0.35, 0.91, 0.15, 1.04, 0.00, 0.01, 0.05, 0.15, 0.07, 0.00, 1.00, 1.00, 0.00, 0.00, 1.00, 0.00, 0.00, 0.00, 1.00, 0.00, 0.00, 0.00, 0.00, 0.00, 0.00, 0.00, 0.00
937,  0,  15.600,  0.98,  1, 0.28, 0.33, 1.18, 0.00, 0.42, 0.91, 0.00, 0.28, 0.38, 0.89, 0.21, 1.00, 0.00, 0.01, 0.00, 0.15, 0.05, 0.00, 1.00, 1.00, 0.00, 0.00, 1.00, 0.00, 0.00, 0.00, 1.00, 0.00, 0.00, 0.00, 0.00, 0.00, 0.00, 0.00, 0.00
938,  0,  15.617,  0.98,  1, 0.28, 0.27, 1.09, 0.00, 0.43, 0.77, 0.00, 0.39, 0.37, 0.89, 0.18, 0.86, 0.00, 0.01, 0.00, 0.08, 0.00, 0.00, 1.00, 1.00, 0.00, 0.00, 1.00, 0.00, 0.00, 0.00, 1.00, 0.00, 0.00, 0.00, 0.00, 0.00, 0.00, 0.00, 0.00
939,  0,  15.633,  0.98,  1, 0.18, 0.21, 0.96, 0.08, 0.44, 1.00, 0.00, 0.35, 0.35, 0.89, 0.07, 1.01, 0.00, 0.00, 0.09, 0.16, 0.00, 0.00, 1.00, 1.00, 0.00, 0.00, 1.00, 0.00, 0.00, 0.00, 1.00, 0.00, 0.00, 0.00, 0.00, 0.00, 0.00, 0.00, 0.00
940,  0,  15.650,  0.98,  1, 0.22, 0.21, 0.93, 0.08, 0.36, 0.95, 0.00, 0.21, 0.30, 0.79, 0.04, 1.05, 0.00, 0.00, 0.17, 0.25, 0.00, 0.00, 1.00, 1.00, 0.00, 0.00, 1.00, 0.00, 0.00, 0.00, 1.00, 0.00, 0.00, 0.00, 0.00, 0.00, 0.00, 0.00, 0.00
941,  0,  15.667,  0.98,  1, 0.24, 0.21, 1.02, 0.08, 0.34, 0.96, 0.00, 0.10, 0.24, 0.63, 0.20, 0.93, 0.00, 0.00, 0.20, 0.21, 0.00, 0.00, 1.00, 1.00, 0.00, 0.00, 1.00, 0.00, 0.00, 0.00, 1.00, 0.00, 0.00, 0.00, 0.00, 0.00, 0.00, 0.00, 0.00
942,  0,  15.683,  0.98,  1, 0.29, 0.21, 1.07, 0.04, 0.41, 0.89, 0.00, 0.09, 0.30, 0.66, 0.20, 0.90, 0.00, 0.02, 0.11, 0.16, 0.00, 0.00, 1.00, 1.00, 0.00, 0.00, 1.00, 0.00, 0.00, 0.00, 1.00, 0.00, 0.00, 0.00, 0.00, 0.00, 0.00, 0.00, 0.00
943,  0,  15.700,  0.98,  1, 0.20, 0.00, 1.00, 0.04, 0.37, 0.73, 0.00, 0.16, 0.29, 0.70, 0.38, 0.96, 0.00, 0.02, 0.03, 0.13, 0.00, 0.00, 0.00, 1.00, 0.00, 0.00, 1.00, 0.00, 0.00, 0.00, 1.00, 0.00, 0.00, 0.00, 0.00, 0.00, 0.00, 0.00, 0.00
944,  0,  15.717,  0.98,  1, 0.12, 0.00, 0.98, 0.15, 0.33, 0.71, 0.00, 0.24, 0.32, 0.73, 0.22, 1.15, 0.00, 0.08, 0.01, 0.24, 0.00, 0.00, 0.00, 1.00, 0.00, 0.00, 1.00, 0.00, 0.00, 0.00, 1.00, 0.00, 0.00, 0.00, 0.00, 0.00, 0.00, 0.00, 0.00
945,  0,  15.733,  0.98,  1, 0.05, 0.00, 1.01, 0.11, 0.29, 0.67, 0.00, 0.28, 0.28, 0.69, 0.22, 1.06, 0.00, 0.07, 0.01, 0.16, 0.00, 0.00, 0.00, 1.00, 0.00, 0.00, 1.00, 0.00, 0.00, 0.00, 1.00, 0.00, 0.00, 0.00, 0.00, 0.00, 0.00, 0.00, 0.00
946,  0,  15.750,  0.98,  1, 0.11, 0.00, 1.25, 0.11, 0.30, 0.68, 0.00, 0.20, 0.26, 0.84, 0.00, 0.95, 0.00, 0.07, 0.01, 0.11, 0.00, 0.00, 0.00, 1.00, 0.00, 0.00, 1.00, 0.00, 0.00, 0.00, 1.00, 0.00, 0.00, 0.00, 0.00, 0.00, 0.00, 0.00, 0.00
947,  0,  15.767,  0.98,  1, 0.31, 0.16, 1.30, 0.00, 0.34, 0.62, 0.00, 0.19, 0.28, 0.96, 0.00, 0.87, 0.00, 0.02, 0.14, 0.04, 0.00, 0.00, 0.00, 1.00, 0.00, 0.00, 1.00, 0.00, 0.00, 0.00, 1.00, 0.00, 0.00, 0.00, 0.00, 0.00, 0.00, 0.00, 0.00
948,  0,  15.783,  0.98,  1, 0.40, 0.23, 1.27, 0.00, 0.31, 0.56, 0.00, 0.12, 0.28, 0.95, 0.09, 0.94, 0.00, 0.03, 0.14, 0.04, 0.00, 0.00, 1.00, 1.00, 0.00, 0.00, 1.00, 0.00, 0.00, 0.00, 1.00, 0.00, 0.00, 0.00, 0.00, 0.00, 0.00, 0.00, 0.00
949,  0,  15.800,  0.98,  1, 0.47, 0.23, 1.08, 0.00, 0.33, 0.52, 0.00, 0.26, 0.26, 0.84, 0.17, 1.04, 0.01, 0.06, 0.14, 0.06, 0.00, 0.00, 0.00, 1.00, 0.00, 0.00, 1.00, 0.00, 0.00, 0.00, 1.00, 0.00, 0.00, 0.00, 0.00, 0.00, 0.00, 0.00, 0.00
950,  0,  15.817,  0.98,  1, 0.43, 0.08, 1.06, 0.00, 0.36, 0.62, 0.00, 0.22, 0.28, 0.71, 0.21, 1.09, 0.01, 0.05, 0.00, 0.02, 0.00, 0.00, 1.00, 1.00, 0.00, 0.00, 1.00, 0.00, 0.00, 0.00, 1.00, 0.00, 0.00, 0.00, 0.00, 0.00, 0.00, 0.00, 0.00
951,  0,  15.833,  0.98,  1, 0.37, 0.02, 1.08, 0.01, 0.40, 0.83, 0.00, 0.29, 0.23, 0.57, 0.13, 1.11, 0.01, 0.07, 0.00, 0.12, 0.00, 0.00, 1.00, 1.00, 0.00, 0.00, 1.00, 0.00, 0.00, 0.00, 1.00, 0.00, 0.00, 0.00, 0.00, 0.00, 0.00, 0.00, 0.00
952,  0,  15.850,  0.98,  1, 0.22, 0.02, 1.01, 0.01, 0.40, 0.90, 0.00, 0.26, 0.29, 0.52, 0.05, 0.98, 0.02, 0.03, 0.12, 0.21, 0.00, 0.00, 1.00, 1.00, 0.00, 0.00, 1.00, 0.00, 0.00, 0.00, 1.00, 0.00, 0.00, 0.00, 0.00, 0.00, 0.00, 0.00, 0.00
953,  0,  15.867,  0.98,  1, 0.12, 0.02, 1.01, 0.01, 0.35, 0.92, 0.00, 0.19, 0.22, 0.58, 0.08, 1.02, 0.02, 0.03, 0.12, 0.25, 0.00, 0.00, 1.00, 1.00, 0.00, 0.00, 1.00, 0.00, 0.00, 0.00, 1.00, 0.00, 0.00, 0.00, 0.00, 0.00, 0.00, 0.00, 0.00
954,  0,  15.883,  0.98,  1, 0.07, 0.02, 0.97, 0.00, 0.30, 0.65, 0.00, 0.17, 0.28, 0.76, 0.07, 0.97, 0.02, 0.00, 0.14, 0.17, 0.00, 0.00, 1.00, 1.00, 0.00, 0.00, 1.00, 0.00, 0.00, 0.00, 1.00, 0.00, 0.00, 0.00, 0.00, 0.00, 0.00, 0.00, 0.00
955,  0,  15.900,  0.98,  1, 0.17, 0.26, 1.05, 0.00, 0.30, 0.90, 0.00, 0.09, 0.28, 0.89, 0.07, 1.06, 0.00, 0.02, 0.02, 0.10, 0.00, 0.00, 1.00, 1.00, 0.00, 0.00, 1.00, 0.00, 0.00, 0.00, 1.00, 0.00, 0.00, 0.00, 0.00, 0.00, 0.00, 0.00, 0.00
956,  0,  15.917,  0.98,  1, 0.24, 0.37, 0.94, 0.00, 0.30, 0.58, 0.00, 0.12, 0.29, 0.83, 0.00, 1.05, 0.00, 0.02, 0.07, 0.16, 0.00, 0.00, 1.00, 1.00, 0.00, 0.00, 0.00, 0.00, 0.00, 0.00, 1.00, 0.00, 0.00, 0.00, 0.00, 0.00, 0.00, 0.00, 0.00
957,  0,  15.933,  0.98,  1, 0.31, 0.39, 0.94, 0.00, 0.31, 0.71, 0.00, 0.07, 0.24, 0.74, 0.00, 1.01, 0.00, 0.02, 0.08, 0.21, 0.00, 0.00, 1.00, 1.00, 0.00, 0.00, 0.00, 0.00, 0.00, 0.00, 1.00, 0.00, 0.00, 0.00, 0.00, 0.00, 0.00, 0.00, 0.00
958,  0,  15.950,  0.98,  1, 0.32, 0.16, 0.89, 0.04, 0.31, 0.60, 0.00, 0.04, 0.21, 0.63, 0.07, 1.08, 0.00, 0.04, 0.10, 0.41, 0.00, 0.00, 1.00, 1.00, 0.00, 0.00, 0.00, 0.00, 0.00, 0.00, 1.00, 0.00, 0.00, 0.00, 0.00, 0.00, 0.00, 0.00, 0.00
959,  0,  15.967,  0.98,  1, 0.26, 0.05, 0.96, 0.04, 0.29, 0.93, 0.00, 0.01, 0.23, 0.58, 0.07, 1.04, 0.04, 0.05, 0.06, 0.35, 0.00, 0.00, 1.00, 1.00, 0.00, 0.00, 1.00, 0.00, 0.00, 0.00, 1.00, 0.00, 0.00, 0.00, 0.00, 0.00, 0.00, 0.00, 0.00
960,  0,  15.983,  0.98,  1, 0.21, 0.02, 0.98, 0.07, 0.26, 0.93, 0.00, 0.09, 0.27, 0.68, 0.07, 1.07, 0.04, 0.10, 0.03, 0.39, 0.00, 0.00, 1.00, 1.00, 0.00, 0.00, 1.00, 0.00, 0.00, 0.00, 1.00, 0.00, 0.00, 0.00, 0.00, 0.00, 0.00, 0.00, 0.00
961,  0,  16.000,  0.98,  1, 0.11, 0.02, 0.92, 0.03, 0.29, 0.95, 0.00, 0.09, 0.24, 0.62, 0.00, 0.97, 0.04, 0.09, 0.03, 0.17, 0.00, 0.00, 1.00, 1.00, 0.00, 0.00, 1.00, 0.00, 0.00, 0.00, 1.00, 0.00, 0.00, 0.00, 0.00, 0.00, 0.00, 0.00, 0.00
962,  0,  16.017,  0.98,  1, 0.07, 0.00, 0.81, 0.07, 0.27, 0.70, 0.00, 0.12, 0.21, 0.65, 0.07, 0.88, 0.00, 0.12, 0.09, 0.19, 0.00, 0.00, 1.00, 1.00, 0.00, 0.00, 1.00, 0.00, 0.00, 0.00, 1.00, 0.00, 0.00, 0.00, 0.00, 0.00, 0.00, 0.00, 0.00
963,  0,  16.033,  0.98,  1, 0.10, 0.02, 0.76, 0.04, 0.29, 0.59, 0.00, 0.10, 0.18, 0.70, 0.11, 0.89, 0.03, 0.08, 0.14, 0.14, 0.00, 0.00, 1.00, 1.00, 0.00, 0.00, 1.00, 0.00, 0.00, 0.00, 1.00, 0.00, 0.00, 0.00, 0.00, 0.00, 0.00, 0.00, 0.00
964,  0,  16.050,  0.98,  1, 0.24, 0.14, 0.84, 0.04, 0.26, 0.55, 0.00, 0.19, 0.20, 0.76, 0.11, 0.91, 0.03, 0.09, 0.12, 0.18, 0.00, 0.00, 0.00, 1.00, 0.00, 0.00, 1.00, 0.00, 0.00, 0.00, 1.00, 0.00, 0.00, 0.00, 0.00, 0.00, 0.00, 0.00, 0.00
965,  0,  16.067,  0.98,  1, 0.36, 0.24, 0.89, 0.19, 0.31, 0.75, 0.00, 0.19, 0.21, 0.78, 0.04, 0.93, 0.03, 0.07, 0.07, 0.21, 0.00, 0.00, 1.00, 1.00, 0.00, 0.00, 1.00, 0.00, 0.00, 0.00, 1.00, 0.00, 0.00, 0.00, 0.00, 0.00, 0.00, 0.00, 0.00
966,  0,  16.083,  0.98,  1, 0.37, 0.25, 0.91, 0.25, 0.34, 0.77, 0.00, 0.13, 0.21, 0.64, 0.13, 0.89, 0.00, 0.06, 0.00, 0.20, 0.00, 0.00, 1.00, 1.00, 0.00, 0.00, 1.00, 0.00, 0.00, 0.00, 1.00, 0.00, 0.00, 0.00, 0.00, 0.00, 0.00, 0.00, 0.00
967,  0,  16.100,  0.98,  1, 0.28, 0.19, 0.87, 0.25, 0.37, 0.77, 0.00, 0.07, 0.24, 0.79, 0.14, 0.98, 0.00, 0.05, 0.03, 0.18, 0.00, 0.00, 1.00, 1.00, 0.00, 0.00, 1.00, 0.00, 0.00, 0.00, 1.00, 0.00, 0.00, 0.00, 0.00, 0.00, 0.00, 0.00, 0.00
968,  0,  16.117,  0.98,  1, 0.23, 0.11, 0.94, 0.07, 0.35, 0.86, 0.00, 0.07, 0.26, 0.78, 0.20, 1.09, 0.00, 0.10, 0.03, 0.09, 0.00, 0.00, 1.00, 1.00, 0.00, 0.00, 1.00, 0.00, 0.00, 0.00, 1.00, 0.00, 0.00, 0.00, 0.00, 0.00, 0.00, 0.00, 0.00
969,  0,  16.133,  0.98,  1, 0.16, 0.10, 0.96, 0.05, 0.32, 0.87, 0.00, 0.09, 0.26, 0.80, 0.07, 1.16, 0.00, 0.10, 0.03, 0.16, 0.00, 0.00, 1.00, 1.00, 0.00, 0.00, 1.00, 0.00, 0.00, 0.00, 1.00, 0.00, 0.00, 0.00, 0.00, 0.00, 0.00, 0.00, 0.00
970,  0,  16.150,  0.98,  1, 0.11, 0.15, 0.93, 0.05, 0.38, 0.91, 0.00, 0.16, 0.27, 0.67, 0.10, 1.14, 0.00, 0.06, 0.00, 0.20, 0.00, 0.00, 1.00, 1.00, 0.00, 0.00, 1.00, 0.00, 0.00, 0.00, 1.00, 0.00, 0.00, 0.00, 0.00, 0.00, 0.00, 0.00, 0.00
971,  0,  16.167,  0.98,  1, 0.15, 0.33, 0.92, 0.05, 0.58, 0.84, 0.00, 0.31, 0.26, 0.69, 0.10, 1.12, 0.02, 0.00, 0.00, 0.33, 0.16, 0.00, 1.00, 1.00, 0.00, 0.00, 1.00, 0.00, 0.00, 0.00, 1.00, 0.00, 0.00, 0.00, 0.00, 0.00, 0.00, 0.00, 0.00
972,  0,  16.183,  0.98,  1, 0.17, 0.31, 0.96, 0.00, 0.64, 0.84, 0.00, 0.35, 0.29, 0.75, 0.14, 1.08, 0.02, 0.00, 0.02, 0.25, 0.29, 0.00, 1.00, 1.00, 0.00, 0.00, 1.00, 0.00, 0.00, 0.00, 1.00, 0.00, 0.00, 0.00, 0.00, 0.00, 0.00, 0.00, 1.00
973,  0,  16.200,  0.98,  1, 0.29, 0.43, 1.24, 0.00, 0.72, 1.27, 0.00, 0.39, 0.32, 0.74, 0.10, 1.05, 0.02, 0.00, 0.08, 0.36, 0.42, 0.00, 1.00, 1.00, 0.00, 0.00, 1.00, 0.00, 0.00, 0.00, 1.00, 0.00, 0.00, 0.00, 0.00, 0.00, 0.00, 0.00, 1.00
974,  0,  16.217,  0.98,  1, 0.37, 0.37, 1.27, 0.00, 0.75, 1.53, 0.00, 0.31, 0.36, 0.78, 0.10, 1.07, 0.00, 0.00, 0.10, 0.35, 0.28, 0.00, 1.00, 1.00, 0.00, 0.00, 1.00, 0.00, 0.00, 0.00, 1.00, 0.00, 0.00, 0.00, 0.00, 0.00, 0.00, 0.00, 1.00
975,  0,  16.233,  0.98,  1, 0.75, 0.52, 1.30, 0.00, 0.82, 1.55, 0.00, 0.35, 0.36, 0.71, 0.12, 1.05, 0.00, 0.00, 0.16, 0.49, 0.25, 1.00, 1.00, 1.00, 0.00, 0.00, 1.00, 0.00, 0.00, 0.00, 1.00, 0.00, 0.00, 0.00, 0.00, 0.00, 0.00, 0.00, 1.00
976,  0,  16.250,  0.98,  1, 0.96, 0.29, 1.03, 0.00, 0.75, 0.96, 0.00, 0.34, 0.36, 0.59, 0.13, 1.02, 0.07, 0.00, 0.10, 0.34, 0.33, 1.00, 1.00, 0.00, 0.00, 0.00, 1.00, 0.00, 0.00, 0.00, 1.00, 0.00, 0.00, 0.00, 0.00, 0.00, 0.00, 0.00, 1.00
977,  0,  16.267,  0.98,  1, 1.31, 0.42, 0.92, 0.00, 0.62, 0.62, 0.00, 0.31, 0.34, 0.48, 0.08, 0.89, 0.07, 0.00, 0.13, 0.27, 0.62, 1.00, 1.00, 0.00, 0.00, 0.00, 1.00, 0.00, 0.00, 0.00, 1.00, 0.00, 0.00, 0.00, 0.00, 0.00, 0.00, 0.00, 1.00
978,  0,  16.283,  0.98,  1, 1.45, 0.63, 0.84, 0.00, 0.44, 0.37, 0.00, 0.27, 0.39, 0.63, 0.11, 0.99, 0.07, 0.00, 0.05, 0.07, 0.86, 1.00, 1.00, 0.00, 0.00, 0.00, 1.00, 0.00, 0.00, 0.00, 1.00, 0.00, 0.00, 0.00, 0.00, 0.00, 0.00, 0.00, 1.00
979,  0,  16.300,  0.98,  1, 1.43, 0.65, 0.86, 0.00, 0.33, 0.47, 0.00, 0.22, 0.41, 0.74, 0.27, 0.94, 0.00, 0.00, 0.07, 0.06, 0.82, 1.00, 1.00, 0.00, 0.00, 0.00, 1.00, 0.00, 0.00, 0.00, 1.00, 0.00, 0.00, 0.00, 0.00, 0.00, 0.00, 0.00, 1.00
980,  0,  16.317,  0.98,  1, 1.07, 0.46, 0.96, 0.00, 0.32, 0.50, 0.00, 0.24, 0.38, 0.79, 0.35, 1.07, 0.00, 0.00, 0.02, 0.03, 0.71, 1.00, 1.00, 0.00, 0.00, 0.00, 1.00, 0.00, 0.00, 0.00, 1.00, 0.00, 0.00, 0.00, 0.00, 0.00, 0.00, 0.00, 1.00
981,  0,  16.333,  0.98,  1, 0.74, 0.11, 1.01, 0.01, 0.50, 0.78, 0.00, 0.32, 0.41, 0.70, 0.33, 0.88, 0.00, 0.00, 0.09, 0.06, 0.63, 1.00, 1.00, 1.00, 0.00, 0.00, 1.00, 0.00, 0.00, 0.00, 1.00, 0.00, 0.00, 0.00, 0.00, 0.00, 0.00, 0.00, 1.00
982,  0,  16.350,  0.98,  1, 0.55, 0.11, 1.05, 0.01, 0.59, 0.87, 0.00, 0.33, 0.39, 0.86, 0.24, 0.96, 0.00, 0.00, 0.07, 0.17, 0.64, 1.00, 1.00, 1.00, 0.00, 0.00, 1.00, 0.00, 0.00, 0.00, 1.00, 0.00, 0.00, 0.00, 0.00, 0.00, 0.00, 0.00, 1.00
983,  0,  16.367,  0.98,  1, 0.50, 0.02, 1.12, 0.01, 0.59, 1.01, 0.00, 0.30, 0.38, 0.84, 0.16, 0.85, 0.00, 0.00, 0.07, 0.27, 0.49, 0.00, 1.00, 1.00, 0.00, 0.00, 1.00, 0.00, 0.00, 0.00, 1.00, 0.00, 0.00, 0.00, 0.00, 0.00, 0.00, 0.00, 1.00
984,  0,  16.383,  0.98,  1, 0.46, 0.11, 1.25, 0.00, 0.58, 1.26, 0.00, 0.37, 0.27, 0.92, 0.31, 0.98, 0.06, 0.00, 0.00, 0.38, 0.27, 0.00, 1.00, 1.00, 0.00, 0.00, 1.00, 0.00, 0.00, 0.00, 1.00, 0.00, 0.00, 0.00, 0.00, 0.00, 0.00, 0.00, 1.00
985,  0,  16.400,  0.98,  1, 0.42, 0.23, 1.35, 0.00, 0.59, 1.41, 0.00, 0.36, 0.25, 0.90, 0.28, 0.88, 0.06, 0.00, 0.11, 0.30, 0.08, 0.00, 0.00, 1.00, 0.00, 0.00, 1.00, 0.00, 0.00, 0.00, 1.00, 0.00, 0.00, 0.00, 0.00, 0.00, 0.00, 0.00, 1.00
986,  0,  16.417,  0.98,  1, 0.35, 0.23, 1.33, 0.00, 0.61, 1.27, 0.00, 0.32, 0.26, 1.00, 0.29, 0.86, 0.06, 0.00, 0.11, 0.17, 0.04, 0.00, 0.00, 1.00, 0.00, 0.00, 1.00, 0.00, 0.00, 0.00, 1.00, 0.00, 0.00, 0.00, 0.00, 0.00, 0.00, 0.00, 1.00
987,  0,  16.433,  0.98,  1, 0.25, 0.14, 1.25, 0.00, 0.52, 1.03, 0.00, 0.23, 0.32, 0.83, 0.14, 0.72, 0.00, 0.00, 0.11, 0.07, 0.01, 0.00, 0.00, 1.00, 0.00, 0.00, 1.00, 0.00, 0.00, 0.00, 1.00, 0.00, 0.00, 0.00, 0.00, 0.00, 0.00, 0.00, 0.00
988,  0,  16.450,  0.98,  1, 0.20, 0.08, 1.18, 0.00, 0.41, 0.90, 0.00, 0.21, 0.28, 0.77, 0.09, 0.71, 0.00, 0.00, 0.00, 0.04, 0.01, 0.00, 1.00, 1.00, 0.00, 0.00, 1.00, 0.00, 0.00, 0.00, 1.00, 0.00, 0.00, 0.00, 0.00, 0.00, 0.00, 0.00, 0.00
989,  0,  16.467,  0.98,  1, 0.16, 0.14, 1.06, 0.00, 0.35, 0.78, 0.00, 0.38, 0.33, 0.59, 0.09, 0.85, 0.11, 0.00, 0.00, 0.05, 0.00, 0.00, 1.00, 1.00, 0.00, 0.00, 1.00, 0.00, 0.00, 0.00, 1.00, 0.00, 0.00, 0.00, 0.00, 0.00, 0.00, 0.00, 0.00
990,  0,  16.483,  0.98,  1, 0.25, 0.14, 0.98, 0.00, 0.37, 0.89, 0.00, 0.27, 0.28, 0.63, 0.00, 1.09, 0.11, 0.04, 0.00, 0.15, 0.00, 0.00, 1.00, 1.00, 0.00, 0.00, 1.00, 0.00, 0.00, 0.00, 1.00, 0.00, 0.00, 0.00, 0.00, 0.00, 0.00, 0.00, 0.00
991,  0,  16.500,  0.98,  1, 0.35, 0.10, 0.91, 0.11, 0.40, 0.94, 0.00, 0.20, 0.26, 0.64, 0.14, 1.17, 0.12, 0.06, 0.00, 0.15, 0.00, 0.00, 1.00, 1.00, 0.00, 0.00, 1.00, 0.00, 0.00, 0.00, 1.00, 0.00, 0.00, 0.00, 0.00, 0.00, 0.00, 0.00, 0.00
992,  0,  16.517,  0.98,  1, 0.32, 0.07, 0.93, 0.11, 0.32, 0.78, 0.00, 0.13, 0.25, 0.75, 0.14, 1.14, 0.01, 0.08, 0.08, 0.26, 0.00, 0.00, 1.00, 1.00, 0.00, 0.00, 1.00, 0.00, 0.00, 0.00, 1.00, 0.00, 0.00, 0.00, 0.00, 0.00, 0.00, 0.00, 0.00
993,  0,  16.533,  0.98,  1, 0.28, 0.09, 0.85, 0.11, 0.30, 0.60, 0.00, 0.20, 0.26, 0.75, 0.15, 1.00, 0.01, 0.03, 0.07, 0.12, 0.00, 0.00, 1.00, 1.00, 0.00, 0.00, 1.00, 0.00, 0.00, 0.00, 1.00, 0.00, 0.00, 0.00, 0.00, 0.00, 0.00, 0.00, 0.00
994,  0,  16.550,  0.98,  1, 0.22, 0.05, 1.00, 0.00, 0.30, 0.60, 0.00, 0.27, 0.26, 0.75, 0.06, 0.97, 0.00, 0.02, 0.07, 0.18, 0.00, 0.00, 1.00, 1.00, 0.00, 0.00, 1.00, 0.00, 0.00, 0.00, 1.00, 0.00, 0.00, 0.00, 0.00, 0.00, 0.00, 0.00, 0.00
995,  0,  16.567,  0.98,  1, 0.22, 0.11, 0.96, 0.00, 0.31, 0.96, 0.00, 0.23, 0.23, 0.70, 0.15, 0.89, 0.00, 0.05, 0.07, 0.15, 0.00, 0.00, 1.00, 1.00, 0.00, 0.00, 1.00, 0.00, 0.00, 0.00, 1.00, 0.00, 0.00, 0.00, 0.00, 0.00, 0.00, 0.00, 0.00
996,  0,  16.583,  0.98,  1, 0.21, 0.08, 1.13, 0.00, 0.29, 0.98, 0.00, 0.29, 0.26, 0.70, 0.19, 0.89, 0.00, 0.08, 0.07, 0.17, 0.00, 0.00, 1.00, 1.00, 0.00, 0.00, 1.00, 0.00, 0.00, 0.00, 1.00, 0.00, 0.00, 0.00, 0.00, 0.00, 0.00, 0.00, 0.00
997,  0,  16.600,  0.98,  1, 0.24, 0.08, 1.10, 0.18, 0.32, 0.81, 0.00, 0.31, 0.23, 0.61, 0.19, 0.88, 0.00, 0.07, 0.16, 0.14, 0.00, 0.00, 1.00, 1.00, 0.00, 0.00, 1.00, 0.00, 0.00, 0.00, 1.00, 0.00, 0.00, 0.00, 0.00, 0.00, 0.00, 0.00, 0.00
998,  0,  16.617,  0.98,  1, 0.24, 0.09, 1.07, 0.18, 0.29, 0.72, 0.00, 0.30, 0.27, 0.71, 0.11, 1.06, 0.00, 0.03, 0.12, 0.05, 0.00, 0.00, 1.00, 1.00, 0.00, 0.00, 1.00, 0.00, 0.00, 0.00, 1.00, 0.00, 0.00, 0.00, 0.00, 0.00, 0.00, 0.00, 0.00
999,  0,  16.633,  0.98,  1, 0.31, 0.31, 1.09, 0.18, 0.38, 0.91, 0.00, 0.23, 0.20, 0.73, 0.15, 1.10, 0.00, 0.00, 0.21, 0.03, 0.00, 0.00, 1.00, 1.00, 0.00, 0.00, 1.00, 0.00, 0.00, 0.00, 1.00, 0.00, 0.00, 0.00, 0.00, 0.00, 0.00, 0.00, 0.00
1000,  0,  16.650,  0.98,  1, 0.31, 0.31, 1.08, 0.23, 0.33, 1.14, 0.00, 0.25, 0.24, 0.77, 0.21, 1.08, 0.00, 0.00, 0.12, 0.00, 0.00, 0.00, 1.00, 1.00, 0.00, 0.00, 0.00, 0.00, 0.00, 0.00, 1.00, 0.00, 0.00, 0.00, 0.00, 0.00, 0.00, 0.00, 0.00
1001,  0,  16.667,  0.98,  1, 0.27, 0.21, 1.09, 0.23, 0.41, 1.09, 0.00, 0.33, 0.21, 0.64, 0.21, 0.91, 0.03, 0.01, 0.10, 0.04, 0.00, 0.00, 1.00, 1.00, 0.00, 0.00, 0.00, 0.00, 0.00, 0.00, 1.00, 0.00, 0.00, 0.00, 0.00, 0.00, 0.00, 0.00, 0.00
1002,  0,  16.683,  0.98,  1, 0.08, 0.00, 0.95, 0.23, 0.32, 0.92, 0.00, 0.26, 0.26, 0.73, 0.18, 0.86, 0.03, 0.05, 0.09, 0.04, 0.00, 0.00, 1.00, 1.00, 0.00, 0.00, 1.00, 0.00, 0.00, 0.00, 1.00, 0.00, 0.00, 0.00, 0.00, 0.00, 0.00, 0.00, 0.00
1003,  0,  16.700,  0.98,  1, 0.09, 0.00, 0.97, 0.00, 0.29, 0.61, 0.00, 0.15, 0.20, 0.81, 0.14, 0.93, 0.03, 0.08, 0.20, 0.08, 0.00, 0.00, 0.00, 1.00, 0.00, 0.00, 1.00, 0.00, 0.00, 0.00, 1.00, 0.00, 0.00, 0.00, 0.00, 0.00, 0.00, 0.00, 0.00
1004,  0,  16.717,  0.98,  1, 0.23, 0.09, 0.95, 0.20, 0.24, 0.70, 0.00, 0.03, 0.19, 0.90, 0.14, 0.98, 0.00, 0.13, 0.19, 0.20, 0.00, 0.00, 0.00, 1.00, 0.00, 0.00, 1.00, 0.00, 0.00, 0.00, 1.00, 0.00, 0.00, 0.00, 0.00, 0.00, 0.00, 0.00, 0.00
1005,  0,  16.733,  0.98,  1, 0.23, 0.09, 0.96, 0.20, 0.25, 0.84, 0.00, 0.05, 0.16, 0.86, 0.07, 1.07, 0.05, 0.12, 0.21, 0.32, 0.00, 0.00, 0.00, 1.00, 0.00, 0.00, 1.00, 0.00, 0.00, 0.00, 1.00, 0.00, 0.00, 0.00, 0.00, 0.00, 0.00, 0.00, 0.00
1006,  0,  16.750,  0.98,  1, 0.28, 0.26, 1.04, 0.36, 0.29, 1.08, 0.00, 0.06, 0.17, 0.83, 0.00, 1.15, 0.05, 0.13, 0.12, 0.29, 0.00, 0.00, 0.00, 1.00, 0.00, 0.00, 1.00, 0.00, 0.00, 0.00, 1.00, 0.00, 0.00, 0.00, 0.00, 0.00, 0.00, 0.00, 0.00
1007,  0,  16.767,  0.98,  1, 0.21, 0.17, 1.08, 0.33, 0.30, 0.94, 0.00, 0.08, 0.19, 0.80, 0.00, 1.06, 0.08, 0.06, 0.15, 0.13, 0.00, 0.00, 0.00, 1.00, 0.00, 0.00, 1.00, 0.00, 0.00, 0.00, 1.00, 0.00, 0.00, 0.00, 0.00, 0.00, 0.00, 0.00, 0.00
1008,  0,  16.783,  0.98,  1, 0.29, 0.17, 1.13, 0.33, 0.36, 0.91, 0.00, 0.17, 0.23, 0.83, 0.09, 0.95, 0.04, 0.07, 0.05, 0.10, 0.00, 0.00, 0.00, 1.00, 0.00, 0.00, 1.00, 0.00, 0.00, 0.00, 1.00, 0.00, 0.00, 0.00, 0.00, 0.00, 0.00, 0.00, 0.00
1009,  0,  16.800,  0.98,  1, 0.19, 0.00, 1.00, 0.17, 0.31, 0.78, 0.00, 0.21, 0.30, 0.87, 0.09, 0.80, 0.04, 0.03, 0.03, 0.10, 0.00, 0.00, 0.00, 1.00, 0.00, 0.00, 1.00, 0.00, 0.00, 0.00, 1.00, 0.00, 1.00, 0.00, 0.00, 0.00, 0.00, 0.00, 0.00
1010,  0,  16.817,  0.98,  1, 0.20, 0.00, 1.07, 0.00, 0.29, 0.90, 0.00, 0.23, 0.31, 0.97, 0.11, 1.01, 0.06, 0.07, 0.00, 0.11, 0.00, 0.00, 0.00, 1.00, 0.00, 0.00, 1.00, 0.00, 0.00, 0.00, 1.00, 0.00, 0.00, 0.00, 0.00, 0.00, 0.00, 0.00, 0.00
1011,  0,  16.833,  0.98,  1, 0.29, 0.00, 1.23, 0.00, 0.20, 0.98, 0.00, 0.23, 0.30, 1.04, 0.05, 1.14, 0.06, 0.05, 0.00, 0.04, 0.00, 0.00, 0.00, 1.00, 0.00, 0.00, 0.00, 0.00, 0.00, 0.00, 1.00, 0.00, 0.00, 0.00, 0.00, 0.00, 0.00, 0.00, 0.00
1012,  0,  16.850,  0.98,  1, 0.25, 0.06, 1.08, 0.03, 0.23, 0.97, 0.00, 0.24, 0.30, 0.91, 0.05, 1.20, 0.06, 0.06, 0.00, 0.03, 0.00, 0.00, 0.00, 1.00, 0.00, 0.00, 1.00, 0.00, 0.00, 0.00, 1.00, 0.00, 0.00, 0.00, 0.00, 0.00, 0.00, 0.00, 0.00
1013,  0,  16.867,  0.98,  1, 0.34, 0.19, 1.05, 0.08, 0.27, 0.70, 0.00, 0.36, 0.22, 0.82, 0.06, 1.04, 0.00, 0.04, 0.03, 0.02, 0.00, 0.00, 1.00, 1.00, 0.00, 0.00, 0.00, 0.00, 0.00, 0.00, 1.00, 0.00, 0.00, 0.00, 0.00, 0.00, 0.00, 0.00, 0.00
1014,  0,  16.883,  0.98,  1, 0.23, 0.25, 0.86, 0.17, 0.32, 0.49, 0.00, 0.29, 0.25, 0.72, 0.07, 0.90, 0.00, 0.06, 0.03, 0.02, 0.00, 0.00, 1.00, 1.00, 0.00, 0.00, 0.00, 0.00, 0.00, 0.00, 1.00, 0.00, 0.00, 0.00, 0.00, 0.00, 0.00, 0.00, 0.00
1015,  0,  16.900,  0.98,  1, 0.36, 0.22, 1.08, 0.28, 0.36, 0.42, 0.00, 0.27, 0.22, 0.78, 0.07, 0.86, 0.00, 0.05, 0.07, 0.08, 0.00, 0.00, 1.00, 1.00, 0.00, 0.00, 0.00, 0.00, 0.00, 0.00, 1.00, 0.00, 0.00, 0.00, 0.00, 0.00, 0.00, 0.00, 0.00
1016,  0,  16.917,  0.98,  1, 0.24, 0.09, 1.16, 0.23, 0.35, 0.59, 0.00, 0.14, 0.32, 0.76, 0.05, 0.88, 0.00, 0.06, 0.03, 0.08, 0.00, 0.00, 1.00, 1.00, 0.00, 0.00, 0.00, 0.00, 0.00, 0.00, 1.00, 0.00, 0.00, 0.00, 0.00, 0.00, 0.00, 0.00, 0.00
1017,  0,  16.933,  0.98,  1, 0.29, 0.03, 1.26, 0.16, 0.42, 0.54, 0.00, 0.21, 0.25, 0.77, 0.02, 0.97, 0.00, 0.02, 0.05, 0.12, 0.00, 0.00, 1.00, 1.00, 0.00, 0.00, 0.00, 0.00, 0.00, 0.00, 1.00, 0.00, 0.00, 0.00, 0.00, 0.00, 0.00, 0.00, 0.00
1018,  0,  16.950,  0.98,  1, 0.30, 0.00, 1.20, 0.03, 0.36, 0.52, 0.00, 0.24, 0.31, 0.98, 0.11, 0.99, 0.00, 0.03, 0.02, 0.11, 0.00, 0.00, 1.00, 1.00, 0.00, 0.00, 0.00, 0.00, 0.00, 0.00, 1.00, 0.00, 0.00, 0.00, 0.00, 0.00, 0.00, 0.00, 0.00
1019,  0,  16.967,  0.98,  1, 0.43, 0.03, 1.11, 0.03, 0.37, 0.51, 0.00, 0.32, 0.26, 1.06, 0.19, 1.07, 0.00, 0.01, 0.02, 0.11, 0.00, 0.00, 1.00, 1.00, 0.00, 0.00, 0.00, 0.00, 0.00, 0.00, 1.00, 0.00, 0.00, 0.00, 0.00, 0.00, 0.00, 0.00, 0.00
1020,  0,  16.983,  0.98,  1, 0.35, 0.03, 1.01, 0.00, 0.23, 0.68, 0.00, 0.25, 0.30, 1.11, 0.17, 1.11, 0.00, 0.04, 0.00, 0.04, 0.00, 0.00, 1.00, 1.00, 0.00, 0.00, 0.00, 0.00, 0.00, 0.00, 1.00, 0.00, 0.00, 0.00, 0.00, 0.00, 0.00, 0.00, 0.00
1021,  0,  17.000,  0.98,  1, 0.30, 0.03, 0.92, 0.03, 0.19, 0.80, 0.00, 0.15, 0.27, 0.90, 0.08, 1.17, 0.00, 0.05, 0.00, 0.09, 0.00, 0.00, 1.00, 1.00, 0.00, 0.00, 0.00, 0.00, 0.00, 0.00, 1.00, 0.00, 0.00, 0.00, 0.00, 0.00, 0.00, 0.00, 0.00
1022,  0,  17.017,  0.98,  1, 0.21, 0.01, 0.97, 0.03, 0.19, 0.95, 0.00, 0.13, 0.25, 0.90, 0.00, 1.03, 0.00, 0.06, 0.00, 0.09, 0.00, 0.00, 0.00, 1.00, 0.00, 0.00, 0.00, 0.00, 0.00, 0.00, 1.00, 0.00, 0.00, 0.00, 0.00, 0.00, 0.00, 0.00, 0.00
1023,  0,  17.033,  0.98,  1, 0.26, 0.01, 0.88, 0.03, 0.25, 0.76, 0.00, 0.13, 0.24, 0.84, 0.00, 0.98, 0.00, 0.06, 0.00, 0.09, 0.00, 0.00, 1.00, 1.00, 0.00, 0.00, 0.00, 0.00, 0.00, 0.00, 1.00, 0.00, 0.00, 0.00, 0.00, 0.00, 0.00, 0.00, 0.00
1024,  0,  17.050,  0.98,  1, 0.36, 0.08, 1.05, 0.00, 0.27, 0.65, 0.00, 0.13, 0.20, 0.84, 0.10, 0.97, 0.00, 0.10, 0.00, 0.00, 0.00, 0.00, 1.00, 1.00, 0.00, 0.00, 0.00, 0.00, 0.00, 0.00, 1.00, 0.00, 0.00, 0.00, 0.00, 0.00, 0.00, 0.00, 0.00
1025,  0,  17.067,  0.98,  1, 0.28, 0.07, 1.01, 0.09, 0.26, 0.63, 0.00, 0.08, 0.23, 0.82, 0.10, 1.11, 0.00, 0.14, 0.05, 0.07, 0.00, 0.00, 1.00, 1.00, 0.00, 0.00, 0.00, 0.00, 0.00, 0.00, 1.00, 0.00, 0.00, 0.00, 0.00, 0.00, 0.00, 0.00, 0.00
1026,  0,  17.083,  0.98,  1, 0.26, 0.07, 1.00, 0.09, 0.25, 0.69, 0.00, 0.06, 0.25, 0.89, 0.11, 1.02, 0.00, 0.13, 0.05, 0.08, 0.00, 0.00, 1.00, 1.00, 0.00, 0.00, 0.00, 0.00, 0.00, 0.00, 1.00, 0.00, 0.00, 0.00, 0.00, 0.00, 0.00, 0.00, 0.00
1027,  0,  17.100,  0.98,  1, 0.21, 0.05, 0.82, 0.09, 0.23, 0.71, 0.00, 0.09, 0.29, 0.93, 0.19, 1.01, 0.00, 0.14, 0.05, 0.11, 0.00, 0.00, 1.00, 1.00, 0.00, 0.00, 0.00, 0.00, 0.00, 0.00, 1.00, 0.00, 0.00, 0.00, 0.00, 0.00, 0.00, 0.00, 0.00
1028,  0,  17.117,  0.98,  1, 0.21, 0.05, 0.90, 0.00, 0.23, 0.51, 0.00, 0.12, 0.32, 0.89, 0.22, 0.94, 0.00, 0.10, 0.06, 0.10, 0.00, 0.00, 1.00, 1.00, 0.00, 0.00, 0.00, 0.00, 0.00, 0.00, 1.00, 0.00, 0.00, 0.00, 0.00, 0.00, 0.00, 0.00, 0.00
1029,  0,  17.133,  0.98,  1, 0.19, 0.05, 1.17, 0.00, 0.27, 0.29, 0.00, 0.10, 0.34, 0.78, 0.22, 0.95, 0.08, 0.08, 0.06, 0.10, 0.00, 0.00, 1.00, 1.00, 0.00, 0.00, 0.00, 0.00, 0.00, 0.00, 1.00, 0.00, 0.00, 0.00, 0.00, 0.00, 0.00, 0.00, 0.00
1030,  0,  17.150,  0.98,  1, 0.04, 0.07, 1.23, 0.05, 0.34, 0.33, 0.00, 0.11, 0.37, 0.66, 0.03, 0.90, 0.08, 0.03, 0.09, 0.06, 0.00, 0.00, 1.00, 1.00, 0.00, 0.00, 0.00, 0.00, 0.00, 0.00, 1.00, 0.00, 0.00, 0.00, 0.00, 0.00, 0.00, 0.00, 0.00
1031,  0,  17.167,  0.98,  1, 0.17, 0.11, 1.08, 0.05, 0.32, 0.51, 0.00, 0.08, 0.33, 0.73, 0.00, 0.92, 0.14, 0.02, 0.04, 0.01, 0.00, 0.00, 1.00, 1.00, 0.00, 0.00, 0.00, 0.00, 0.00, 0.00, 1.00, 0.00, 0.00, 0.00, 0.00, 0.00, 0.00, 0.00, 0.00
1032,  0,  17.183,  0.98,  1, 0.33, 0.19, 0.90, 0.05, 0.36, 0.85, 0.00, 0.22, 0.30, 0.66, 0.03, 1.02, 0.06, 0.02, 0.09, 0.01, 0.12, 0.00, 1.00, 1.00, 0.00, 0.00, 0.00, 0.00, 0.00, 0.00, 1.00, 0.00, 0.00, 0.00, 0.00, 0.00, 0.00, 0.00, 0.00
1033,  0,  17.200,  0.98,  1, 0.44, 0.18, 0.90, 0.00, 0.48, 0.80, 0.00, 0.43, 0.31, 0.71, 0.15, 1.10, 0.18, 0.00, 0.07, 0.08, 0.26, 0.00, 1.00, 1.00, 0.00, 0.00, 0.00, 0.00, 0.00, 0.00, 1.00, 0.00, 0.00, 0.00, 0.00, 0.00, 0.00, 0.00, 0.00
1034,  0,  17.217,  0.98,  1, 0.76, 0.27, 1.06, 0.00, 0.57, 0.89, 0.00, 0.49, 0.36, 0.60, 0.26, 0.95, 0.12, 0.00, 0.11, 0.08, 0.44, 0.00, 1.00, 1.00, 0.00, 0.00, 0.00, 0.00, 0.00, 0.00, 1.00, 0.00, 0.00, 0.00, 0.00, 0.00, 0.00, 0.00, 1.00
1035,  0,  17.233,  0.98,  1, 0.96, 0.25, 1.07, 0.00, 0.50, 0.54, 0.00, 0.46, 0.47, 0.67, 0.23, 0.83, 0.24, 0.00, 0.18, 0.14, 0.60, 1.00, 1.00, 1.00, 0.00, 0.00, 1.00, 0.00, 0.00, 0.00, 1.00, 0.00, 0.00, 0.00, 0.00, 0.00, 0.00, 0.00, 1.00
1036,  0,  17.250,  0.98,  1, 1.19, 0.39, 1.11, 0.00, 0.39, 0.52, 0.00, 0.37, 0.48, 0.68, 0.15, 0.70, 0.13, 0.00, 0.23, 0.09, 0.66, 1.00, 1.00, 1.00, 0.00, 0.00, 0.00, 0.00, 0.00, 0.00, 1.00, 0.00, 0.00, 0.00, 0.00, 0.00, 0.00, 0.00, 1.00
1037,  0,  17.267,  0.98,  1, 0.96, 0.31, 1.05, 0.00, 0.34, 0.54, 0.00, 0.27, 0.46, 0.68, 0.13, 0.85, 0.16, 0.00, 0.18, 0.09, 0.74, 1.00, 1.00, 1.00, 0.00, 0.00, 0.00, 0.00, 0.00, 0.00, 1.00, 0.00, 0.00, 0.00, 0.00, 0.00, 0.00, 0.00, 1.00
1038,  0,  17.283,  0.98,  1, 0.85, 0.25, 1.11, 0.00, 0.36, 0.82, 0.00, 0.30, 0.35, 0.75, 0.15, 0.98, 0.03, 0.00, 0.12, 0.09, 0.76, 1.00, 1.00, 1.00, 0.00, 0.00, 0.00, 0.00, 0.00, 0.00, 1.00, 0.00, 0.00, 0.00, 0.00, 0.00, 0.00, 0.00, 1.00
1039,  0,  17.300,  0.98,  1, 0.69, 0.09, 1.11, 0.00, 0.44, 0.86, 0.00, 0.23, 0.34, 0.63, 0.17, 0.93, 0.03, 0.00, 0.10, 0.13, 0.81, 1.00, 1.00, 1.00, 0.00, 0.00, 0.00, 0.00, 0.00, 0.00, 1.00, 0.00, 0.00, 0.00, 0.00, 0.00, 0.00, 0.00, 1.00
1040,  0,  17.317,  0.98,  1, 0.58, 0.05, 1.03, 0.00, 0.57, 0.68, 0.00, 0.42, 0.37, 0.70, 0.08, 0.96, 0.02, 0.00, 0.10, 0.29, 0.76, 0.00, 1.00, 1.00, 0.00, 0.00, 1.00, 0.00, 0.00, 0.00, 1.00, 0.00, 0.00, 0.00, 0.00, 0.00, 0.00, 0.00, 1.00
1041,  0,  17.333,  0.98,  1, 0.41, 0.05, 1.07, 0.00, 0.72, 0.88, 0.00, 0.45, 0.41, 0.57, 0.17, 0.86, 0.05, 0.00, 0.03, 0.21, 0.49, 0.00, 1.00, 1.00, 0.00, 0.00, 1.00, 0.00, 0.00, 0.00, 1.00, 0.00, 0.00, 0.00, 0.00, 0.00, 0.00, 0.00, 1.00
1042,  0,  17.350,  0.98,  1, 0.42, 0.18, 1.09, 0.00, 0.78, 0.93, 0.00, 0.55, 0.43, 0.69, 0.13, 0.99, 0.05, 0.00, 0.04, 0.21, 0.43, 0.00, 1.00, 1.00, 0.00, 0.00, 1.00, 0.00, 0.00, 0.00, 1.00, 0.00, 1.00, 0.00, 0.00, 0.00, 0.00, 0.00, 1.00
1043,  0,  17.367,  0.98,  1, 0.34, 0.18, 1.14, 0.00, 0.73, 1.02, 0.00, 0.54, 0.39, 0.54, 0.15, 0.86, 0.03, 0.00, 0.04, 0.06, 0.22, 0.00, 1.00, 1.00, 0.00, 0.00, 1.00, 0.00, 0.00, 0.00, 1.00, 0.00, 0.00, 0.00, 0.00, 0.00, 0.00, 0.00, 1.00
1044,  0,  17.383,  0.98,  1, 0.30, 0.22, 1.01, 0.00, 0.70, 0.76, 0.00, 0.69, 0.39, 0.57, 0.10, 0.98, 0.03, 0.00, 0.10, 0.11, 0.22, 0.00, 1.00, 1.00, 0.00, 0.00, 1.00, 0.00, 0.00, 0.00, 1.00, 0.00, 0.00, 0.00, 0.00, 0.00, 0.00, 0.00, 1.00
1045,  0,  17.400,  0.98,  1, 0.09, 0.17, 0.99, 0.00, 0.65, 0.87, 0.00, 0.61, 0.30, 0.55, 0.10, 1.02, 0.07, 0.00, 0.09, 0.05, 0.05, 0.00, 1.00, 1.00, 0.00, 0.00, 1.00, 0.00, 0.00, 0.00, 1.00, 0.00, 0.00, 0.00, 0.00, 0.00, 0.00, 0.00, 1.00
1046,  0,  17.417,  0.98,  1, 0.12, 0.17, 1.03, 0.00, 0.63, 0.77, 0.00, 0.45, 0.26, 0.66, 0.08, 1.00, 0.07, 0.00, 0.09, 0.05, 0.06, 0.00, 1.00, 1.00, 0.00, 0.00, 1.00, 0.00, 0.00, 0.00, 1.00, 0.00, 0.00, 0.00, 0.00, 0.00, 0.00, 0.00, 0.00
1047,  0,  17.433,  0.98,  1, 0.10, 0.23, 1.11, 0.00, 0.59, 1.04, 0.00, 0.19, 0.23, 0.73, 0.09, 0.88, 0.03, 0.00, 0.03, 0.04, 0.07, 0.00, 0.00, 1.00, 0.00, 0.00, 1.00, 0.00, 0.00, 0.00, 1.00, 0.00, 0.00, 0.00, 0.00, 0.00, 0.00, 0.00, 0.00
1048,  0,  17.450,  0.98,  1, 0.16, 0.11, 1.05, 0.01, 0.49, 1.07, 0.00, 0.15, 0.29, 0.80, 0.07, 0.85, 0.01, 0.00, 0.00, 0.10, 0.07, 0.00, 0.00, 1.00, 0.00, 0.00, 1.00, 0.00, 0.00, 0.00, 1.00, 0.00, 0.00, 0.00, 0.00, 0.00, 0.00, 0.00, 0.00
1049,  0,  17.467,  0.98,  1, 0.15, 0.11, 1.06, 0.01, 0.45, 1.16, 0.00, 0.20, 0.37, 0.65, 0.07, 0.97, 0.01, 0.00, 0.04, 0.20, 0.07, 0.00, 0.00, 1.00, 0.00, 0.00, 1.00, 0.00, 0.00, 0.00, 1.00, 0.00, 0.00, 0.00, 0.00, 0.00, 0.00, 0.00, 0.00
1050,  0,  17.483,  0.98,  1, 0.18, 0.01, 1.01, 0.01, 0.46, 1.03, 0.00, 0.26, 0.39, 0.69, 0.00, 1.09, 0.01, 0.00, 0.04, 0.23, 0.15, 0.00, 0.00, 1.00, 0.00, 0.00, 0.00, 0.00, 0.00, 0.00, 1.00, 0.00, 0.00, 0.00, 0.00, 0.00, 0.00, 0.00, 0.00
1051,  0,  17.500,  0.98,  1, 0.12, 0.00, 1.02, 0.00, 0.49, 0.91, 0.00, 0.18, 0.40, 0.77, 0.00, 1.04, 0.00, 0.00, 0.14, 0.17, 0.19, 0.00, 0.00, 1.00, 0.00, 0.00, 0.00, 0.00, 0.00, 0.00, 1.00, 0.00, 0.00, 0.00, 0.00, 0.00, 0.00, 0.00, 0.00
1052,  0,  17.517,  0.98,  1, 0.14, 0.11, 0.90, 0.00, 0.51, 0.76, 0.00, 0.23, 0.31, 0.90, 0.00, 1.00, 0.00, 0.00, 0.09, 0.09, 0.24, 0.00, 1.00, 1.00, 0.00, 0.00, 0.00, 0.00, 0.00, 0.00, 1.00, 0.00, 0.00, 0.00, 0.00, 0.00, 0.00, 0.00, 0.00
1053,  0,  17.533,  0.98,  1, 0.12, 0.11, 0.86, 0.00, 0.43, 0.60, 0.00, 0.19, 0.29, 0.87, 0.10, 0.96, 0.00, 0.00, 0.09, 0.03, 0.11, 0.00, 0.00, 1.00, 0.00, 0.00, 0.00, 0.00, 0.00, 0.00, 1.00, 0.00, 0.00, 0.00, 0.00, 0.00, 0.00, 0.00, 0.00
1054,  0,  17.550,  0.98,  1, 0.21, 0.11, 1.03, 0.00, 0.38, 0.44, 0.00, 0.34, 0.23, 0.77, 0.20, 1.04, 0.00, 0.00, 0.00, 0.06, 0.07, 0.00, 1.00, 1.00, 0.00, 0.00, 0.00, 0.00, 0.00, 0.00, 1.00, 0.00, 0.00, 0.00, 0.00, 0.00, 0.00, 0.00, 0.00
1055,  0,  17.567,  0.98,  1, 0.23, 0.00, 1.09, 0.00, 0.32, 0.28, 0.00, 0.29, 0.29, 0.77, 0.26, 0.94, 0.00, 0.00, 0.00, 0.06, 0.17, 0.00, 1.00, 1.00, 0.00, 0.00, 0.00, 0.00, 0.00, 0.00, 1.00, 0.00, 0.00, 0.00, 0.00, 0.00, 0.00, 0.00, 0.00
1056,  0,  17.583,  0.98,  1, 0.25, 0.00, 1.09, 0.00, 0.36, 0.52, 0.00, 0.30, 0.31, 0.83, 0.16, 0.96, 0.00, 0.00, 0.00, 0.15, 0.17, 0.00, 0.00, 1.00, 0.00, 0.00, 0.00, 0.00, 0.00, 0.00, 1.00, 0.00, 0.00, 0.00, 0.00, 0.00, 0.00, 0.00, 0.00
1057,  0,  17.600,  0.98,  1, 0.15, 0.01, 1.00, 0.00, 0.42, 0.75, 0.00, 0.20, 0.30, 0.76, 0.06, 0.82, 0.00, 0.00, 0.00, 0.21, 0.17, 0.00, 0.00, 1.00, 0.00, 0.00, 0.00, 0.00, 0.00, 0.00, 1.00, 0.00, 0.00, 0.00, 0.00, 0.00, 0.00, 0.00, 0.00
1058,  0,  17.617,  0.98,  1, 0.18, 0.08, 0.97, 0.03, 0.48, 1.07, 0.00, 0.23, 0.26, 0.75, 0.05, 1.00, 0.01, 0.00, 0.00, 0.20, 0.00, 0.00, 1.00, 1.00, 0.00, 0.00, 0.00, 0.00, 0.00, 0.00, 1.00, 0.00, 0.00, 0.00, 0.00, 0.00, 0.00, 0.00, 0.00
1059,  0,  17.633,  0.98,  1, 0.17, 0.18, 0.97, 0.03, 0.45, 0.80, 0.00, 0.22, 0.28, 0.66, 0.15, 1.04, 0.01, 0.00, 0.02, 0.18, 0.00, 0.00, 1.00, 1.00, 0.00, 0.00, 1.00, 0.00, 0.00, 0.00, 1.00, 0.00, 0.00, 0.00, 0.00, 0.00, 0.00, 0.00, 0.00
1060,  0,  17.650,  0.98,  1, 0.22, 0.26, 0.96, 0.03, 0.44, 0.95, 0.00, 0.23, 0.30, 0.79, 0.16, 1.10, 0.01, 0.00, 0.02, 0.08, 0.00, 0.00, 1.00, 1.00, 0.00, 0.00, 1.00, 0.00, 0.00, 0.00, 1.00, 0.00, 0.00, 0.00, 0.00, 0.00, 0.00, 0.00, 0.00
1061,  0,  17.667,  0.98,  1, 0.26, 0.24, 1.08, 0.00, 0.47, 0.87, 0.00, 0.21, 0.31, 0.80, 0.11, 1.05, 0.00, 0.00, 0.02, 0.11, 0.00, 0.00, 1.00, 1.00, 0.00, 0.00, 0.00, 0.00, 0.00, 0.00, 1.00, 0.00, 0.00, 0.00, 0.00, 0.00, 0.00, 0.00, 0.00
1062,  0,  17.683,  0.98,  1, 0.32, 0.17, 1.24, 0.00, 0.51, 0.79, 0.00, 0.23, 0.28, 0.83, 0.17, 0.97, 0.00, 0.00, 0.00, 0.04, 0.00, 0.00, 1.00, 1.00, 0.00, 0.00, 0.00, 0.00, 0.00, 0.00, 1.00, 0.00, 0.00, 0.00, 0.00, 0.00, 0.00, 0.00, 0.00
1063,  0,  17.700,  0.98,  1, 0.28, 0.07, 1.26, 0.00, 0.50, 0.38, 0.00, 0.26, 0.27, 0.75, 0.31, 1.15, 0.00, 0.00, 0.00, 0.10, 0.00, 0.00, 1.00, 1.00, 0.00, 0.00, 0.00, 0.00, 0.00, 0.00, 1.00, 0.00, 0.00, 0.00, 0.00, 0.00, 0.00, 0.00, 0.00
1064,  0,  17.717,  0.98,  1, 0.28, 0.07, 1.20, 0.00, 0.49, 0.47, 0.00, 0.29, 0.31, 0.76, 0.31, 1.18, 0.00, 0.01, 0.00, 0.10, 0.00, 0.00, 1.00, 1.00, 0.00, 0.00, 0.00, 0.00, 0.00, 0.00, 1.00, 0.00, 0.00, 0.00, 0.00, 0.00, 0.00, 0.00, 0.00
1065,  0,  17.733,  0.98,  1, 0.21, 0.12, 1.02, 0.00, 0.49, 0.55, 0.00, 0.31, 0.28, 0.74, 0.15, 1.20, 0.07, 0.01, 0.00, 0.18, 0.00, 0.00, 1.00, 1.00, 0.00, 0.00, 0.00, 0.00, 0.00, 0.00, 1.00, 0.00, 0.00, 0.00, 0.00, 0.00, 0.00, 0.00, 0.00
1066,  0,  17.750,  0.98,  1, 0.32, 0.16, 1.05, 0.00, 0.50, 0.73, 0.00, 0.29, 0.30, 0.80, 0.00, 0.97, 0.14, 0.01, 0.02, 0.12, 0.00, 0.00, 1.00, 1.00, 0.00, 0.00, 0.00, 0.00, 0.00, 0.00, 1.00, 0.00, 0.00, 0.00, 0.00, 0.00, 0.00, 0.00, 0.00
1067,  0,  17.767,  0.98,  1, 0.23, 0.16, 0.87, 0.00, 0.44, 0.66, 0.00, 0.26, 0.26, 0.94, 0.00, 0.90, 0.14, 0.00, 0.02, 0.22, 0.00, 0.00, 1.00, 1.00, 0.00, 0.00, 0.00, 0.00, 0.00, 0.00, 1.00, 0.00, 0.00, 0.00, 0.00, 0.00, 0.00, 0.00, 0.00
1068,  0,  17.783,  0.98,  1, 0.25, 0.15, 0.92, 0.04, 0.44, 0.72, 0.00, 0.19, 0.32, 0.97, 0.00, 0.87, 0.07, 0.00, 0.02, 0.23, 0.00, 0.00, 1.00, 1.00, 0.00, 0.00, 0.00, 0.00, 0.00, 0.00, 1.00, 0.00, 0.00, 0.00, 0.00, 0.00, 0.00, 0.00, 0.00
1069,  0,  17.800,  0.98,  1, 0.22, 0.11, 0.89, 0.04, 0.36, 0.85, 0.00, 0.24, 0.34, 1.04, 0.00, 1.00, 0.00, 0.00, 0.00, 0.23, 0.00, 0.00, 1.00, 1.00, 0.00, 0.00, 0.00, 0.00, 0.00, 0.00, 1.00, 0.00, 0.00, 0.00, 0.00, 0.00, 0.00, 0.00, 0.00
1070,  0,  17.817,  0.98,  1, 0.20, 0.12, 0.91, 0.04, 0.34, 0.58, 0.00, 0.25, 0.32, 0.99, 0.00, 0.97, 0.00, 0.00, 0.06, 0.15, 0.00, 0.00, 1.00, 1.00, 0.00, 0.00, 0.00, 0.00, 0.00, 0.00, 1.00, 0.00, 0.00, 0.00, 0.00, 0.00, 0.00, 0.00, 0.00
1071,  0,  17.833,  0.98,  1, 0.34, 0.09, 0.96, 0.00, 0.33, 0.46, 0.00, 0.23, 0.29, 0.92, 0.00, 1.09, 0.00, 0.00, 0.11, 0.15, 0.00, 0.00, 1.00, 1.00, 0.00, 0.00, 0.00, 0.00, 0.00, 0.00, 1.00, 0.00, 0.00, 0.00, 0.00, 0.00, 0.00, 0.00, 0.00
1072,  0,  17.850,  0.98,  1, 0.26, 0.12, 0.87, 0.00, 0.40, 0.11, 0.00, 0.20, 0.26, 0.81, 0.08, 1.03, 0.00, 0.00, 0.16, 0.15, 0.03, 0.00, 1.00, 1.00, 0.00, 0.00, 0.00, 0.00, 0.00, 0.00, 1.00, 0.00, 0.00, 0.00, 0.00, 0.00, 0.00, 0.00, 0.00
1073,  0,  17.867,  0.98,  1, 0.33, 0.07, 1.06, 0.00, 0.45, 0.22, 0.00, 0.30, 0.29, 0.64, 0.11, 1.11, 0.00, 0.00, 0.13, 0.09, 0.03, 0.00, 1.00, 1.00, 0.00, 0.00, 0.00, 0.00, 0.00, 0.00, 1.00, 0.00, 0.00, 0.00, 0.00, 0.00, 0.00, 0.00, 0.00
1074,  0,  17.883,  0.98,  1, 0.18, 0.03, 1.06, 0.00, 0.47, 0.24, 0.00, 0.56, 0.33, 0.73, 0.20, 0.96, 0.00, 0.00, 0.08, 0.10, 0.13, 0.00, 1.00, 1.00, 0.00, 0.00, 0.00, 0.00, 0.00, 0.00, 1.00, 0.00, 0.00, 0.00, 0.00, 0.00, 0.00, 0.00, 0.00
1075,  0,  17.900,  0.98,  1, 0.45, 0.08, 1.23, 0.00, 0.52, 0.66, 0.00, 0.63, 0.37, 0.84, 0.16, 1.09, 0.00, 0.00, 0.03, 0.10, 0.32, 0.00, 1.00, 1.00, 0.00, 0.00, 0.00, 0.00, 0.00, 0.00, 1.00, 0.00, 0.00, 0.00, 0.00, 0.00, 0.00, 0.00, 1.00
1076,  0,  17.917,  0.98,  1, 0.78, 0.11, 1.13, 0.00, 0.54, 0.94, 0.00, 0.50, 0.34, 0.86, 0.23, 1.00, 0.01, 0.00, 0.19, 0.14, 0.65, 0.00, 1.00, 1.00, 0.00, 0.00, 0.00, 0.00, 0.00, 0.00, 1.00, 0.00, 0.00, 0.00, 0.00, 0.00, 0.00, 0.00, 1.00
1077,  0,  17.933,  0.98,  1, 1.33, 0.24, 1.01, 0.00, 0.50, 0.97, 0.00, 0.34, 0.40, 0.64, 0.23, 0.92, 0.02, 0.00, 0.19, 0.03, 0.82, 1.00, 1.00, 1.00, 0.00, 0.00, 0.00, 0.00, 0.00, 0.00, 1.00, 0.00, 0.00, 0.00, 0.00, 0.00, 0.00, 0.00, 1.00
1078,  0,  17.950,  0.98,  1, 1.68, 0.24, 0.83, 0.00, 0.37, 0.60, 0.00, 0.27, 0.43, 0.63, 0.25, 0.77, 0.18, 0.00, 0.19, 0.05, 0.80, 1.00, 1.00, 1.00, 0.00, 0.00, 0.00, 0.00, 0.00, 0.00, 1.00, 0.00, 0.00, 0.00, 0.00, 0.00, 0.00, 0.00, 1.00
1079,  0,  17.967,  0.98,  1, 1.82, 0.32, 0.87, 0.00, 0.24, 0.22, 0.00, 0.31, 0.51, 0.75, 0.21, 0.80, 0.22, 0.00, 0.07, 0.02, 0.85, 1.00, 1.00, 1.00, 0.00, 0.00, 0.00, 0.00, 0.00, 0.00, 1.00, 0.00, 0.00, 0.00, 0.00, 0.00, 0.00, 0.00, 1.00
1080,  0,  17.983,  0.98,  1, 1.62, 0.19, 0.96, 0.00, 0.15, 0.07, 0.00, 0.38, 0.53, 1.01, 0.13, 0.81, 0.22, 0.00, 0.14, 0.02, 0.79, 1.00, 1.00, 1.00, 0.00, 0.00, 0.00, 0.00, 0.00, 0.00, 1.00, 0.00, 0.00, 0.00, 0.00, 0.00, 0.00, 0.00, 1.00
1081,  0,  18.000,  0.98,  1, 1.33, 0.31, 1.09, 0.00, 0.24, 0.40, 0.00, 0.44, 0.54, 1.04, 0.16, 0.82, 0.11, 0.00, 0.14, 0.00, 1.04, 1.00, 1.00, 1.00, 0.00, 0.00, 0.00, 0.00, 0.00, 0.00, 1.00, 0.00, 0.00, 0.00, 0.00, 0.00, 0.00, 0.00, 1.00
1082,  0,  18.017,  0.98,  1, 0.98, 0.36, 1.10, 0.00, 0.39, 0.80, 0.00, 0.49, 0.53, 0.99, 0.10, 0.83, 0.05, 0.00, 0.12, 0.00, 0.98, 1.00, 1.00, 1.00, 0.00, 0.00, 0.00, 0.00, 0.00, 0.00, 1.00, 0.00, 0.00, 0.00, 0.00, 0.00, 0.00, 0.00, 1.00
1083,  0,  18.033,  0.98,  1, 0.83, 0.36, 1.15, 0.00, 0.51, 1.13, 0.00, 0.44, 0.44, 0.95, 0.28, 0.87, 0.06, 0.00, 0.06, 0.00, 1.13, 1.00, 1.00, 1.00, 0.00, 0.00, 1.00, 0.00, 0.00, 0.00, 1.00, 0.00, 0.00, 0.00, 0.00, 0.00, 0.00, 0.00, 1.00
1084,  0,  18.050,  0.98,  1, 0.64, 0.23, 1.19, 0.00, 0.59, 1.24, 0.00, 0.39, 0.44, 0.85, 0.24, 0.88, 0.07, 0.00, 0.18, 0.03, 0.92, 1.00, 1.00, 1.00, 0.00, 0.00, 1.00, 0.00, 0.00, 0.00, 1.00, 0.00, 0.00, 0.00, 0.00, 0.00, 0.00, 0.00, 1.00
1085,  0,  18.067,  0.98,  1, 0.58, 0.23, 1.29, 0.00, 0.62, 1.36, 0.00, 0.25, 0.40, 0.75, 0.27, 0.93, 0.10, 0.00, 0.13, 0.17, 0.74, 0.00, 1.00, 1.00, 0.00, 0.00, 1.00, 0.00, 0.00, 0.00, 1.00, 0.00, 0.00, 0.00, 0.00, 0.00, 0.00, 0.00, 1.00
1086,  0,  18.083,  0.98,  1, 0.39, 0.31, 1.24, 0.00, 0.67, 1.49, 0.00, 0.24, 0.42, 0.64, 0.15, 0.89, 0.15, 0.00, 0.12, 0.21, 0.51, 0.00, 1.00, 1.00, 0.00, 0.00, 1.00, 0.00, 0.00, 0.00, 1.00, 0.00, 0.00, 0.00, 0.00, 0.00, 0.00, 0.00, 1.00
1087,  0,  18.100,  0.98,  1, 0.44, 0.23, 1.08, 0.00, 0.69, 1.43, 0.00, 0.29, 0.40, 0.60, 0.16, 0.95, 0.17, 0.00, 0.00, 0.19, 0.25, 0.00, 1.00, 1.00, 0.00, 0.00, 1.00, 0.00, 0.00, 0.00, 1.00, 0.00, 0.00, 0.00, 0.00, 0.00, 0.00, 0.00, 1.00
1088,  0,  18.117,  0.98,  1, 0.38, 0.08, 0.97, 0.00, 0.72, 1.28, 0.00, 0.41, 0.42, 0.73, 0.23, 0.84, 0.14, 0.00, 0.00, 0.09, 0.20, 0.00, 1.00, 1.00, 0.00, 0.00, 1.00, 0.00, 0.00, 0.00, 1.00, 0.00, 0.00, 0.00, 0.00, 0.00, 0.00, 0.00, 1.00
1089,  0,  18.133,  0.98,  1, 0.36, 0.07, 0.85, 0.00, 0.69, 1.12, 0.00, 0.44, 0.42, 0.86, 0.16, 0.96, 0.08, 0.00, 0.00, 0.08, 0.13, 0.00, 1.00, 1.00, 0.00, 0.00, 1.00, 0.00, 0.00, 0.00, 1.00, 0.00, 0.00, 0.00, 0.00, 0.00, 0.00, 0.00, 1.00
1090,  0,  18.150,  0.98,  1, 0.32, 0.07, 0.97, 0.00, 0.64, 1.07, 0.00, 0.43, 0.39, 0.82, 0.10, 0.93, 0.00, 0.00, 0.00, 0.08, 0.15, 0.00, 1.00, 1.00, 0.00, 0.00, 1.00, 0.00, 0.00, 0.00, 1.00, 0.00, 0.00, 0.00, 0.00, 0.00, 0.00, 0.00, 0.00
1091,  0,  18.167,  0.98,  1, 0.41, 0.22, 0.95, 0.00, 0.64, 0.92, 0.00, 0.41, 0.39, 0.89, 0.01, 1.04, 0.00, 0.00, 0.00, 0.10, 0.09, 0.00, 1.00, 1.00, 0.00, 0.00, 1.00, 0.00, 0.00, 0.00, 1.00, 0.00, 0.00, 0.00, 0.00, 0.00, 0.00, 0.00, 0.00
1092,  0,  18.183,  0.98,  1, 0.47, 0.15, 0.99, 0.00, 0.63, 0.94, 0.00, 0.32, 0.38, 0.80, 0.01, 0.97, 0.00, 0.00, 0.00, 0.06, 0.03, 0.00, 1.00, 1.00, 0.00, 0.00, 0.00, 0.00, 0.00, 0.00, 1.00, 0.00, 0.00, 0.00, 0.00, 0.00, 0.00, 0.00, 0.00
1093,  0,  18.200,  0.98,  1, 0.41, 0.20, 0.84, 0.00, 0.48, 0.80, 0.00, 0.28, 0.38, 0.96, 0.02, 1.02, 0.00, 0.00, 0.00, 0.24, 0.01, 0.00, 1.00, 1.00, 0.00, 0.00, 0.00, 0.00, 0.00, 0.00, 1.00, 0.00, 1.00, 0.00, 0.00, 0.00, 0.00, 0.00, 0.00
1094,  0,  18.217,  0.98,  1, 0.19, 0.20, 0.73, 0.00, 0.46, 0.77, 0.00, 0.30, 0.30, 0.93, 0.06, 0.98, 0.01, 0.00, 0.00, 0.28, 0.00, 0.00, 0.00, 1.00, 0.00, 0.00, 0.00, 0.00, 0.00, 0.00, 1.00, 0.00, 1.00, 0.00, 0.00, 0.00, 0.00, 0.00, 0.00
1095,  0,  18.233,  0.98,  1, 0.17, 0.19, 0.73, 0.00, 0.41, 0.63, 0.00, 0.41, 0.28, 0.97, 0.08, 1.10, 0.01, 0.00, 0.00, 0.39, 0.00, 0.00, 1.00, 1.00, 0.00, 0.00, 0.00, 0.00, 0.00, 0.00, 1.00, 0.00, 0.00, 0.00, 0.00, 0.00, 0.00, 0.00, 0.00
1096,  0,  18.250,  0.98,  1, 0.15, 0.20, 0.78, 0.00, 0.50, 0.91, 0.00, 0.49, 0.33, 0.86, 0.24, 1.02, 0.01, 0.00, 0.00, 0.33, 0.00, 0.00, 1.00, 1.00, 0.00, 0.00, 0.00, 0.00, 0.00, 0.00, 1.00, 0.00, 0.00, 0.00, 0.00, 0.00, 0.00, 0.00, 0.00
1097,  0,  18.267,  0.98,  1, 0.16, 0.05, 0.90, 0.03, 0.46, 0.93, 0.00, 0.47, 0.33, 0.88, 0.20, 1.07, 0.02, 0.00, 0.00, 0.27, 0.00, 0.00, 0.00, 1.00, 0.00, 0.00, 0.00, 0.00, 0.00, 0.00, 1.00, 0.00, 0.00, 0.00, 0.00, 0.00, 0.00, 0.00, 0.00
1098,  0,  18.283,  0.98,  1, 0.16, 0.18, 0.87, 0.03, 0.45, 0.86, 0.00, 0.30, 0.30, 0.85, 0.20, 0.97, 0.02, 0.00, 0.06, 0.21, 0.00, 0.00, 1.00, 1.00, 0.00, 0.00, 0.00, 0.00, 0.00, 0.00, 1.00, 0.00, 0.00, 0.00, 0.00, 0.00, 0.00, 0.00, 0.00
1099,  0,  18.300,  0.98,  1, 0.14, 0.14, 0.86, 0.03, 0.42, 0.78, 0.00, 0.23, 0.30, 0.74, 0.02, 0.94, 0.02, 0.00, 0.06, 0.08, 0.00, 0.00, 1.00, 1.00, 0.00, 0.00, 0.00, 0.00, 0.00, 0.00, 1.00, 0.00, 0.00, 0.00, 0.00, 0.00, 0.00, 0.00, 0.00
1100,  0,  18.317,  0.98,  1, 0.27, 0.38, 0.83, 0.00, 0.39, 0.69, 0.00, 0.13, 0.32, 0.65, 0.02, 0.84, 0.00, 0.00, 0.06, 0.06, 0.00, 0.00, 1.00, 1.00, 0.00, 0.00, 0.00, 0.00, 0.00, 0.00, 1.00, 0.00, 0.00, 0.00, 0.00, 0.00, 0.00, 0.00, 0.00
1101,  0,  18.333,  0.98,  1, 0.26, 0.35, 0.86, 0.00, 0.56, 1.02, 0.00, 0.21, 0.37, 0.57, 0.05, 1.01, 0.09, 0.00, 0.00, 0.01, 0.06, 0.00, 1.00, 1.00, 0.00, 0.00, 0.00, 0.00, 0.00, 0.00, 1.00, 0.00, 0.00, 0.00, 0.00, 0.00, 0.00, 0.00, 0.00
1102,  0,  18.350,  0.98,  1, 0.20, 0.33, 0.95, 0.00, 0.58, 0.63, 0.00, 0.20, 0.37, 0.80, 0.11, 1.15, 0.09, 0.00, 0.00, 0.03, 0.06, 0.00, 1.00, 1.00, 0.00, 0.00, 0.00, 0.00, 0.00, 0.00, 1.00, 0.00, 0.00, 0.00, 0.00, 0.00, 0.00, 0.00, 0.00
1103,  0,  18.367,  0.98,  1, 0.05, 0.25, 0.92, 0.00, 0.58, 0.70, 0.00, 0.31, 0.36, 0.86, 0.14, 1.23, 0.18, 0.00, 0.00, 0.01, 0.06, 0.00, 0.00, 1.00, 0.00, 0.00, 0.00, 0.00, 0.00, 0.00, 1.00, 0.00, 0.00, 0.00, 0.00, 0.00, 0.00, 0.00, 0.00
1104,  0,  18.383,  0.98,  1, 0.11, 0.16, 1.04, 0.00, 0.50, 0.45, 0.00, 0.34, 0.35, 0.99, 0.09, 1.15, 0.09, 0.00, 0.00, 0.15, 0.00, 0.00, 0.00, 1.00, 0.00, 0.00, 0.00, 0.00, 0.00, 0.00, 1.00, 0.00, 0.00, 0.00, 0.00, 0.00, 0.00, 0.00, 0.00
1105,  0,  18.400,  0.98,  1, 0.10, 0.16, 1.01, 0.00, 0.48, 0.60, 0.00, 0.26, 0.33, 0.93, 0.03, 1.02, 0.09, 0.00, 0.00, 0.34, 0.00, 0.00, 0.00, 1.00, 0.00, 0.00, 0.00, 0.00, 0.00, 0.00, 1.00, 0.00, 0.00, 0.00, 0.00, 0.00, 0.00, 0.00, 0.00
1106,  0,  18.417,  0.98,  1, 0.23, 0.00, 1.12, 0.00, 0.51, 0.65, 0.00, 0.25, 0.30, 0.77, 0.03, 0.92, 0.00, 0.00, 0.04, 0.41, 0.00, 0.00, 0.00, 1.00, 0.00, 0.00, 0.00, 0.00, 0.00, 0.00, 1.00, 0.00, 0.00, 0.00, 0.00, 0.00, 0.00, 0.00, 0.00
1107,  0,  18.433,  0.98,  1, 0.13, 0.00, 0.97, 0.00, 0.47, 0.73, 0.00, 0.28, 0.29, 0.69, 0.03, 0.77, 0.00, 0.00, 0.05, 0.33, 0.00, 0.00, 0.00, 1.00, 0.00, 0.00, 0.00, 0.00, 0.00, 0.00, 1.00, 0.00, 0.00, 0.00, 0.00, 0.00, 0.00, 0.00, 0.00
1108,  0,  18.450,  0.98,  1, 0.23, 0.00, 0.85, 0.00, 0.49, 0.74, 0.00, 0.47, 0.28, 0.51, 0.06, 0.71, 0.00, 0.00, 0.05, 0.16, 0.00, 0.00, 0.00, 1.00, 0.00, 0.00, 0.00, 0.00, 0.00, 0.00, 1.00, 0.00, 0.00, 0.00, 0.00, 0.00, 0.00, 0.00, 0.00
1109,  0,  18.467,  0.98,  1, 0.10, 0.04, 0.78, 0.00, 0.41, 0.81, 0.00, 0.49, 0.27, 0.66, 0.18, 0.80, 0.07, 0.00, 0.00, 0.16, 0.00, 0.00, 0.00, 1.00, 0.00, 0.00, 0.00, 0.00, 0.00, 0.00, 1.00, 0.00, 0.00, 0.00, 0.00, 0.00, 0.00, 0.00, 0.00
1110,  0,  18.483,  0.98,  1, 0.15, 0.04, 0.92, 0.00, 0.36, 0.81, 0.00, 0.37, 0.33, 0.76, 0.21, 0.97, 0.07, 0.00, 0.00, 0.10, 0.00, 0.00, 1.00, 1.00, 0.00, 0.00, 1.00, 0.00, 0.00, 0.00, 1.00, 0.00, 0.00, 0.00, 0.00, 0.00, 0.00, 0.00, 0.00
1111,  0,  18.500,  0.98,  1, 0.24, 0.23, 1.06, 0.00, 0.34, 0.98, 0.00, 0.19, 0.29, 0.82, 0.22, 1.01, 0.16, 0.00, 0.04, 0.07, 0.15, 0.00, 1.00, 1.00, 0.00, 0.00, 0.00, 0.00, 0.00, 0.00, 1.00, 0.00, 0.00, 0.00, 0.00, 0.00, 0.00, 0.00, 0.00
1112,  0,  18.517,  0.98,  1, 0.33, 0.19, 1.10, 0.00, 0.42, 0.99, 0.00, 0.07, 0.35, 0.86, 0.10, 1.08, 0.09, 0.00, 0.04, 0.00, 0.15, 0.00, 1.00, 1.00, 0.00, 0.00, 1.00, 0.00, 0.00, 0.00, 1.00, 0.00, 0.00, 0.00, 0.00, 0.00, 0.00, 0.00, 0.00
1113,  0,  18.533,  0.98,  1, 0.43, 0.34, 1.06, 0.00, 0.41, 0.96, 0.00, 0.16, 0.31, 0.84, 0.07, 0.90, 0.20, 0.00, 0.10, 0.05, 0.15, 0.00, 1.00, 1.00, 0.00, 0.00, 1.00, 0.00, 0.00, 0.00, 1.00, 0.00, 0.00, 0.00, 0.00, 0.00, 0.00, 0.00, 0.00
1114,  0,  18.550,  0.98,  1, 0.28, 0.15, 0.92, 0.00, 0.46, 0.97, 0.00, 0.16, 0.32, 0.91, 0.02, 0.91, 0.15, 0.00, 0.06, 0.05, 0.00, 0.00, 1.00, 1.00, 0.00, 0.00, 1.00, 0.00, 0.00, 0.00, 1.00, 0.00, 0.00, 0.00, 0.00, 0.00, 0.00, 0.00, 0.00
1115,  0,  18.567,  0.98,  1, 0.22, 0.38, 0.98, 0.00, 0.45, 1.03, 0.00, 0.21, 0.32, 0.86, 0.08, 0.85, 0.15, 0.00, 0.06, 0.12, 0.00, 0.00, 1.00, 1.00, 0.00, 0.00, 1.00, 0.00, 0.00, 0.00, 1.00, 0.00, 0.00, 0.00, 0.00, 0.00, 0.00, 0.00, 0.00
1116,  0,  18.583,  0.98,  1, 0.07, 0.26, 0.97, 0.20, 0.44, 1.03, 0.00, 0.12, 0.25, 0.78, 0.08, 0.97, 0.04, 0.00, 0.01, 0.07, 0.00, 0.00, 1.00, 1.00, 0.00, 0.00, 1.00, 0.00, 0.00, 0.00, 1.00, 0.00, 0.00, 0.00, 0.00, 0.00, 0.00, 0.00, 0.00
1117,  0,  18.600,  0.98,  1, 0.11, 0.32, 1.16, 0.20, 0.37, 0.90, 0.00, 0.08, 0.25, 0.82, 0.08, 0.86, 0.00, 0.00, 0.10, 0.07, 0.00, 0.00, 1.00, 1.00, 0.00, 0.00, 1.00, 0.00, 0.00, 0.00, 1.00, 0.00, 0.00, 0.00, 0.00, 0.00, 0.00, 0.00, 0.00
1118,  0,  18.617,  0.98,  1, 0.08, 0.09, 1.12, 0.21, 0.33, 0.80, 0.00, 0.03, 0.22, 0.77, 0.01, 0.92, 0.00, 0.03, 0.10, 0.04, 0.00, 0.00, 0.00, 1.00, 0.00, 0.00, 1.00, 0.00, 0.00, 0.00, 1.00, 0.00, 0.00, 0.00, 0.00, 0.00, 0.00, 0.00, 0.00
1119,  0,  18.633,  0.98,  1, 0.08, 0.05, 1.16, 0.00, 0.32, 0.83, 0.00, 0.02, 0.21, 0.91, 0.00, 0.92, 0.00, 0.06, 0.10, 0.10, 0.00, 0.00, 0.00, 1.00, 0.00, 0.00, 1.00, 0.00, 0.00, 0.00, 1.00, 0.00, 0.00, 0.00, 0.00, 0.00, 0.00, 0.00, 0.00
1120,  0,  18.650,  0.98,  1, 0.16, 0.13, 1.07, 0.03, 0.25, 0.73, 0.00, 0.07, 0.21, 0.88, 0.00, 1.10, 0.00, 0.10, 0.00, 0.10, 0.00, 0.00, 0.00, 1.00, 0.00, 0.00, 1.00, 0.00, 0.00, 0.00, 1.00, 0.00, 0.00, 0.00, 0.00, 0.00, 0.00, 0.00, 0.00
1121,  0,  18.667,  0.98,  1, 0.21, 0.13, 1.10, 0.06, 0.17, 0.57, 0.00, 0.14, 0.18, 0.77, 0.00, 1.01, 0.00, 0.15, 0.09, 0.14, 0.00, 0.00, 0.00, 1.00, 0.00, 0.00, 1.00, 0.00, 0.00, 0.00, 1.00, 0.00, 0.00, 0.00, 0.00, 0.00, 0.00, 0.00, 0.00
1122,  0,  18.683,  0.98,  1, 0.21, 0.13, 1.22, 0.12, 0.25, 0.41, 0.00, 0.22, 0.18, 0.58, 0.08, 0.97, 0.00, 0.14, 0.09, 0.08, 0.00, 0.00, 0.00, 1.00, 0.00, 0.00, 0.00, 0.00, 0.00, 0.00, 1.00, 0.00, 0.00, 0.00, 0.00, 0.00, 0.00, 0.00, 0.00
1123,  0,  18.700,  0.98,  1, 0.13, 0.05, 1.31, 0.09, 0.26, 0.48, 0.00, 0.22, 0.17, 0.61, 0.12, 0.89, 0.00, 0.11, 0.09, 0.10, 0.00, 0.00, 0.00, 1.00, 0.00, 0.00, 1.00, 0.00, 0.00, 0.00, 1.00, 0.00, 0.00, 0.00, 0.00, 0.00, 0.00, 0.00, 0.00
1124,  0,  18.717,  0.98,  1, 0.22, 0.08, 1.28, 0.06, 0.37, 0.55, 0.00, 0.20, 0.20, 0.65, 0.24, 1.08, 0.00, 0.06, 0.00, 0.03, 0.00, 0.00, 0.00, 1.00, 0.00, 0.00, 1.00, 0.00, 0.00, 0.00, 1.00, 0.00, 0.00, 0.00, 0.00, 0.00, 0.00, 0.00, 0.00
1125,  0,  18.733,  0.98,  1, 0.28, 0.19, 1.16, 0.05, 0.34, 0.54, 0.00, 0.13, 0.23, 0.77, 0.17, 1.15, 0.00, 0.10, 0.00, 0.09, 0.00, 0.00, 0.00, 1.00, 0.00, 0.00, 1.00, 0.00, 0.00, 0.00, 1.00, 0.00, 0.00, 0.00, 0.00, 0.00, 0.00, 0.00, 0.00
1126,  0,  18.750,  0.98,  1, 0.29, 0.14, 0.95, 0.06, 0.40, 0.31, 0.00, 0.15, 0.22, 0.80, 0.14, 1.24, 0.00, 0.15, 0.00, 0.06, 0.00, 0.00, 0.00, 1.00, 0.00, 0.00, 0.00, 0.00, 0.00, 0.00, 1.00, 0.00, 0.00, 0.00, 0.00, 0.00, 0.00, 0.00, 0.00
1127,  0,  18.767,  0.98,  1, 0.14, 0.11, 0.90, 0.06, 0.43, 0.29, 0.00, 0.12, 0.23, 0.96, 0.05, 1.06, 0.13, 0.21, 0.00, 0.14, 0.00, 0.00, 1.00, 1.00, 0.00, 0.00, 0.00, 0.00, 0.00, 0.00, 1.00, 0.00, 0.00, 0.00, 0.00, 0.00, 0.00, 0.00, 0.00
1128,  0,  18.783,  0.98,  1, 0.14, 0.09, 0.87, 0.01, 0.38, 0.35, 0.00, 0.08, 0.23, 0.73, 0.05, 0.94, 0.13, 0.22, 0.00, 0.08, 0.00, 0.00, 0.00, 1.00, 0.00, 0.00, 0.00, 0.00, 0.00, 0.00, 1.00, 0.00, 0.00, 0.00, 0.00, 0.00, 0.00, 0.00, 0.00
1129,  0,  18.800,  0.98,  1, 0.05, 0.09, 0.95, 0.00, 0.39, 0.36, 0.00, 0.12, 0.23, 0.57, 0.03, 0.89, 0.16, 0.19, 0.00, 0.20, 0.00, 0.00, 0.00, 1.00, 0.00, 0.00, 0.00, 0.00, 0.00, 0.00, 1.00, 0.00, 0.00, 0.00, 0.00, 0.00, 0.00, 0.00, 0.00
1130,  0,  18.817,  0.98,  1, 0.19, 0.09, 0.96, 0.00, 0.27, 0.34, 0.00, 0.15, 0.15, 0.49, 0.00, 0.88, 0.03, 0.15, 0.09, 0.12, 0.00, 0.00, 0.00, 1.00, 0.00, 0.00, 0.00, 0.00, 0.00, 0.00, 1.00, 0.00, 0.00, 0.00, 0.00, 0.00, 0.00, 0.00, 0.00
1131,  0,  18.833,  0.98,  1, 0.22, 0.05, 0.93, 0.05, 0.29, 0.32, 0.00, 0.19, 0.15, 0.70, 0.00, 0.83, 0.03, 0.10, 0.09, 0.12, 0.00, 0.00, 0.00, 1.00, 0.00, 0.00, 0.00, 0.00, 0.00, 0.00, 1.00, 0.00, 0.00, 0.00, 0.00, 0.00, 0.00, 0.00, 0.00
1132,  0,  18.850,  0.98,  1, 0.22, 0.06, 0.96, 0.12, 0.22, 0.59, 0.00, 0.16, 0.20, 0.87, 0.04, 0.86, 0.01, 0.13, 0.09, 0.11, 0.00, 0.00, 0.00, 1.00, 0.00, 0.00, 0.00, 0.00, 0.00, 0.00, 1.00, 0.00, 0.00, 0.00, 0.00, 0.00, 0.00, 0.00, 0.00
1133,  0,  18.867,  0.98,  1, 0.08, 0.12, 1.11, 0.23, 0.27, 0.67, 0.00, 0.15, 0.29, 0.90, 0.04, 0.89, 0.01, 0.14, 0.05, 0.31, 0.00, 0.00, 0.00, 1.00, 0.00, 0.00, 0.00, 0.00, 0.00, 0.00, 1.00, 0.00, 0.00, 0.00, 0.00, 0.00, 0.00, 0.00, 0.00
1134,  0,  18.883,  0.98,  1, 0.00, 0.15, 1.17, 0.18, 0.31, 0.88, 0.00, 0.18, 0.30, 0.97, 0.14, 0.96, 0.10, 0.16, 0.05, 0.31, 0.00, 0.00, 0.00, 1.00, 0.00, 0.00, 1.00, 0.00, 0.00, 0.00, 1.00, 0.00, 0.00, 0.00, 0.00, 0.00, 0.00, 0.00, 0.00
1135,  0,  18.900,  0.98,  1, 0.00, 0.14, 1.10, 0.20, 0.35, 0.75, 0.00, 0.16, 0.29, 0.83, 0.10, 0.91, 0.09, 0.16, 0.07, 0.25, 0.00, 0.00, 0.00, 1.00, 0.00, 0.00, 1.00, 0.00, 0.00, 0.00, 1.00, 0.00, 0.00, 0.00, 0.00, 0.00, 0.00, 0.00, 0.00
1136,  0,  18.917,  0.98,  1, 0.15, 0.14, 1.08, 0.24, 0.37, 0.85, 0.00, 0.20, 0.28, 0.93, 0.10, 0.87, 0.09, 0.16, 0.04, 0.06, 0.00, 0.00, 0.00, 1.00, 0.00, 0.00, 1.00, 0.00, 0.00, 0.00, 1.00, 0.00, 0.00, 0.00, 0.00, 0.00, 0.00, 0.00, 0.00
1137,  0,  18.933,  0.98,  1, 0.21, 0.07, 1.04, 0.24, 0.39, 0.76, 0.00, 0.25, 0.24, 0.88, 0.02, 0.89, 0.00, 0.17, 0.04, 0.17, 0.00, 0.00, 0.00, 1.00, 0.00, 0.00, 1.00, 0.00, 0.00, 0.00, 1.00, 0.00, 0.00, 0.00, 0.00, 0.00, 0.00, 0.00, 0.00
1138,  0,  18.950,  0.98,  1, 0.23, 0.07, 1.18, 0.32, 0.41, 0.90, 0.00, 0.33, 0.24, 0.84, 0.02, 0.92, 0.02, 0.16, 0.01, 0.17, 0.00, 0.00, 1.00, 1.00, 0.00, 0.00, 1.00, 0.00, 0.00, 0.00, 1.00, 0.00, 0.00, 0.00, 0.00, 0.00, 0.00, 0.00, 0.00
1139,  0,  18.967,  0.98,  1, 0.08, 0.06, 1.10, 0.16, 0.45, 0.96, 0.00, 0.31, 0.20, 0.72, 0.02, 0.99, 0.02, 0.17, 0.00, 0.23, 0.00, 0.00, 1.00, 1.00, 0.00, 0.00, 1.00, 0.00, 0.00, 0.00, 1.00, 0.00, 0.00, 0.00, 0.00, 0.00, 0.00, 0.00, 0.00
1140,  0,  18.983,  0.98,  1, 0.08, 0.15, 1.25, 0.16, 0.41, 0.96, 0.00, 0.19, 0.22, 0.62, 0.00, 1.01, 0.02, 0.15, 0.08, 0.13, 0.00, 0.00, 1.00, 1.00, 0.00, 0.00, 1.00, 0.00, 0.00, 0.00, 1.00, 0.00, 0.00, 0.00, 0.00, 0.00, 0.00, 0.00, 0.00
1141,  0,  19.000,  0.98,  1, 0.11, 0.20, 1.23, 0.19, 0.42, 1.13, 0.00, 0.16, 0.21, 0.76, 0.00, 0.97, 0.04, 0.10, 0.08, 0.07, 0.00, 0.00, 1.00, 1.00, 0.00, 0.00, 1.00, 0.00, 0.00, 0.00, 1.00, 0.00, 0.00, 0.00, 0.00, 0.00, 0.00, 0.00, 0.00
1142,  0,  19.017,  0.98,  1, 0.11, 0.14, 1.29, 0.19, 0.41, 0.96, 0.00, 0.22, 0.30, 0.75, 0.00, 0.99, 0.04, 0.09, 0.08, 0.04, 0.00, 0.00, 1.00, 1.00, 0.00, 0.00, 1.00, 0.00, 0.00, 0.00, 1.00, 0.00, 0.00, 0.00, 0.00, 0.00, 0.00, 0.00, 0.00
1143,  0,  19.033,  0.98,  1, 0.10, 0.05, 1.17, 0.19, 0.55, 1.16, 0.00, 0.35, 0.34, 0.74, 0.00, 1.04, 0.04, 0.07, 0.00, 0.09, 0.00, 0.00, 1.00, 1.00, 0.00, 0.00, 1.00, 0.00, 0.00, 0.00, 1.00, 0.00, 1.00, 0.00, 0.00, 0.00, 0.00, 0.00, 0.00
1144,  0,  19.050,  0.98,  1, 0.19, 0.00, 1.14, 0.00, 0.63, 1.05, 0.00, 0.39, 0.35, 0.76, 0.00, 1.16, 0.06, 0.09, 0.00, 0.17, 0.00, 0.00, 0.00, 1.00, 0.00, 0.00, 1.00, 0.00, 0.00, 0.00, 1.00, 0.00, 0.00, 0.00, 0.00, 0.00, 0.00, 0.00, 0.00
1145,  0,  19.067,  0.98,  1, 0.25, 0.18, 1.16, 0.00, 0.68, 1.07, 0.00, 0.37, 0.27, 0.78, 0.06, 1.18, 0.06, 0.06, 0.00, 0.14, 0.00, 0.00, 0.00, 1.00, 0.00, 0.00, 1.00, 0.00, 0.00, 0.00, 1.00, 0.00, 1.00, 0.00, 0.00, 0.00, 0.00, 0.00, 0.00
1146,  0,  19.083,  0.98,  1, 0.25, 0.18, 1.22, 0.00, 0.65, 0.99, 0.00, 0.39, 0.25, 0.84, 0.06, 1.25, 0.06, 0.06, 0.06, 0.12, 0.00, 0.00, 0.00, 1.00, 0.00, 0.00, 1.00, 0.00, 0.00, 0.00, 1.00, 0.00, 1.00, 0.00, 0.00, 0.00, 0.00, 0.00, 0.00
1147,  0,  19.100,  0.98,  1, 0.28, 0.18, 1.13, 0.00, 0.60, 1.19, 0.00, 0.36, 0.22, 0.83, 0.17, 1.28, 0.01, 0.03, 0.06, 0.13, 0.00, 0.00, 0.00, 1.00, 0.00, 0.00, 1.00, 0.00, 0.00, 0.00, 1.00, 0.00, 0.00, 0.00, 0.00, 0.00, 0.00, 0.00, 0.00
1148,  0,  19.117,  0.98,  1, 0.29, 0.00, 1.20, 0.00, 0.61, 1.22, 0.00, 0.42, 0.29, 0.88, 0.11, 1.23, 0.01, 0.05, 0.06, 0.17, 0.00, 0.00, 1.00, 1.00, 0.00, 0.00, 1.00, 0.00, 0.00, 0.00, 1.00, 0.00, 1.00, 0.00, 0.00, 0.00, 0.00, 0.00, 0.00
1149,  0,  19.133,  0.98,  1, 0.28, 0.00, 1.33, 0.00, 0.54, 1.50, 0.00, 0.41, 0.28, 0.95, 0.12, 1.14, 0.01, 0.09, 0.00, 0.28, 0.00, 0.00, 1.00, 1.00, 0.00, 0.00, 1.00, 0.00, 0.00, 0.00, 1.00, 0.00, 1.00, 0.00, 0.00, 0.00, 0.00, 0.00, 0.00
1150,  0,  19.150,  0.98,  1, 0.14, 0.12, 1.53, 0.00, 0.48, 1.15, 0.00, 0.38, 0.30, 0.97, 0.16, 1.12, 0.00, 0.09, 0.00, 0.18, 0.00, 0.00, 1.00, 1.00, 0.00, 0.00, 1.00, 0.00, 0.00, 0.00, 1.00, 0.00, 0.00, 0.00, 0.00, 0.00, 0.00, 0.00, 0.00
1151,  0,  19.167,  0.98,  1, 0.08, 0.16, 1.40, 0.00, 0.51, 1.29, 0.00, 0.35, 0.29, 0.91, 0.16, 1.23, 0.00, 0.08, 0.00, 0.15, 0.00, 0.00, 1.00, 1.00, 0.00, 0.00, 1.00, 0.00, 0.00, 0.00, 1.00, 0.00, 0.00, 0.00, 0.00, 0.00, 0.00, 0.00, 0.00
1152,  0,  19.183,  0.98,  1, 0.19, 0.18, 1.27, 0.00, 0.57, 1.01, 0.00, 0.38, 0.35, 0.79, 0.16, 1.20, 0.00, 0.05, 0.03, 0.09, 0.00, 0.00, 1.00, 1.00, 0.00, 0.00, 1.00, 0.00, 0.00, 0.00, 1.00, 0.00, 0.00, 0.00, 0.00, 0.00, 0.00, 0.00, 0.00
1153,  0,  19.200,  0.98,  1, 0.29, 0.07, 1.22, 0.00, 0.74, 1.33, 0.00, 0.45, 0.45, 0.70, 0.00, 1.07, 0.00, 0.03, 0.03, 0.20, 0.17, 0.00, 0.00, 1.00, 0.00, 0.00, 1.00, 0.00, 0.00, 0.00, 1.00, 0.00, 0.00, 0.00, 0.00, 0.00, 0.00, 0.00, 0.00
1154,  0,  19.217,  0.98,  1, 0.36, 0.02, 1.28, 0.00, 0.75, 1.36, 0.00, 0.53, 0.44, 0.82, 0.00, 0.93, 0.00, 0.00, 0.03, 0.38, 0.17, 0.00, 0.00, 1.00, 0.00, 0.00, 1.00, 0.00, 0.00, 0.00, 1.00, 0.00, 0.00, 0.00, 0.00, 0.00, 0.00, 0.00, 1.00
1155,  0,  19.233,  0.98,  1, 0.24, 0.00, 1.20, 0.00, 0.91, 1.25, 0.00, 0.53, 0.41, 0.80, 0.00, 0.88, 0.00, 0.00, 0.00, 0.32, 0.17, 0.00, 0.00, 1.00, 0.00, 0.00, 1.00, 0.00, 0.00, 0.00, 1.00, 0.00, 0.00, 0.00, 0.00, 0.00, 0.00, 0.00, 1.00
1156,  0,  19.250,  0.98,  1, 0.22, 0.06, 1.21, 0.00, 0.90, 1.41, 0.00, 0.54, 0.32, 0.68, 0.01, 1.01, 0.12, 0.00, 0.00, 0.21, 0.16, 0.00, 0.00, 1.00, 0.00, 0.00, 1.00, 0.00, 0.00, 0.00, 1.00, 0.00, 0.00, 0.00, 0.00, 0.00, 0.00, 0.00, 1.00
1157,  0,  19.267,  0.98,  1, 0.20, 0.10, 1.22, 0.00, 0.93, 1.37, 0.00, 0.45, 0.31, 0.46, 0.01, 1.01, 0.14, 0.00, 0.00, 0.21, 0.27, 0.00, 0.00, 1.00, 0.00, 0.00, 1.00, 0.00, 0.00, 0.00, 1.00, 0.00, 0.00, 0.00, 0.00, 0.00, 0.00, 0.00, 1.00
1158,  0,  19.283,  0.98,  1, 0.30, 0.16, 1.42, 0.00, 0.89, 1.67, 0.00, 0.40, 0.30, 0.52, 0.01, 1.10, 0.14, 0.00, 0.00, 0.28, 0.46, 0.00, 1.00, 1.00, 0.00, 0.00, 1.00, 0.00, 0.00, 0.00, 1.00, 0.00, 0.00, 0.00, 0.00, 0.00, 0.00, 0.00, 1.00
1159,  0,  19.300,  0.98,  1, 0.52, 0.10, 1.29, 0.00, 0.80, 1.23, 0.00, 0.43, 0.39, 0.75, 0.00, 1.04, 0.03, 0.00, 0.08, 0.28, 0.49, 0.00, 1.00, 1.00, 0.00, 0.00, 1.00, 0.00, 0.00, 0.00, 1.00, 0.00, 0.00, 0.00, 0.00, 0.00, 0.00, 0.00, 1.00
1160,  0,  19.317,  0.98,  1, 0.86, 0.26, 1.18, 0.00, 0.67, 0.81, 0.00, 0.42, 0.46, 1.02, 0.00, 0.98, 0.04, 0.00, 0.14, 0.10, 0.52, 1.00, 1.00, 1.00, 0.00, 0.00, 1.00, 0.00, 0.00, 0.00, 1.00, 0.00, 0.00, 0.00, 0.00, 0.00, 0.00, 0.00, 1.00
1161,  0,  19.333,  0.98,  1, 1.22, 0.37, 0.94, 0.00, 0.41, 0.25, 0.00, 0.44, 0.52, 1.11, 0.00, 0.99, 0.16, 0.00, 0.14, 0.00, 0.58, 1.00, 1.00, 1.00, 0.00, 0.00, 1.00, 0.00, 0.00, 0.00, 1.00, 0.00, 0.00, 0.00, 0.00, 0.00, 0.00, 0.00, 1.00
1162,  0,  19.350,  0.98,  1, 1.30, 0.42, 0.97, 0.00, 0.29, 0.00, 0.00, 0.36, 0.50, 1.04, 0.00, 0.98, 0.16, 0.00, 0.06, 0.10, 0.65, 1.00, 1.00, 1.00, 0.00, 0.00, 1.00, 0.00, 0.00, 0.00, 1.00, 0.00, 0.00, 0.00, 0.00, 0.00, 0.00, 0.00, 1.00
1163,  0,  19.367,  0.98,  1, 1.37, 0.45, 1.01, 0.00, 0.28, 0.12, 0.00, 0.29, 0.45, 0.88, 0.08, 1.00, 0.12, 0.00, 0.00, 0.15, 0.85, 1.00, 1.00, 1.00, 0.00, 0.00, 1.00, 0.00, 0.00, 0.00, 1.00, 0.00, 0.00, 0.00, 0.00, 0.00, 0.00, 0.00, 1.00
1164,  0,  19.383,  0.98,  1, 1.21, 0.43, 1.09, 0.00, 0.33, 0.35, 0.00, 0.34, 0.40, 0.92, 0.18, 0.96, 0.17, 0.00, 0.00, 0.15, 0.87, 1.00, 1.00, 1.00, 0.00, 0.00, 1.00, 0.00, 0.00, 0.00, 1.00, 0.00, 0.00, 0.00, 0.00, 0.00, 0.00, 0.00, 1.00
1165,  0,  19.400,  0.98,  1, 1.13, 0.38, 1.40, 0.00, 0.45, 0.65, 0.00, 0.33, 0.41, 0.84, 0.20, 0.93, 0.27, 0.00, 0.00, 0.09, 0.89, 1.00, 1.00, 1.00, 0.00, 0.00, 1.00, 0.00, 0.00, 0.00, 1.00, 0.00, 0.00, 0.00, 0.00, 0.00, 0.00, 0.00, 1.00
1166,  0,  19.417,  0.98,  1, 0.84, 0.21, 1.43, 0.00, 0.57, 0.75, 0.00, 0.42, 0.43, 0.85, 0.12, 1.05, 0.27, 0.00, 0.00, 0.10, 0.75, 1.00, 1.00, 1.00, 0.00, 0.00, 1.00, 0.00, 0.00, 0.00, 1.00, 0.00, 0.00, 0.00, 0.00, 0.00, 0.00, 0.00, 1.00
1167,  0,  19.433,  0.98,  1, 0.60, 0.06, 1.37, 0.00, 0.66, 0.68, 0.00, 0.34, 0.52, 0.82, 0.11, 1.07, 0.11, 0.00, 0.04, 0.23, 0.52, 0.00, 0.00, 1.00, 0.00, 0.00, 1.00, 0.00, 0.00, 0.00, 1.00, 0.00, 0.00, 0.00, 0.00, 0.00, 0.00, 0.00, 1.00
1168,  0,  19.450,  0.98,  1, 0.36, 0.07, 1.07, 0.00, 0.68, 0.66, 0.00, 0.43, 0.49, 0.81, 0.12, 1.00, 0.00, 0.00, 0.04, 0.18, 0.49, 0.00, 0.00, 1.00, 0.00, 0.00, 1.00, 0.00, 0.00, 0.00, 1.00, 0.00, 0.00, 0.00, 0.00, 0.00, 0.00, 0.00, 1.00
1169,  0,  19.467,  0.98,  1, 0.23, 0.01, 0.93, 0.00, 0.68, 0.75, 0.00, 0.49, 0.50, 0.96, 0.12, 0.91, 0.00, 0.00, 0.04, 0.16, 0.40, 0.00, 0.00, 1.00, 0.00, 0.00, 1.00, 0.00, 0.00, 0.00, 1.00, 0.00, 0.00, 0.00, 0.00, 0.00, 0.00, 0.00, 1.00
1170,  0,  19.483,  0.98,  1, 0.12, 0.04, 0.89, 0.00, 0.75, 0.94, 0.00, 0.50, 0.40, 0.82, 0.10, 0.97, 0.00, 0.00, 0.00, 0.21, 0.35, 0.00, 0.00, 1.00, 0.00, 0.00, 1.00, 0.00, 0.00, 0.00, 1.00, 0.00, 0.00, 0.00, 0.00, 0.00, 0.00, 0.00, 1.00
1171,  0,  19.500,  0.98,  1, 0.06, 0.03, 0.86, 0.00, 0.76, 1.03, 0.00, 0.37, 0.40, 0.94, 0.08, 0.98, 0.00, 0.00, 0.00, 0.21, 0.11, 0.00, 0.00, 1.00, 0.00, 0.00, 1.00, 0.00, 0.00, 0.00, 1.00, 0.00, 0.00, 0.00, 0.00, 0.00, 0.00, 0.00, 1.00
1172,  0,  19.517,  0.98,  1, 0.11, 0.05, 1.05, 0.00, 0.73, 1.12, 0.00, 0.24, 0.39, 0.88, 0.07, 1.08, 0.00, 0.00, 0.00, 0.22, 0.00, 0.00, 0.00, 1.00, 0.00, 0.00, 1.00, 0.00, 0.00, 0.00, 1.00, 0.00, 0.00, 0.00, 0.00, 0.00, 0.00, 0.00, 1.00
1173,  0,  19.533,  0.98,  1, 0.16, 0.02, 1.18, 0.00, 0.62, 0.93, 0.00, 0.14, 0.36, 0.92, 0.00, 0.97, 0.00, 0.00, 0.04, 0.17, 0.00, 0.00, 0.00, 1.00, 0.00, 0.00, 1.00, 0.00, 0.00, 0.00, 1.00, 0.00, 0.00, 0.00, 0.00, 0.00, 0.00, 0.00, 1.00
1174,  0,  19.550,  0.98,  1, 0.14, 0.02, 1.16, 0.00, 0.59, 0.99, 0.00, 0.15, 0.37, 0.94, 0.00, 0.97, 0.00, 0.00, 0.04, 0.28, 0.00, 0.00, 0.00, 1.00, 0.00, 0.00, 1.00, 0.00, 0.00, 0.00, 1.00, 0.00, 0.00, 0.00, 0.00, 0.00, 0.00, 0.00, 0.00
1175,  0,  19.567,  0.98,  1, 0.15, 0.12, 1.07, 0.00, 0.53, 0.92, 0.00, 0.20, 0.34, 0.81, 0.01, 0.97, 0.00, 0.00, 0.04, 0.24, 0.00, 0.00, 0.00, 1.00, 0.00, 0.00, 1.00, 0.00, 0.00, 0.00, 1.00, 0.00, 0.00, 0.00, 0.00, 0.00, 0.00, 0.00, 0.00
1176,  0,  19.583,  0.98,  1, 0.18, 0.12, 1.11, 0.00, 0.53, 1.11, 0.00, 0.30, 0.35, 0.84, 0.03, 0.94, 0.00, 0.00, 0.00, 0.20, 0.00, 0.00, 0.00, 1.00, 0.00, 0.00, 1.00, 0.00, 0.00, 0.00, 1.00, 0.00, 0.00, 0.00, 0.00, 0.00, 0.00, 0.00, 0.00
1177,  0,  19.600,  0.98,  1, 0.18, 0.12, 1.19, 0.00, 0.45, 1.11, 0.00, 0.28, 0.35, 0.85, 0.19, 1.02, 0.09, 0.00, 0.00, 0.21, 0.00, 0.00, 0.00, 1.00, 0.00, 0.00, 1.00, 0.00, 0.00, 0.00, 1.00, 0.00, 0.00, 0.00, 0.00, 0.00, 0.00, 0.00, 0.00
1178,  0,  19.617,  0.98,  1, 0.09, 0.20, 1.22, 0.00, 0.39, 0.88, 0.00, 0.33, 0.40, 1.05, 0.26, 0.94, 0.09, 0.00, 0.04, 0.21, 0.00, 0.00, 0.00, 1.00, 0.00, 0.00, 1.00, 0.00, 0.00, 0.00, 1.00, 0.00, 0.00, 0.00, 0.00, 0.00, 0.00, 0.00, 0.00
1179,  0,  19.633,  0.98,  1, 0.02, 0.30, 1.15, 0.00, 0.32, 0.78, 0.00, 0.26, 0.43, 1.05, 0.28, 1.11, 0.09, 0.02, 0.12, 0.20, 0.00, 0.00, 0.00, 1.00, 0.00, 0.00, 0.00, 0.00, 0.00, 0.00, 1.00, 0.00, 0.00, 0.00, 0.00, 0.00, 0.00, 0.00, 0.00
1180,  0,  19.650,  0.98,  1, 0.12, 0.40, 1.17, 0.00, 0.35, 0.70, 0.00, 0.24, 0.36, 0.87, 0.12, 0.97, 0.02, 0.02, 0.12, 0.08, 0.00, 0.00, 0.00, 1.00, 0.00, 0.00, 0.00, 0.00, 0.00, 0.00, 1.00, 0.00, 0.00, 0.00, 0.00, 0.00, 0.00, 0.00, 0.00
1181,  0,  19.667,  0.98,  1, 0.11, 0.20, 1.10, 0.00, 0.42, 0.85, 0.00, 0.29, 0.38, 0.76, 0.04, 1.00, 0.02, 0.02, 0.08, 0.09, 0.00, 0.00, 0.00, 1.00, 0.00, 0.00, 0.00, 0.00, 0.00, 0.00, 1.00, 0.00, 0.00, 0.00, 0.00, 0.00, 0.00, 0.00, 0.00
1182,  0,  19.683,  0.98,  1, 0.14, 0.10, 1.15, 0.00, 0.55, 0.86, 0.00, 0.32, 0.31, 0.87, 0.00, 0.89, 0.02, 0.00, 0.00, 0.12, 0.03, 0.00, 0.00, 1.00, 0.00, 0.00, 0.00, 0.00, 0.00, 0.00, 1.00, 0.00, 0.00, 0.00, 0.00, 0.00, 0.00, 0.00, 0.00
1183,  0,  19.700,  0.98,  1, 0.04, 0.00, 1.11, 0.00, 0.55, 0.88, 0.00, 0.35, 0.37, 1.08, 0.01, 1.00, 0.00, 0.01, 0.00, 0.14, 0.03, 0.00, 0.00, 1.00, 0.00, 0.00, 0.00, 0.00, 0.00, 0.00, 1.00, 0.00, 0.00, 0.00, 0.00, 0.00, 0.00, 0.00, 0.00
1184,  0,  19.717,  0.98,  1, 0.23, 0.04, 1.18, 0.01, 0.48, 0.76, 0.00, 0.23, 0.27, 1.16, 0.01, 0.89, 0.00, 0.01, 0.00, 0.21, 0.03, 0.00, 0.00, 1.00, 0.00, 0.00, 0.00, 0.00, 0.00, 0.00, 1.00, 0.00, 0.00, 0.00, 0.00, 0.00, 0.00, 0.00, 0.00
1185,  0,  19.733,  0.98,  1, 0.27, 0.04, 1.06, 0.01, 0.40, 0.78, 0.00, 0.16, 0.24, 1.08, 0.06, 0.89, 0.00, 0.01, 0.00, 0.10, 0.00, 0.00, 0.00, 1.00, 0.00, 0.00, 1.00, 0.00, 0.00, 0.00, 1.00, 0.00, 0.00, 0.00, 0.00, 0.00, 0.00, 0.00, 0.00
1186,  0,  19.750,  0.98,  1, 0.29, 0.04, 1.05, 0.01, 0.38, 0.64, 0.00, 0.21, 0.18, 1.07, 0.09, 0.90, 0.00, 0.03, 0.05, 0.11, 0.00, 0.00, 0.00, 1.00, 0.00, 0.00, 1.00, 0.00, 0.00, 0.00, 1.00, 0.00, 0.00, 0.00, 0.00, 0.00, 0.00, 0.00, 0.00
1187,  0,  19.767,  0.98,  1, 0.10, 0.08, 1.00, 0.00, 0.38, 0.85, 0.00, 0.31, 0.18, 0.95, 0.09, 0.99, 0.00, 0.03, 0.05, 0.04, 0.01, 0.00, 0.00, 1.00, 0.00, 0.00, 1.00, 0.00, 0.00, 0.00, 1.00, 0.00, 0.00, 0.00, 0.00, 0.00, 0.00, 0.00, 0.00
1188,  0,  19.783,  0.98,  1, 0.04, 0.08, 1.02, 0.00, 0.42, 0.83, 0.00, 0.28, 0.26, 0.87, 0.03, 1.04, 0.00, 0.03, 0.05, 0.21, 0.01, 0.00, 0.00, 1.00, 0.00, 0.00, 1.00, 0.00, 0.00, 0.00, 1.00, 0.00, 0.00, 0.00, 0.00, 0.00, 0.00, 0.00, 0.00
1189,  0,  19.800,  0.98,  1, 0.03, 0.08, 0.97, 0.01, 0.44, 0.70, 0.00, 0.16, 0.26, 0.76, 0.05, 1.00, 0.00, 0.01, 0.00, 0.18, 0.01, 0.00, 0.00, 1.00, 0.00, 0.00, 1.00, 0.00, 0.00, 0.00, 1.00, 0.00, 0.00, 0.00, 0.00, 0.00, 0.00, 0.00, 0.00
1190,  0,  19.817,  0.98,  1, 0.10, 0.00, 0.96, 0.04, 0.49, 0.63, 0.00, 0.11, 0.31, 0.85, 0.10, 1.03, 0.00, 0.05, 0.00, 0.31, 0.00, 0.00, 0.00, 1.00, 0.00, 0.00, 1.00, 0.00, 0.00, 0.00, 1.00, 0.00, 0.00, 0.00, 0.00, 0.00, 0.00, 0.00, 0.00
1191,  0,  19.833,  0.98,  1, 0.07, 0.00, 0.97, 0.04, 0.48, 0.72, 0.00, 0.18, 0.28, 0.94, 0.10, 1.04, 0.00, 0.10, 0.00, 0.28, 0.00, 0.00, 0.00, 1.00, 0.00, 0.00, 1.00, 0.00, 0.00, 0.00, 1.00, 0.00, 0.00, 0.00, 0.00, 0.00, 0.00, 0.00, 0.00
1192,  0,  19.850,  0.98,  1, 0.07, 0.00, 1.02, 0.11, 0.49, 0.91, 0.00, 0.21, 0.30, 0.99, 0.05, 1.11, 0.08, 0.12, 0.02, 0.28, 0.00, 0.00, 0.00, 1.00, 0.00, 0.00, 1.00, 0.00, 0.00, 0.00, 1.00, 0.00, 0.00, 0.00, 0.00, 0.00, 0.00, 0.00, 0.00
1193,  0,  19.867,  0.98,  1, 0.00, 0.00, 1.20, 0.08, 0.48, 1.01, 0.00, 0.20, 0.30, 0.93, 0.03, 1.08, 0.08, 0.07, 0.02, 0.22, 0.00, 0.00, 0.00, 1.00, 0.00, 0.00, 1.00, 0.00, 0.00, 0.00, 1.00, 0.00, 0.00, 0.00, 0.00, 0.00, 0.00, 0.00, 0.00
1194,  0,  19.883,  0.98,  1, 0.00, 0.00, 1.18, 0.08, 0.55, 0.75, 0.00, 0.24, 0.28, 0.89, 0.03, 1.21, 0.08, 0.02, 0.02, 0.08, 0.00, 0.00, 0.00, 1.00, 0.00, 0.00, 1.00, 0.00, 0.00, 0.00, 1.00, 0.00, 0.00, 0.00, 0.00, 0.00, 0.00, 0.00, 0.00
1195,  0,  19.900,  0.98,  1, 0.01, 0.00, 1.24, 0.00, 0.61, 0.94, 0.00, 0.38, 0.30, 0.94, 0.03, 1.19, 0.02, 0.00, 0.02, 0.22, 0.05, 0.00, 0.00, 1.00, 0.00, 0.00, 1.00, 0.00, 0.00, 0.00, 1.00, 0.00, 0.00, 0.00, 0.00, 0.00, 0.00, 0.00, 0.00
1196,  0,  19.917,  0.98,  1, 0.05, 0.00, 1.10, 0.00, 0.62, 1.05, 0.00, 0.43, 0.30, 1.01, 0.00, 1.19, 0.03, 0.00, 0.02, 0.23, 0.14, 0.00, 0.00, 1.00, 0.00, 0.00, 1.00, 0.00, 0.00, 0.00, 1.00, 0.00, 0.00, 0.00, 0.00, 0.00, 0.00, 0.00, 0.00
1197,  0,  19.933,  0.98,  1, 0.15, 0.04, 1.28, 0.00, 0.66, 1.56, 0.00, 0.54, 0.39, 0.98, 0.00, 0.99, 0.05, 0.00, 0.06, 0.30, 0.30, 0.00, 0.00, 1.00, 0.00, 0.00, 1.00, 0.00, 0.00, 0.00, 1.00, 0.00, 0.00, 0.00, 0.00, 0.00, 0.00, 0.00, 0.00
1198,  0,  19.950,  0.98,  1, 0.39, 0.22, 1.26, 0.00, 0.61, 1.30, 0.00, 0.47, 0.45, 0.95, 0.00, 0.82, 0.03, 0.00, 0.04, 0.16, 0.35, 0.00, 1.00, 1.00, 0.00, 0.00, 1.00, 0.00, 0.00, 0.00, 1.00, 0.00, 0.00, 0.00, 0.00, 0.00, 0.00, 0.00, 1.00
1199,  0,  19.967,  0.98,  1, 0.77, 0.39, 1.23, 0.00, 0.59, 1.04, 0.00, 0.43, 0.55, 0.99, 0.00, 0.87, 0.07, 0.00, 0.04, 0.09, 0.60, 1.00, 0.00, 1.00, 0.00, 0.00, 1.00, 0.00, 0.00, 0.00, 1.00, 0.00, 0.00, 0.00, 0.00, 0.00, 0.00, 0.00, 1.00
1200,  0,  19.983,  0.98,  1, 1.10, 0.44, 0.97, 0.00, 0.47, 0.46, 0.00, 0.47, 0.57, 1.14, 0.09, 0.77, 0.05, 0.00, 0.01, 0.13, 0.74, 1.00, 0.00, 1.00, 0.00, 0.00, 1.00, 0.00, 0.00, 0.00, 1.00, 0.00, 0.00, 0.00, 0.00, 0.00, 0.00, 0.00, 1.00
1201,  0,  20.000,  0.98,  1, 1.23, 0.30, 0.93, 0.00, 0.42, 0.50, 0.00, 0.50, 0.51, 1.17, 0.09, 0.89, 0.16, 0.00, 0.00, 0.16, 0.89, 1.00, 0.00, 1.00, 0.00, 0.00, 1.00, 0.00, 0.00, 0.00, 1.00, 0.00, 0.00, 0.00, 0.00, 0.00, 0.00, 0.00, 1.00
1202,  0,  20.017,  0.98,  1, 1.12, 0.13, 0.95, 0.00, 0.46, 0.72, 0.00, 0.47, 0.45, 1.02, 0.09, 0.77, 0.11, 0.00, 0.08, 0.19, 0.67, 1.00, 0.00, 1.00, 0.00, 0.00, 1.00, 0.00, 0.00, 0.00, 1.00, 0.00, 0.00, 0.00, 0.00, 0.00, 0.00, 0.00, 1.00
1203,  0,  20.033,  0.98,  1, 0.90, 0.23, 1.07, 0.00, 0.57, 1.13, 0.00, 0.38, 0.47, 0.92, 0.07, 0.91, 0.32, 0.00, 0.09, 0.14, 0.63, 1.00, 0.00, 1.00, 0.00, 0.00, 0.00, 0.00, 0.00, 0.00, 1.00, 0.00, 0.00, 0.00, 0.00, 0.00, 0.00, 0.00, 1.00
1204,  0,  20.050,  0.98,  1, 0.60, 0.18, 1.09, 0.00, 0.73, 1.10, 0.00, 0.43, 0.50, 0.96, 0.07, 0.85, 0.25, 0.00, 0.15, 0.11, 0.69, 0.00, 0.00, 1.00, 0.00, 0.00, 1.00, 0.00, 0.00, 0.00, 1.00, 0.00, 0.00, 0.00, 0.00, 0.00, 0.00, 0.00, 1.00
1205,  0,  20.067,  0.98,  1, 0.32, 0.18, 1.11, 0.00, 0.76, 1.12, 0.00, 0.47, 0.49, 0.93, 0.07, 0.96, 0.25, 0.00, 0.07, 0.09, 0.58, 0.00, 0.00, 1.00, 0.00, 0.00, 1.00, 0.00, 0.00, 0.00, 1.00, 0.00, 0.00, 0.00, 0.00, 0.00, 0.00, 0.00, 1.00
1206,  0,  20.083,  0.98,  1, 0.13, 0.00, 1.15, 0.00, 0.75, 1.18, 0.00, 0.53, 0.45, 0.83, 0.00, 1.08, 0.05, 0.00, 0.06, 0.18, 0.38, 0.00, 0.00, 1.00, 0.00, 0.00, 1.00, 0.00, 0.00, 0.00, 1.00, 0.00, 0.00, 0.00, 0.00, 0.00, 0.00, 0.00, 1.00
1207,  0,  20.100,  0.98,  1, 0.04, 0.00, 1.20, 0.00, 0.66, 1.25, 0.00, 0.50, 0.46, 0.82, 0.09, 1.23, 0.01, 0.00, 0.01, 0.28, 0.07, 0.00, 0.00, 1.00, 0.00, 0.00, 1.00, 0.00, 0.00, 0.00, 1.00, 0.00, 1.00, 0.00, 0.00, 0.00, 0.00, 0.00, 1.00
1208,  0,  20.117,  0.98,  1, 0.02, 0.03, 1.27, 0.00, 0.66, 1.18, 0.00, 0.56, 0.47, 1.00, 0.18, 1.32, 0.00, 0.00, 0.01, 0.36, 0.05, 0.00, 0.00, 1.00, 0.00, 0.00, 1.00, 0.00, 0.00, 0.00, 1.00, 0.00, 1.00, 0.00, 0.00, 0.00, 0.00, 0.00, 1.00
1209,  0,  20.133,  0.98,  1, 0.02, 0.03, 1.26, 0.00, 0.62, 1.02, 0.00, 0.44, 0.44, 1.02, 0.18, 1.30, 0.00, 0.00, 0.01, 0.32, 0.07, 0.00, 0.00, 1.00, 0.00, 0.00, 1.00, 0.00, 0.00, 0.00, 1.00, 0.00, 1.00, 0.00, 0.00, 0.00, 0.00, 0.00, 1.00
1210,  0,  20.150,  0.98,  1, 0.03, 0.20, 1.15, 0.00, 0.60, 1.22, 0.00, 0.33, 0.37, 0.80, 0.08, 1.23, 0.02, 0.00, 0.00, 0.29, 0.07, 0.00, 0.00, 1.00, 0.00, 0.00, 1.00, 0.00, 0.00, 0.00, 1.00, 0.00, 1.00, 0.00, 0.00, 0.00, 0.00, 0.00, 0.00
1211,  0,  20.167,  0.98,  1, 0.13, 0.17, 1.15, 0.00, 0.52, 1.13, 0.00, 0.30, 0.31, 0.72, 0.04, 1.21, 0.01, 0.02, 0.00, 0.23, 0.07, 0.00, 0.00, 1.00, 0.00, 0.00, 1.00, 0.00, 0.00, 0.00, 1.00, 0.00, 1.00, 0.00, 0.00, 0.00, 0.00, 0.00, 0.00
1212,  0,  20.183,  0.98,  1, 0.13, 0.22, 1.03, 0.00, 0.51, 1.19, 0.00, 0.27, 0.28, 0.65, 0.04, 1.14, 0.01, 0.02, 0.00, 0.15, 0.00, 0.00, 0.00, 1.00, 0.00, 0.00, 1.00, 0.00, 0.00, 0.00, 1.00, 0.00, 0.00, 0.00, 0.00, 0.00, 0.00, 0.00, 0.00
1213,  0,  20.200,  0.98,  1, 0.18, 0.08, 1.05, 0.00, 0.47, 0.91, 0.00, 0.27, 0.30, 0.88, 0.05, 1.09, 0.00, 0.04, 0.00, 0.13, 0.00, 0.00, 1.00, 1.00, 0.00, 0.00, 1.00, 0.00, 0.00, 0.00, 1.00, 0.00, 0.00, 0.00, 0.00, 0.00, 0.00, 0.00, 0.00
1214,  0,  20.217,  0.98,  1, 0.07, 0.10, 0.92, 0.00, 0.48, 0.89, 0.00, 0.19, 0.27, 0.84, 0.10, 1.05, 0.01, 0.05, 0.08, 0.07, 0.00, 0.00, 1.00, 1.00, 0.00, 0.00, 1.00, 0.00, 0.00, 0.00, 1.00, 0.00, 0.00, 0.00, 0.00, 0.00, 0.00, 0.00, 0.00
1215,  0,  20.233,  0.98,  1, 0.18, 0.23, 0.92, 0.00, 0.47, 0.98, 0.00, 0.26, 0.30, 1.01, 0.12, 0.98, 0.01, 0.05, 0.08, 0.11, 0.00, 0.00, 0.00, 1.00, 0.00, 0.00, 1.00, 0.00, 0.00, 0.00, 1.00, 0.00, 0.00, 0.00, 0.00, 0.00, 0.00, 0.00, 0.00
1216,  0,  20.250,  0.98,  1, 0.21, 0.21, 0.91, 0.00, 0.48, 1.11, 0.00, 0.28, 0.31, 1.01, 0.10, 0.99, 0.01, 0.04, 0.08, 0.18, 0.00, 0.00, 1.00, 1.00, 0.00, 0.00, 1.00, 0.00, 0.00, 0.00, 1.00, 0.00, 0.00, 0.00, 0.00, 0.00, 0.00, 0.00, 0.00
1217,  0,  20.267,  0.98,  1, 0.21, 0.18, 1.11, 0.00, 0.44, 1.22, 0.00, 0.23, 0.35, 1.01, 0.02, 0.92, 0.04, 0.03, 0.00, 0.29, 0.00, 0.00, 0.00, 1.00, 0.00, 0.00, 1.00, 0.00, 0.00, 0.00, 1.00, 0.00, 0.00, 0.00, 0.00, 0.00, 0.00, 0.00, 0.00
1218,  0,  20.283,  0.98,  1, 0.09, 0.03, 1.15, 0.00, 0.40, 0.79, 0.00, 0.14, 0.36, 0.84, 0.00, 0.91, 0.04, 0.03, 0.00, 0.22, 0.00, 0.00, 0.00, 1.00, 0.00, 0.00, 1.00, 0.00, 0.00, 0.00, 1.00, 0.00, 0.00, 0.00, 0.00, 0.00, 0.00, 0.00, 0.00
1219,  0,  20.300,  0.98,  1, 0.00, 0.06, 1.04, 0.00, 0.48, 0.85, 0.00, 0.20, 0.34, 0.72, 0.00, 0.98, 0.04, 0.02, 0.00, 0.12, 0.00, 0.00, 0.00, 1.00, 0.00, 0.00, 1.00, 0.00, 0.00, 0.00, 1.00, 0.00, 0.00, 0.00, 0.00, 0.00, 0.00, 0.00, 0.00
1220,  0,  20.317,  0.98,  1, 0.07, 0.13, 0.95, 0.00, 0.48, 0.65, 0.00, 0.20, 0.33, 0.84, 0.00, 0.98, 0.01, 0.03, 0.01, 0.00, 0.00, 0.00, 0.00, 1.00, 0.00, 0.00, 1.00, 0.00, 0.00, 0.00, 1.00, 0.00, 0.00, 0.00, 0.00, 0.00, 0.00, 0.00, 0.00
1221,  0,  20.333,  0.98,  1, 0.07, 0.10, 1.04, 0.00, 0.50, 0.84, 0.00, 0.22, 0.25, 0.98, 0.00, 0.99, 0.02, 0.06, 0.01, 0.04, 0.00, 0.00, 0.00, 1.00, 0.00, 0.00, 1.00, 0.00, 0.00, 0.00, 1.00, 0.00, 0.00, 0.00, 0.00, 0.00, 0.00, 0.00, 0.00
1222,  0,  20.350,  0.98,  1, 0.10, 0.07, 1.16, 0.00, 0.52, 0.46, 0.00, 0.22, 0.25, 1.01, 0.00, 0.88, 0.02, 0.08, 0.01, 0.09, 0.00, 0.00, 0.00, 1.00, 0.00, 0.00, 1.00, 0.00, 0.00, 0.00, 1.00, 0.00, 0.00, 0.00, 0.00, 0.00, 0.00, 0.00, 0.00
1223,  0,  20.367,  0.98,  1, 0.12, 0.04, 1.16, 0.04, 0.59, 0.65, 0.00, 0.27, 0.28, 0.88, 0.00, 0.92, 0.01, 0.12, 0.00, 0.25, 0.00, 0.00, 0.00, 1.00, 0.00, 0.00, 1.00, 0.00, 0.00, 0.00, 1.00, 0.00, 0.00, 0.00, 0.00, 0.00, 0.00, 0.00, 0.00
1224,  0,  20.383,  0.98,  1, 0.13, 0.10, 1.22, 0.04, 0.52, 0.67, 0.00, 0.23, 0.32, 0.90, 0.07, 0.98, 0.00, 0.11, 0.00, 0.23, 0.00, 0.00, 0.00, 1.00, 0.00, 0.00, 1.00, 0.00, 0.00, 0.00, 1.00, 0.00, 0.00, 0.00, 0.00, 0.00, 0.00, 0.00, 0.00
1225,  0,  20.400,  0.98,  1, 0.10, 0.13, 1.23, 0.04, 0.43, 0.97, 0.00, 0.14, 0.31, 0.92, 0.09, 1.17, 0.04, 0.12, 0.00, 0.20, 0.00, 0.00, 0.00, 1.00, 0.00, 0.00, 1.00, 0.00, 0.00, 0.00, 1.00, 0.00, 0.00, 0.00, 0.00, 0.00, 0.00, 0.00, 0.00
1226,  0,  20.417,  0.98,  1, 0.02, 0.12, 1.22, 0.00, 0.43, 0.85, 0.00, 0.18, 0.30, 1.06, 0.11, 1.30, 0.04, 0.14, 0.00, 0.11, 0.00, 0.00, 1.00, 1.00, 0.00, 0.00, 1.00, 0.00, 0.00, 0.00, 1.00, 0.00, 0.00, 0.00, 0.00, 0.00, 0.00, 0.00, 0.00
1227,  0,  20.433,  0.98,  1, 0.07, 0.06, 1.14, 0.13, 0.44, 0.80, 0.00, 0.23, 0.26, 1.11, 0.04, 1.27, 0.04, 0.14, 0.01, 0.09, 0.00, 0.00, 1.00, 1.00, 0.00, 0.00, 0.00, 0.00, 0.00, 0.00, 1.00, 0.00, 0.00, 0.00, 0.00, 0.00, 0.00, 0.00, 0.00
1228,  0,  20.450,  0.98,  1, 0.25, 0.17, 1.21, 0.19, 0.45, 0.92, 0.00, 0.31, 0.24, 1.08, 0.12, 1.16, 0.00, 0.16, 0.01, 0.08, 0.00, 0.00, 0.00, 1.00, 0.00, 0.00, 0.00, 0.00, 0.00, 0.00, 1.00, 0.00, 0.00, 0.00, 0.00, 0.00, 0.00, 0.00, 0.00
1229,  0,  20.467,  0.98,  1, 0.25, 0.14, 1.19, 0.33, 0.37, 1.02, 0.00, 0.28, 0.25, 1.00, 0.10, 1.02, 0.16, 0.10, 0.01, 0.04, 0.00, 0.00, 0.00, 1.00, 0.00, 0.00, 0.00, 0.00, 0.00, 0.00, 1.00, 0.00, 0.00, 0.00, 0.00, 0.00, 0.00, 0.00, 0.00
1230,  0,  20.483,  0.98,  1, 0.18, 0.14, 1.21, 0.20, 0.41, 1.23, 0.00, 0.35, 0.31, 0.90, 0.16, 1.04, 0.16, 0.07, 0.00, 0.04, 0.00, 0.00, 1.00, 1.00, 0.00, 0.00, 0.00, 0.00, 0.00, 0.00, 1.00, 0.00, 0.00, 0.00, 0.00, 0.00, 0.00, 0.00, 0.00
1231,  0,  20.500,  0.98,  1, 0.05, 0.07, 1.21, 0.17, 0.41, 0.83, 0.00, 0.23, 0.33, 0.93, 0.07, 1.09, 0.16, 0.08, 0.00, 0.04, 0.00, 0.00, 0.00, 1.00, 0.00, 0.00, 1.00, 0.00, 0.00, 0.00, 1.00, 0.00, 0.00, 0.00, 0.00, 0.00, 0.00, 0.00, 0.00
1232,  0,  20.517,  0.98,  1, 0.12, 0.22, 1.22, 0.11, 0.49, 0.81, 0.00, 0.26, 0.33, 1.03, 0.07, 1.02, 0.03, 0.06, 0.13, 0.10, 0.00, 0.00, 0.00, 1.00, 0.00, 0.00, 1.00, 0.00, 0.00, 0.00, 1.00, 0.00, 0.00, 0.00, 0.00, 0.00, 0.00, 0.00, 0.00
1233,  0,  20.533,  0.98,  1, 0.15, 0.22, 1.26, 0.11, 0.47, 0.60, 0.00, 0.23, 0.36, 0.94, 0.04, 1.02, 0.03, 0.07, 0.18, 0.18, 0.00, 0.00, 0.00, 1.00, 0.00, 0.00, 1.00, 0.00, 0.00, 0.00, 1.00, 0.00, 0.00, 0.00, 0.00, 0.00, 0.00, 0.00, 0.00
1234,  0,  20.550,  0.98,  1, 0.10, 0.15, 1.17, 0.08, 0.43, 0.79, 0.00, 0.36, 0.34, 1.03, 0.04, 0.92, 0.03, 0.04, 0.18, 0.18, 0.00, 0.00, 0.00, 1.00, 0.00, 0.00, 1.00, 0.00, 0.00, 0.00, 1.00, 0.00, 0.00, 0.00, 0.00, 0.00, 0.00, 0.00, 0.00
1235,  0,  20.567,  0.98,  1, 0.03, 0.08, 1.16, 0.00, 0.39, 0.71, 0.00, 0.35, 0.31, 0.92, 0.04, 0.99, 0.00, 0.04, 0.09, 0.20, 0.00, 0.00, 0.00, 1.00, 0.00, 0.00, 1.00, 0.00, 0.00, 0.00, 1.00, 0.00, 0.00, 0.00, 0.00, 0.00, 0.00, 0.00, 0.00
1236,  0,  20.583,  0.98,  1, 0.03, 0.08, 0.93, 0.00, 0.38, 0.80, 0.00, 0.32, 0.25, 1.12, 0.03, 1.07, 0.00, 0.06, 0.04, 0.19, 0.00, 0.00, 0.00, 1.00, 0.00, 0.00, 1.00, 0.00, 0.00, 0.00, 1.00, 0.00, 0.00, 0.00, 0.00, 0.00, 0.00, 0.00, 0.00
1237,  0,  20.600,  0.98,  1, 0.09, 0.21, 1.04, 0.00, 0.42, 0.78, 0.00, 0.20, 0.29, 1.06, 0.03, 1.14, 0.03, 0.06, 0.10, 0.31, 0.00, 0.00, 0.00, 1.00, 0.00, 0.00, 1.00, 0.00, 0.00, 0.00, 1.00, 0.00, 0.00, 0.00, 0.00, 0.00, 0.00, 0.00, 0.00
1238,  0,  20.617,  0.98,  1, 0.11, 0.13, 0.92, 0.00, 0.43, 0.68, 0.00, 0.22, 0.24, 1.10, 0.12, 1.15, 0.03, 0.07, 0.07, 0.20, 0.00, 0.00, 0.00, 1.00, 0.00, 0.00, 1.00, 0.00, 0.00, 0.00, 1.00, 0.00, 0.00, 0.00, 0.00, 0.00, 0.00, 0.00, 0.00
1239,  0,  20.633,  0.98,  1, 0.08, 0.18, 1.06, 0.00, 0.39, 0.63, 0.00, 0.16, 0.31, 0.93, 0.09, 1.07, 0.03, 0.05, 0.07, 0.14, 0.00, 0.00, 0.00, 1.00, 0.00, 0.00, 1.00, 0.00, 0.00, 0.00, 1.00, 0.00, 0.00, 0.00, 0.00, 0.00, 0.00, 0.00, 0.00
1240,  0,  20.650,  0.98,  1, 0.05, 0.06, 1.01, 0.00, 0.27, 0.47, 0.00, 0.22, 0.23, 0.90, 0.09, 1.08, 0.00, 0.05, 0.00, 0.03, 0.00, 0.00, 0.00, 1.00, 0.00, 0.00, 1.00, 0.00, 0.00, 0.00, 1.00, 0.00, 1.00, 0.00, 0.00, 0.00, 0.00, 0.00, 0.00
1241,  0,  20.667,  0.98,  1, 0.04, 0.06, 1.14, 0.12, 0.31, 0.46, 0.00, 0.21, 0.24, 0.90, 0.00, 1.10, 0.09, 0.05, 0.00, 0.03, 0.00, 0.00, 0.00, 1.00, 0.00, 0.00, 0.00, 0.00, 0.00, 0.00, 1.00, 0.00, 1.00, 0.00, 0.00, 0.00, 0.00, 0.00, 0.00
1242,  0,  20.683,  0.98,  1, 0.04, 0.01, 1.12, 0.16, 0.35, 0.61, 0.00, 0.27, 0.19, 1.01, 0.00, 1.22, 0.09, 0.13, 0.00, 0.04, 0.00, 0.00, 0.00, 1.00, 0.00, 0.00, 1.00, 0.00, 0.00, 0.00, 1.00, 0.00, 1.00, 0.00, 0.00, 0.00, 0.00, 0.00, 0.00
1243,  0,  20.700,  0.98,  1, 0.06, 0.00, 1.17, 0.16, 0.45, 0.64, 0.00, 0.20, 0.22, 0.99, 0.00, 1.31, 0.11, 0.16, 0.00, 0.12, 0.00, 0.00, 0.00, 1.00, 0.00, 0.00, 1.00, 0.00, 0.00, 0.00, 1.00, 0.00, 1.00, 0.00, 0.00, 0.00, 0.00, 0.00, 0.00
1244,  0,  20.717,  0.98,  1, 0.06, 0.00, 1.23, 0.05, 0.37, 0.67, 0.00, 0.25, 0.20, 1.08, 0.00, 1.35, 0.02, 0.21, 0.00, 0.17, 0.00, 0.00, 0.00, 1.00, 0.00, 0.00, 1.00, 0.00, 0.00, 0.00, 1.00, 0.00, 0.00, 0.00, 0.00, 0.00, 0.00, 0.00, 0.00
1245,  0,  20.733,  0.98,  1, 0.06, 0.00, 1.24, 0.01, 0.42, 0.45, 0.00, 0.22, 0.17, 0.96, 0.00, 1.28, 0.02, 0.18, 0.00, 0.13, 0.00, 0.00, 0.00, 1.00, 0.00, 0.00, 1.00, 0.00, 0.00, 0.00, 1.00, 0.00, 1.00, 0.00, 0.00, 0.00, 0.00, 0.00, 0.00
1246,  0,  20.750,  0.98,  1, 0.01, 0.00, 1.14, 0.13, 0.40, 0.65, 0.00, 0.34, 0.19, 1.00, 0.00, 1.12, 0.02, 0.19, 0.00, 0.10, 0.00, 0.00, 0.00, 1.00, 0.00, 0.00, 1.00, 0.00, 0.00, 0.00, 1.00, 0.00, 1.00, 0.00, 0.00, 0.00, 0.00, 0.00, 0.00
1247,  0,  20.767,  0.98,  1, 0.03, 0.00, 1.11, 0.14, 0.41, 0.62, 0.00, 0.37, 0.18, 0.90, 0.00, 1.13, 0.04, 0.20, 0.00, 0.11, 0.00, 0.00, 0.00, 1.00, 0.00, 0.00, 0.00, 0.00, 0.00, 0.00, 1.00, 0.00, 0.00, 0.00, 0.00, 0.00, 0.00, 0.00, 0.00
1248,  0,  20.783,  0.98,  1, 0.03, 0.00, 1.13, 0.14, 0.33, 0.68, 0.00, 0.36, 0.15, 0.80, 0.00, 1.14, 0.04, 0.20, 0.03, 0.15, 0.00, 0.00, 0.00, 1.00, 0.00, 0.00, 1.00, 0.00, 0.00, 0.00, 1.00, 0.00, 0.00, 0.00, 0.00, 0.00, 0.00, 0.00, 0.00
1249,  0,  20.800,  0.98,  1, 0.06, 0.01, 1.15, 0.02, 0.34, 0.79, 0.00, 0.29, 0.14, 0.81, 0.00, 1.18, 0.03, 0.21, 0.08, 0.16, 0.00, 0.00, 0.00, 1.00, 0.00, 0.00, 1.00, 0.00, 0.00, 0.00, 1.00, 0.00, 0.00, 0.00, 0.00, 0.00, 0.00, 0.00, 0.00
1250,  0,  20.817,  0.98,  1, 0.04, 0.10, 1.01, 0.00, 0.43, 0.83, 0.00, 0.19, 0.20, 0.78, 0.00, 1.19, 0.01, 0.20, 0.08, 0.20, 0.00, 0.00, 0.00, 1.00, 0.00, 0.00, 0.00, 0.00, 0.00, 0.00, 1.00, 0.00, 0.00, 0.00, 0.00, 0.00, 0.00, 0.00, 0.00
1251,  0,  20.833,  0.98,  1, 0.08, 0.10, 1.04, 0.00, 0.48, 0.73, 0.00, 0.20, 0.24, 0.97, 0.00, 1.14, 0.01, 0.16, 0.05, 0.17, 0.00, 0.00, 0.00, 1.00, 0.00, 0.00, 0.00, 0.00, 0.00, 0.00, 1.00, 0.00, 0.00, 0.00, 0.00, 0.00, 0.00, 0.00, 0.00
1252,  0,  20.850,  0.98,  1, 0.09, 0.09, 1.08, 0.03, 0.45, 0.48, 0.00, 0.23, 0.22, 0.98, 0.01, 1.22, 0.00, 0.10, 0.00, 0.10, 0.00, 0.00, 0.00, 1.00, 0.00, 0.00, 0.00, 0.00, 0.00, 0.00, 1.00, 0.00, 0.00, 0.00, 0.00, 0.00, 0.00, 0.00, 0.00
1253,  0,  20.867,  0.98,  1, 0.09, 0.00, 1.23, 0.03, 0.42, 0.50, 0.00, 0.25, 0.21, 0.88, 0.01, 1.12, 0.00, 0.07, 0.01, 0.01, 0.00, 0.00, 0.00, 1.00, 0.00, 0.00, 0.00, 0.00, 0.00, 0.00, 1.00, 0.00, 0.00, 0.00, 0.00, 0.00, 0.00, 0.00, 0.00
1254,  0,  20.883,  0.98,  1, 0.04, 0.05, 1.13, 0.03, 0.40, 0.50, 0.00, 0.26, 0.16, 0.65, 0.06, 1.22, 0.00, 0.12, 0.01, 0.11, 0.00, 0.00, 0.00, 1.00, 0.00, 0.00, 1.00, 0.00, 0.00, 0.00, 1.00, 0.00, 0.00, 0.00, 0.00, 0.00, 0.00, 0.00, 0.00
1255,  0,  20.900,  0.98,  1, 0.00, 0.05, 1.12, 0.03, 0.40, 0.70, 0.00, 0.20, 0.22, 0.60, 0.05, 1.30, 0.00, 0.20, 0.01, 0.14, 0.00, 0.00, 0.00, 1.00, 0.00, 0.00, 1.00, 0.00, 0.00, 0.00, 1.00, 0.00, 0.00, 0.00, 0.00, 0.00, 0.00, 0.00, 0.00
1256,  0,  20.917,  0.98,  1, 0.00, 0.09, 1.12, 0.08, 0.43, 0.82, 0.00, 0.15, 0.28, 0.71, 0.05, 1.36, 0.00, 0.22, 0.03, 0.13, 0.00, 0.00, 1.00, 1.00, 0.00, 0.00, 0.00, 0.00, 0.00, 0.00, 1.00, 0.00, 0.00, 0.00, 0.00, 0.00, 0.00, 0.00, 0.00
1257,  0,  20.933,  0.98,  1, 0.05, 0.15, 1.26, 0.08, 0.41, 0.94, 0.00, 0.21, 0.30, 0.89, 0.09, 1.28, 0.00, 0.21, 0.03, 0.06, 0.00, 0.00, 0.00, 1.00, 0.00, 0.00, 1.00, 0.00, 0.00, 0.00, 1.00, 0.00, 0.00, 0.00, 0.00, 0.00, 0.00, 0.00, 0.00
1258,  0,  20.950,  0.98,  1, 0.12, 0.26, 1.34, 0.10, 0.48, 0.90, 0.00, 0.35, 0.25, 1.01, 0.21, 1.11, 0.00, 0.18, 0.06, 0.08, 0.00, 0.00, 0.00, 1.00, 0.00, 0.00, 1.00, 0.00, 0.00, 0.00, 1.00, 0.00, 0.00, 0.00, 0.00, 0.00, 0.00, 0.00, 0.00
1259,  0,  20.967,  0.98,  1, 0.12, 0.22, 1.36, 0.10, 0.46, 0.69, 0.00, 0.29, 0.21, 0.94, 0.24, 1.16, 0.00, 0.18, 0.04, 0.19, 0.00, 0.00, 0.00, 1.00, 0.00, 0.00, 1.00, 0.00, 0.00, 0.00, 1.00, 0.00, 0.00, 0.00, 0.00, 0.00, 0.00, 0.00, 0.00
1260,  0,  20.983,  0.98,  1, 0.07, 0.18, 1.33, 0.20, 0.51, 0.70, 0.00, 0.17, 0.25, 0.94, 0.20, 1.09, 0.00, 0.18, 0.04, 0.17, 0.00, 0.00, 0.00, 1.00, 0.00, 0.00, 1.00, 0.00, 0.00, 0.00, 1.00, 0.00, 0.00, 0.00, 0.00, 0.00, 0.00, 0.00, 0.00
1261,  0,  21.000,  0.98,  1, 0.00, 0.08, 1.29, 0.31, 0.41, 0.61, 0.00, 0.04, 0.26, 0.76, 0.14, 1.10, 0.00, 0.17, 0.01, 0.15, 0.00, 0.00, 0.00, 1.00, 0.00, 0.00, 1.00, 0.00, 0.00, 0.00, 1.00, 0.00, 0.00, 0.00, 0.00, 0.00, 0.00, 0.00, 0.00
1262,  0,  21.017,  0.98,  1, 0.05, 0.14, 1.05, 0.28, 0.42, 0.50, 0.00, 0.20, 0.27, 0.79, 0.12, 1.00, 0.00, 0.13, 0.00, 0.12, 0.00, 0.00, 0.00, 1.00, 0.00, 0.00, 1.00, 0.00, 0.00, 0.00, 1.00, 0.00, 0.00, 0.00, 0.00, 0.00, 0.00, 0.00, 0.00
1263,  0,  21.033,  0.98,  1, 0.05, 0.08, 0.97, 0.27, 0.45, 0.59, 0.00, 0.33, 0.29, 0.80, 0.08, 0.98, 0.03, 0.08, 0.02, 0.18, 0.00, 0.00, 0.00, 1.00, 0.00, 0.00, 1.00, 0.00, 0.00, 0.00, 1.00, 0.00, 0.00, 0.00, 0.00, 0.00, 0.00, 0.00, 0.00
1264,  0,  21.050,  0.98,  1, 0.11, 0.08, 0.97, 0.10, 0.54, 0.81, 0.00, 0.44, 0.38, 0.89, 0.03, 0.90, 0.03, 0.03, 0.02, 0.13, 0.00, 0.00, 0.00, 1.00, 0.00, 0.00, 1.00, 0.00, 0.00, 0.00, 1.00, 0.00, 0.00, 0.00, 0.00, 0.00, 0.00, 0.00, 0.00
1265,  0,  21.067,  0.98,  1, 0.19, 0.24, 1.20, 0.09, 0.59, 1.02, 0.00, 0.43, 0.39, 0.96, 0.06, 0.94, 0.03, 0.00, 0.02, 0.06, 0.03, 0.00, 0.00, 1.00, 0.00, 0.00, 1.00, 0.00, 0.00, 0.00, 1.00, 0.00, 0.00, 0.00, 0.00, 0.00, 0.00, 0.00, 0.00
1266,  0,  21.083,  0.98,  1, 0.32, 0.22, 1.38, 0.00, 0.64, 0.95, 0.00, 0.42, 0.44, 0.96, 0.07, 0.90, 0.03, 0.00, 0.00, 0.13, 0.12, 0.00, 1.00, 1.00, 0.00, 0.00, 1.00, 0.00, 0.00, 0.00, 1.00, 0.00, 0.00, 0.00, 0.00, 0.00, 0.00, 0.00, 1.00
1267,  0,  21.100,  0.98,  1, 0.57, 0.31, 1.38, 0.00, 0.65, 0.70, 0.00, 0.42, 0.42, 0.89, 0.06, 0.99, 0.15, 0.00, 0.00, 0.15, 0.33, 0.00, 1.00, 1.00, 0.00, 0.00, 1.00, 0.00, 0.00, 0.00, 1.00, 0.00, 0.00, 0.00, 0.00, 0.00, 0.00, 0.00, 1.00
1268,  0,  21.117,  0.98,  1, 0.87, 0.23, 1.39, 0.00, 0.64, 0.67, 0.00, 0.44, 0.51, 0.83, 0.09, 0.97, 0.17, 0.00, 0.00, 0.23, 0.48, 0.00, 1.00, 1.00, 0.00, 0.00, 1.00, 0.00, 0.00, 0.00, 1.00, 0.00, 0.00, 0.00, 0.00, 0.00, 0.00, 0.00, 1.00
1269,  0,  21.133,  0.98,  1, 1.11, 0.23, 1.15, 0.00, 0.49, 0.45, 0.00, 0.47, 0.50, 0.87, 0.07, 1.05, 0.19, 0.00, 0.07, 0.20, 0.65, 0.00, 1.00, 1.00, 0.00, 0.00, 1.00, 0.00, 0.00, 0.00, 1.00, 0.00, 0.00, 0.00, 0.00, 0.00, 0.00, 0.00, 1.00
1270,  0,  21.150,  0.98,  1, 1.19, 0.38, 1.18, 0.00, 0.50, 0.53, 0.00, 0.51, 0.49, 0.87, 0.11, 0.87, 0.08, 0.00, 0.07, 0.23, 0.68, 0.00, 0.00, 1.00, 0.00, 0.00, 1.00, 0.00, 0.00, 0.00, 1.00, 0.00, 0.00, 0.00, 0.00, 0.00, 0.00, 0.00, 1.00
1271,  0,  21.167,  0.98,  1, 0.97, 0.26, 1.01, 0.00, 0.47, 0.48, 0.00, 0.46, 0.43, 0.86, 0.05, 0.92, 0.07, 0.00, 0.07, 0.25, 0.70, 0.00, 0.00, 1.00, 0.00, 0.00, 1.00, 0.00, 0.00, 0.00, 1.00, 0.00, 0.00, 0.00, 0.00, 0.00, 0.00, 0.00, 1.00
1272,  0,  21.183,  0.98,  1, 0.82, 0.33, 1.28, 0.00, 0.59, 0.74, 0.00, 0.41, 0.44, 0.81, 0.05, 1.04, 0.02, 0.00, 0.04, 0.25, 0.66, 0.00, 0.00, 1.00, 0.00, 0.00, 1.00, 0.00, 0.00, 0.00, 1.00, 0.00, 0.00, 0.00, 0.00, 0.00, 0.00, 0.00, 1.00
1273,  0,  21.200,  0.98,  1, 0.55, 0.18, 1.29, 0.00, 0.57, 0.84, 0.00, 0.40, 0.43, 0.89, 0.13, 1.25, 0.04, 0.00, 0.04, 0.20, 0.42, 0.00, 0.00, 1.00, 0.00, 0.00, 1.00, 0.00, 0.00, 0.00, 1.00, 0.00, 0.00, 0.00, 0.00, 0.00, 0.00, 0.00, 1.00
1274,  0,  21.217,  0.98,  1, 0.44, 0.16, 1.55, 0.00, 0.59, 1.10, 0.00, 0.42, 0.40, 0.90, 0.23, 1.25, 0.04, 0.00, 0.03, 0.10, 0.32, 0.00, 0.00, 1.00, 0.00, 0.00, 1.00, 0.00, 0.00, 0.00, 1.00, 0.00, 1.00, 0.00, 0.00, 0.00, 0.00, 0.00, 1.00
1275,  0,  21.233,  0.98,  1, 0.22, 0.09, 1.42, 0.00, 0.59, 0.95, 0.00, 0.46, 0.35, 0.92, 0.23, 1.19, 0.05, 0.00, 0.00, 0.00, 0.13, 0.00, 0.00, 1.00, 0.00, 0.00, 1.00, 0.00, 0.00, 0.00, 1.00, 0.00, 1.00, 0.00, 0.00, 0.00, 0.00, 0.00, 1.00
1276,  0,  21.250,  0.98,  1, 0.09, 0.14, 1.31, 0.00, 0.57, 0.94, 0.00, 0.46, 0.31, 0.83, 0.21, 1.34, 0.01, 0.05, 0.00, 0.05, 0.19, 0.00, 0.00, 1.00, 0.00, 0.00, 1.00, 0.00, 0.00, 0.00, 1.00, 0.00, 1.00, 0.00, 0.00, 0.00, 0.00, 0.00, 1.00
1277,  0,  21.267,  0.98,  1, 0.00, 0.14, 1.07, 0.00, 0.62, 0.88, 0.00, 0.43, 0.32, 0.88, 0.11, 1.40, 0.01, 0.05, 0.00, 0.11, 0.10, 0.00, 0.00, 1.00, 0.00, 0.00, 1.00, 0.00, 0.00, 0.00, 1.00, 0.00, 0.00, 0.00, 0.00, 0.00, 0.00, 0.00, 0.00
1278,  0,  21.283,  0.98,  1, 0.00, 0.32, 1.02, 0.00, 0.61, 1.04, 0.00, 0.35, 0.34, 0.89, 0.11, 1.38, 0.11, 0.06, 0.00, 0.13, 0.07, 0.00, 0.00, 1.00, 0.00, 0.00, 1.00, 0.00, 0.00, 0.00, 1.00, 0.00, 1.00, 0.00, 0.00, 0.00, 0.00, 0.00, 0.00
1279,  0,  21.300,  0.98,  1, 0.00, 0.18, 1.11, 0.00, 0.62, 1.22, 0.00, 0.30, 0.33, 0.98, 0.02, 1.16, 0.11, 0.05, 0.00, 0.15, 0.00, 0.00, 0.00, 1.00, 0.00, 0.00, 1.00, 0.00, 0.00, 0.00, 1.00, 0.00, 1.00, 0.00, 0.00, 0.00, 0.00, 0.00, 0.00
1280,  0,  21.317,  0.98,  1, 0.00, 0.19, 1.25, 0.00, 0.52, 1.18, 0.00, 0.36, 0.27, 0.96, 0.02, 1.21, 0.11, 0.07, 0.00, 0.13, 0.00, 0.00, 0.00, 1.00, 0.00, 0.00, 1.00, 0.00, 0.00, 0.00, 1.00, 0.00, 1.00, 0.00, 0.00, 0.00, 0.00, 0.00, 0.00
1281,  0,  21.333,  0.98,  1, 0.00, 0.02, 1.35, 0.00, 0.46, 0.99, 0.00, 0.41, 0.27, 1.00, 0.02, 1.28, 0.00, 0.13, 0.00, 0.13, 0.00, 0.00, 0.00, 1.00, 0.00, 0.00, 1.00, 0.00, 0.00, 0.00, 1.00, 0.00, 1.00, 0.00, 0.00, 0.00, 0.00, 0.00, 0.00
1282,  0,  21.350,  0.98,  1, 0.09, 0.03, 1.30, 0.00, 0.44, 0.70, 0.00, 0.32, 0.25, 0.90, 0.00, 1.37, 0.03, 0.16, 0.00, 0.16, 0.00, 0.00, 0.00, 1.00, 0.00, 0.00, 1.00, 0.00, 0.00, 0.00, 1.00, 0.00, 0.00, 0.00, 0.00, 0.00, 0.00, 0.00, 0.00
1283,  0,  21.367,  0.98,  1, 0.20, 0.26, 1.29, 0.00, 0.43, 0.59, 0.00, 0.27, 0.24, 0.83, 0.02, 1.22, 0.05, 0.14, 0.00, 0.12, 0.00, 0.00, 0.00, 1.00, 0.00, 0.00, 0.00, 0.00, 0.00, 0.00, 1.00, 0.00, 0.00, 0.00, 0.00, 0.00, 0.00, 0.00, 0.00
1284,  0,  21.383,  0.98,  1, 0.20, 0.26, 1.09, 0.00, 0.42, 0.71, 0.00, 0.23, 0.22, 0.78, 0.02, 1.12, 0.05, 0.10, 0.00, 0.09, 0.00, 0.00, 0.00, 1.00, 0.00, 0.00, 0.00, 0.00, 0.00, 0.00, 1.00, 0.00, 1.00, 0.00, 0.00, 0.00, 0.00, 0.00, 0.00
1285,  0,  21.400,  0.98,  1, 0.13, 0.24, 0.98, 0.00, 0.42, 0.77, 0.00, 0.26, 0.25, 0.89, 0.09, 1.11, 0.18, 0.04, 0.01, 0.05, 0.00, 0.00, 1.00, 1.00, 0.00, 0.00, 0.00, 0.00, 0.00, 0.00, 1.00, 0.00, 0.00, 0.00, 0.00, 0.00, 0.00, 0.00, 0.00
1286,  0,  21.417,  0.98,  1, 0.02, 0.00, 0.89, 0.01, 0.41, 0.86, 0.00, 0.24, 0.30, 1.07, 0.20, 1.22, 0.17, 0.10, 0.04, 0.11, 0.00, 0.00, 1.00, 1.00, 0.00, 0.00, 0.00, 0.00, 0.00, 0.00, 1.00, 0.00, 0.00, 0.00, 0.00, 0.00, 0.00, 0.00, 0.00
1287,  0,  21.433,  0.98,  1, 0.03, 0.00, 1.07, 0.04, 0.45, 0.68, 0.00, 0.28, 0.33, 1.08, 0.24, 1.18, 0.17, 0.09, 0.04, 0.11, 0.00, 0.00, 0.00, 1.00, 0.00, 0.00, 0.00, 0.00, 0.00, 0.00, 1.00, 0.00, 0.00, 0.00, 0.00, 0.00, 0.00, 0.00, 0.00
1288,  0,  21.450,  0.98,  1, 0.01, 0.00, 1.14, 0.04, 0.46, 0.68, 0.00, 0.26, 0.34, 0.99, 0.17, 1.14, 0.03, 0.08, 0.03, 0.08, 0.00, 0.00, 0.00, 1.00, 0.00, 0.00, 0.00, 0.00, 0.00, 0.00, 1.00, 0.00, 1.00, 0.00, 0.00, 0.00, 0.00, 0.00, 0.00
1289,  0,  21.467,  0.98,  1, 0.03, 0.04, 1.09, 0.09, 0.41, 0.77, 0.00, 0.29, 0.28, 0.86, 0.05, 1.13, 0.03, 0.04, 0.00, 0.01, 0.00, 0.00, 0.00, 1.00, 0.00, 0.00, 0.00, 0.00, 0.00, 0.00, 1.00, 0.00, 1.00, 0.00, 0.00, 0.00, 0.00, 0.00, 0.00
1290,  0,  21.483,  0.98,  1, 0.02, 0.04, 1.01, 0.06, 0.37, 0.89, 0.00, 0.25, 0.30, 0.93, 0.05, 1.24, 0.03, 0.05, 0.00, 0.15, 0.00, 0.00, 0.00, 1.00, 0.00, 0.00, 1.00, 0.00, 0.00, 0.00, 1.00, 0.00, 1.00, 0.00, 0.00, 0.00, 0.00, 0.00, 0.00
1291,  0,  21.500,  0.98,  1, 0.08, 0.04, 1.08, 0.06, 0.35, 0.80, 0.00, 0.22, 0.29, 0.94, 0.05, 1.25, 0.02, 0.06, 0.06, 0.17, 0.00, 0.00, 0.00, 1.00, 0.00, 0.00, 1.00, 0.00, 0.00, 0.00, 1.00, 0.00, 1.00, 0.00, 0.00, 0.00, 0.00, 0.00, 0.00
1292,  0,  21.517,  0.98,  1, 0.06, 0.00, 1.12, 0.00, 0.38, 0.74, 0.00, 0.17, 0.27, 1.06, 0.05, 1.27, 0.02, 0.15, 0.06, 0.22, 0.00, 0.00, 0.00, 1.00, 0.00, 0.00, 1.00, 0.00, 0.00, 0.00, 1.00, 0.00, 1.00, 0.00, 0.00, 0.00, 0.00, 0.00, 0.00
1293,  0,  21.533,  0.98,  1, 0.06, 0.00, 1.03, 0.08, 0.37, 0.83, 0.00, 0.23, 0.21, 1.05, 0.00, 1.24, 0.12, 0.16, 0.07, 0.15, 0.00, 0.00, 0.00, 1.00, 0.00, 0.00, 1.00, 0.00, 0.00, 0.00, 1.00, 0.00, 1.00, 0.00, 0.00, 0.00, 0.00, 0.00, 0.00
1294,  0,  21.550,  0.98,  1, 0.00, 0.00, 0.94, 0.08, 0.35, 1.04, 0.00, 0.25, 0.23, 0.99, 0.04, 1.22, 0.10, 0.22, 0.00, 0.12, 0.00, 0.00, 0.00, 1.00, 0.00, 0.00, 1.00, 0.00, 0.00, 0.00, 1.00, 0.00, 1.00, 0.00, 0.00, 0.00, 0.00, 0.00, 0.00
1295,  0,  21.567,  0.98,  1, 0.00, 0.02, 1.00, 0.18, 0.35, 1.07, 0.00, 0.28, 0.27, 0.84, 0.04, 1.10, 0.10, 0.11, 0.01, 0.21, 0.00, 0.00, 0.00, 1.00, 0.00, 0.00, 1.00, 0.00, 0.00, 0.00, 1.00, 0.00, 1.00, 0.00, 0.00, 0.00, 0.00, 0.00, 0.00
1296,  0,  21.583,  0.98,  1, 0.00, 0.02, 1.06, 0.10, 0.41, 0.99, 0.00, 0.26, 0.29, 0.71, 0.04, 1.07, 0.00, 0.12, 0.01, 0.17, 0.00, 0.00, 0.00, 1.00, 0.00, 0.00, 1.00, 0.00, 0.00, 0.00, 1.00, 0.00, 1.00, 0.00, 0.00, 0.00, 0.00, 0.00, 0.00
1297,  0,  21.600,  0.98,  1, 0.07, 0.02, 1.07, 0.10, 0.42, 0.81, 0.00, 0.31, 0.25, 0.88, 0.00, 1.17, 0.00, 0.11, 0.01, 0.19, 0.00, 0.00, 0.00, 1.00, 0.00, 0.00, 1.00, 0.00, 0.00, 0.00, 1.00, 0.00, 1.00, 0.00, 0.00, 0.00, 0.00, 0.00, 0.00
1298,  0,  21.617,  0.98,  1, 0.07, 0.13, 1.03, 0.00, 0.46, 0.86, 0.00, 0.25, 0.25, 1.05, 0.00, 1.30, 0.04, 0.18, 0.07, 0.15, 0.00, 0.00, 0.00, 1.00, 0.00, 0.00, 1.00, 0.00, 0.00, 0.00, 1.00, 0.00, 1.00, 0.00, 0.00, 0.00, 0.00, 0.00, 0.00
1299,  0,  21.633,  0.98,  1, 0.07, 0.13, 1.02, 0.00, 0.39, 1.10, 0.00, 0.23, 0.22, 1.08, 0.00, 1.38, 0.03, 0.18, 0.07, 0.20, 0.00, 0.00, 0.00, 1.00, 0.00, 0.00, 1.00, 0.00, 0.00, 0.00, 1.00, 0.00, 1.00, 0.00, 0.00, 0.00, 0.00, 0.00, 0.00
1300,  0,  21.650,  0.98,  1, 0.02, 0.13, 0.92, 0.05, 0.36, 1.21, 0.00, 0.19, 0.25, 0.82, 0.00, 1.36, 0.03, 0.17, 0.15, 0.19, 0.00, 0.00, 0.00, 1.00, 0.00, 0.00, 1.00, 0.00, 0.00, 0.00, 1.00, 0.00, 1.00, 0.00, 0.00, 0.00, 0.00, 0.00, 0.00
1301,  0,  21.667,  0.98,  1, 0.02, 0.00, 0.92, 0.12, 0.27, 0.83, 0.00, 0.25, 0.24, 0.78, 0.00, 1.25, 0.05, 0.14, 0.08, 0.10, 0.00, 0.00, 0.00, 1.00, 0.00, 0.00, 1.00, 0.00, 0.00, 0.00, 1.00, 0.00, 1.00, 0.00, 0.00, 0.00, 0.00, 0.00, 0.00
1302,  0,  21.683,  0.98,  1, 0.04, 0.00, 0.94, 0.14, 0.33, 0.43, 0.00, 0.26, 0.31, 0.72, 0.00, 1.12, 0.05, 0.13, 0.08, 0.01, 0.00, 0.00, 0.00, 1.00, 0.00, 0.00, 1.00, 0.00, 0.00, 0.00, 1.00, 0.00, 1.00, 0.00, 0.00, 0.00, 0.00, 0.00, 0.00
1303,  0,  21.700,  0.98,  1, 0.03, 0.00, 0.98, 0.08, 0.44, 0.21, 0.00, 0.26, 0.33, 0.94, 0.00, 0.99, 0.05, 0.09, 0.00, 0.00, 0.00, 0.00, 0.00, 1.00, 0.00, 0.00, 0.00, 0.00, 0.00, 0.00, 1.00, 0.00, 0.00, 0.00, 0.00, 0.00, 0.00, 0.00, 0.00
1304,  0,  21.717,  0.98,  1, 0.06, 0.00, 1.00, 0.01, 0.52, 0.43, 0.00, 0.17, 0.30, 0.76, 0.07, 1.02, 0.03, 0.10, 0.00, 0.00, 0.00, 0.00, 0.00, 1.00, 0.00, 0.00, 0.00, 0.00, 0.00, 0.00, 1.00, 0.00, 0.00, 0.00, 0.00, 0.00, 0.00, 0.00, 0.00
1305,  0,  21.733,  0.98,  1, 0.03, 0.00, 0.96, 0.06, 0.51, 0.58, 0.00, 0.16, 0.24, 0.73, 0.12, 1.05, 0.08, 0.08, 0.00, 0.00, 0.00, 0.00, 0.00, 1.00, 0.00, 0.00, 0.00, 0.00, 0.00, 0.00, 1.00, 0.00, 0.00, 0.00, 0.00, 0.00, 0.00, 0.00, 0.00
1306,  0,  21.750,  0.98,  1, 0.10, 0.00, 0.97, 0.06, 0.41, 0.60, 0.00, 0.19, 0.24, 0.64, 0.12, 1.11, 0.08, 0.12, 0.01, 0.00, 0.00, 0.00, 0.00, 1.00, 0.00, 0.00, 0.00, 0.00, 0.00, 0.00, 1.00, 0.00, 0.00, 0.00, 0.00, 0.00, 0.00, 0.00, 0.00
1307,  0,  21.767,  0.98,  1, 0.13, 0.02, 0.99, 0.06, 0.37, 0.59, 0.00, 0.28, 0.27, 0.71, 0.05, 1.12, 0.05, 0.14, 0.01, 0.13, 0.00, 0.00, 0.00, 1.00, 0.00, 0.00, 0.00, 0.00, 0.00, 0.00, 1.00, 0.00, 0.00, 0.00, 0.00, 0.00, 0.00, 0.00, 0.00
1308,  0,  21.783,  0.98,  1, 0.15, 0.02, 0.99, 0.00, 0.37, 0.78, 0.00, 0.36, 0.28, 0.75, 0.06, 1.19, 0.00, 0.11, 0.01, 0.16, 0.00, 0.00, 0.00, 1.00, 0.00, 0.00, 0.00, 0.00, 0.00, 0.00, 1.00, 0.00, 0.00, 0.00, 0.00, 0.00, 0.00, 0.00, 0.00
1309,  0,  21.800,  0.98,  1, 0.09, 0.03, 0.99, 0.00, 0.36, 0.73, 0.00, 0.32, 0.28, 0.77, 0.06, 1.22, 0.06, 0.13, 0.07, 0.24, 0.00, 0.00, 1.00, 1.00, 0.00, 0.00, 1.00, 0.00, 0.00, 0.00, 1.00, 0.00, 0.00, 0.00, 0.00, 0.00, 0.00, 0.00, 0.00
1310,  0,  21.817,  0.98,  1, 0.02, 0.01, 0.88, 0.00, 0.44, 0.78, 0.00, 0.34, 0.26, 0.79, 0.16, 1.21, 0.13, 0.09, 0.10, 0.15, 0.00, 0.00, 0.00, 1.00, 0.00, 0.00, 1.00, 0.00, 0.00, 0.00, 1.00, 0.00, 1.00, 0.00, 0.00, 0.00, 0.00, 0.00, 0.00
1311,  0,  21.833,  0.98,  1, 0.00, 0.01, 1.01, 0.00, 0.41, 0.69, 0.00, 0.28, 0.20, 0.78, 0.10, 1.26, 0.13, 0.13, 0.10, 0.11, 0.00, 0.00, 0.00, 1.00, 0.00, 0.00, 1.00, 0.00, 0.00, 0.00, 1.00, 0.00, 1.00, 0.00, 0.00, 0.00, 0.00, 0.00, 0.00
1312,  0,  21.850,  0.98,  1, 0.00, 0.06, 0.99, 0.00, 0.44, 0.75, 0.00, 0.29, 0.17, 0.70, 0.10, 1.34, 0.07, 0.07, 0.08, 0.13, 0.00, 0.00, 0.00, 1.00, 0.00, 0.00, 1.00, 0.00, 0.00, 0.00, 1.00, 0.00, 1.00, 0.00, 0.00, 0.00, 0.00, 0.00, 0.00
1313,  0,  21.867,  0.98,  1, 0.01, 0.06, 1.04, 0.00, 0.36, 0.53, 0.00, 0.28, 0.16, 0.75, 0.08, 1.35, 0.09, 0.09, 0.05, 0.09, 0.00, 0.00, 1.00, 1.00, 0.00, 0.00, 1.00, 0.00, 0.00, 0.00, 1.00, 0.00, 0.00, 0.00, 0.00, 0.00, 0.00, 0.00, 0.00
1314,  0,  21.883,  0.98,  1, 0.01, 0.06, 0.86, 0.14, 0.40, 0.60, 0.00, 0.26, 0.24, 0.74, 0.08, 1.20, 0.09, 0.07, 0.05, 0.12, 0.00, 0.00, 0.00, 1.00, 0.00, 0.00, 1.00, 0.00, 0.00, 0.00, 1.00, 0.00, 0.00, 0.00, 0.00, 0.00, 0.00, 0.00, 0.00
1315,  0,  21.900,  0.98,  1, 0.02, 0.00, 0.96, 0.14, 0.42, 0.72, 0.00, 0.30, 0.26, 0.85, 0.08, 1.09, 0.10, 0.09, 0.00, 0.08, 0.00, 0.00, 0.00, 1.00, 0.00, 0.00, 1.00, 0.00, 0.00, 0.00, 1.00, 0.00, 0.00, 0.00, 0.00, 0.00, 0.00, 0.00, 0.00
1316,  0,  21.917,  0.98,  1, 0.02, 0.00, 0.97, 0.14, 0.39, 1.10, 0.00, 0.29, 0.31, 0.84, 0.01, 1.06, 0.01, 0.05, 0.00, 0.08, 0.00, 0.00, 0.00, 1.00, 0.00, 0.00, 1.00, 0.00, 0.00, 0.00, 1.00, 0.00, 0.00, 0.00, 0.00, 0.00, 0.00, 0.00, 0.00
1317,  0,  21.933,  0.98,  1, 0.09, 0.00, 1.02, 0.00, 0.38, 0.91, 0.00, 0.26, 0.22, 0.77, 0.01, 0.98, 0.01, 0.05, 0.00, 0.16, 0.00, 0.00, 0.00, 1.00, 0.00, 0.00, 1.00, 0.00, 0.00, 0.00, 1.00, 0.00, 0.00, 0.00, 0.00, 0.00, 0.00, 0.00, 0.00
1318,  0,  21.950,  0.98,  1, 0.07, 0.00, 0.92, 0.00, 0.28, 0.81, 0.00, 0.29, 0.20, 0.86, 0.07, 0.98, 0.01, 0.08, 0.00, 0.13, 0.00, 0.00, 0.00, 1.00, 0.00, 0.00, 0.00, 0.00, 0.00, 0.00, 1.00, 0.00, 0.00, 0.00, 0.00, 0.00, 0.00, 0.00, 0.00
1319,  0,  21.967,  0.98,  1, 0.07, 0.00, 0.93, 0.00, 0.40, 0.81, 0.00, 0.38, 0.21, 0.89, 0.15, 1.04, 0.01, 0.12, 0.00, 0.24, 0.00, 0.00, 0.00, 1.00, 0.00, 0.00, 0.00, 0.00, 0.00, 0.00, 1.00, 0.00, 0.00, 0.00, 0.00, 0.00, 0.00, 0.00, 0.00
1320,  0,  21.983,  0.98,  1, 0.09, 0.13, 1.00, 0.00, 0.36, 0.78, 0.00, 0.46, 0.28, 1.06, 0.19, 1.16, 0.01, 0.14, 0.09, 0.18, 0.00, 0.00, 0.00, 1.00, 0.00, 0.00, 0.00, 0.00, 0.00, 0.00, 1.00, 0.00, 0.00, 0.00, 0.00, 0.00, 0.00, 0.00, 0.00
1321,  0,  22.000,  0.98,  1, 0.12, 0.13, 1.07, 0.00, 0.44, 0.96, 0.00, 0.40, 0.23, 0.97, 0.14, 1.12, 0.00, 0.12, 0.09, 0.24, 0.00, 0.00, 0.00, 1.00, 0.00, 0.00, 0.00, 0.00, 0.00, 0.00, 1.00, 0.00, 0.00, 0.00, 0.00, 0.00, 0.00, 0.00, 0.00
1322,  0,  22.017,  0.98,  1, 0.12, 0.13, 1.07, 0.09, 0.34, 0.68, 0.00, 0.26, 0.23, 0.81, 0.04, 1.02, 0.00, 0.10, 0.09, 0.30, 0.00, 0.00, 0.00, 1.00, 0.00, 0.00, 0.00, 0.00, 0.00, 0.00, 1.00, 0.00, 1.00, 0.00, 0.00, 0.00, 0.00, 0.00, 0.00
1323,  0,  22.033,  0.98,  1, 0.13, 0.00, 1.05, 0.09, 0.33, 0.74, 0.00, 0.23, 0.19, 0.72, 0.01, 1.11, 0.00, 0.11, 0.00, 0.29, 0.00, 0.00, 0.00, 1.00, 0.00, 0.00, 0.00, 0.00, 0.00, 0.00, 1.00, 0.00, 0.00, 0.00, 0.00, 0.00, 0.00, 0.00, 0.00
1324,  0,  22.050,  0.98,  1, 0.10, 0.00, 1.11, 0.09, 0.32, 0.51, 0.00, 0.24, 0.23, 0.76, 0.07, 1.28, 0.01, 0.10, 0.00, 0.31, 0.00, 0.00, 0.00, 1.00, 0.00, 0.00, 0.00, 0.00, 0.00, 0.00, 1.00, 0.00, 0.00, 0.00, 0.00, 0.00, 0.00, 0.00, 0.00
1325,  0,  22.067,  0.98,  1, 0.10, 0.00, 1.15, 0.10, 0.38, 0.49, 0.00, 0.21, 0.17, 0.91, 0.07, 1.25, 0.01, 0.13, 0.00, 0.25, 0.00, 0.00, 0.00, 1.00, 0.00, 0.00, 0.00, 0.00, 0.00, 0.00, 1.00, 0.00, 1.00, 0.00, 0.00, 0.00, 0.00, 0.00, 0.00
1326,  0,  22.083,  0.98,  1, 0.00, 0.01, 1.12, 0.10, 0.44, 0.53, 0.00, 0.18, 0.16, 1.09, 0.06, 1.22, 0.09, 0.09, 0.00, 0.23, 0.00, 0.00, 0.00, 1.00, 0.00, 0.00, 0.00, 0.00, 0.00, 0.00, 1.00, 0.00, 1.00, 0.00, 0.00, 0.00, 0.00, 0.00, 0.00
1327,  0,  22.100,  0.98,  1, 0.00, 0.01, 1.06, 0.10, 0.45, 0.39, 0.00, 0.16, 0.15, 0.98, 0.10, 1.24, 0.08, 0.07, 0.00, 0.20, 0.00, 0.00, 0.00, 1.00, 0.00, 0.00, 0.00, 0.00, 0.00, 0.00, 1.00, 0.00, 1.00, 0.00, 0.00, 0.00, 0.00, 0.00, 0.00
1328,  0,  22.117,  0.98,  1, 0.00, 0.13, 0.96, 0.00, 0.38, 0.56, 0.00, 0.14, 0.13, 0.98, 0.12, 1.31, 0.08, 0.06, 0.00, 0.08, 0.00, 0.00, 0.00, 1.00, 0.00, 0.00, 0.00, 0.00, 0.00, 0.00, 1.00, 0.00, 1.00, 0.00, 0.00, 0.00, 0.00, 0.00, 0.00
1329,  0,  22.133,  0.98,  1, 0.00, 0.13, 0.94, 0.00, 0.32, 0.34, 0.00, 0.18, 0.15, 0.76, 0.12, 1.19, 0.00, 0.10, 0.00, 0.09, 0.00, 0.00, 0.00, 1.00, 0.00, 0.00, 0.00, 0.00, 0.00, 0.00, 1.00, 0.00, 0.00, 0.00, 0.00, 0.00, 0.00, 0.00, 0.00
1330,  0,  22.150,  0.98,  1, 0.00, 0.13, 1.05, 0.01, 0.28, 0.55, 0.00, 0.18, 0.17, 0.89, 0.02, 1.12, 0.01, 0.11, 0.06, 0.16, 0.00, 0.00, 0.00, 1.00, 0.00, 0.00, 0.00, 0.00, 0.00, 0.00, 1.00, 0.00, 0.00, 0.00, 0.00, 0.00, 0.00, 0.00, 0.00
1331,  0,  22.167,  0.98,  1, 0.00, 0.00, 1.19, 0.02, 0.30, 0.54, 0.00, 0.20, 0.19, 0.71, 0.03, 1.02, 0.07, 0.06, 0.06, 0.16, 0.00, 0.00, 0.00, 1.00, 0.00, 0.00, 0.00, 0.00, 0.00, 0.00, 1.00, 0.00, 0.00, 0.00, 0.00, 0.00, 0.00, 0.00, 0.00
1332,  0,  22.183,  0.98,  1, 0.05, 0.00, 1.20, 0.02, 0.26, 0.49, 0.00, 0.14, 0.19, 0.86, 0.04, 1.01, 0.07, 0.07, 0.09, 0.15, 0.00, 0.00, 0.00, 1.00, 0.00, 0.00, 0.00, 0.00, 0.00, 0.00, 1.00, 0.00, 0.00, 0.00, 0.00, 0.00, 0.00, 0.00, 0.00
1333,  0,  22.200,  0.98,  1, 0.09, 0.00, 1.16, 0.01, 0.25, 0.42, 0.00, 0.15, 0.15, 0.74, 0.08, 0.94, 0.09, 0.05, 0.03, 0.08, 0.00, 0.00, 0.00, 1.00, 0.00, 0.00, 0.00, 0.00, 0.00, 0.00, 1.00, 0.00, 0.00, 0.00, 0.00, 0.00, 0.00, 0.00, 0.00
1334,  0,  22.217,  0.98,  1, 0.09, 0.04, 1.14, 0.00, 0.31, 0.22, 0.00, 0.23, 0.19, 0.81, 0.05, 1.05, 0.04, 0.05, 0.03, 0.08, 0.00, 0.00, 0.00, 1.00, 0.00, 0.00, 1.00, 0.00, 0.00, 0.00, 1.00, 0.00, 0.00, 0.00, 0.00, 0.00, 0.00, 0.00, 0.00
1335,  0,  22.233,  0.98,  1, 0.04, 0.04, 1.21, 0.00, 0.40, 0.37, 0.00, 0.18, 0.18, 0.71, 0.04, 1.05, 0.04, 0.02, 0.00, 0.11, 0.00, 0.00, 0.00, 1.00, 0.00, 0.00, 0.00, 0.00, 0.00, 0.00, 1.00, 0.00, 0.00, 0.00, 0.00, 0.00, 0.00, 0.00, 0.00
1336,  0,  22.250,  0.98,  1, 0.02, 0.04, 1.23, 0.05, 0.37, 0.28, 0.00, 0.12, 0.21, 0.73, 0.00, 1.04, 0.00, 0.07, 0.04, 0.05, 0.00, 0.00, 0.00, 1.00, 0.00, 0.00, 0.00, 0.00, 0.00, 0.00, 1.00, 0.00, 0.00, 0.00, 0.00, 0.00, 0.00, 0.00, 0.00
1337,  0,  22.267,  0.98,  1, 0.02, 0.00, 1.03, 0.05, 0.32, 0.38, 0.00, 0.16, 0.18, 0.93, 0.03, 1.02, 0.00, 0.13, 0.08, 0.13, 0.00, 0.00, 0.00, 1.00, 0.00, 0.00, 1.00, 0.00, 0.00, 0.00, 1.00, 0.00, 0.00, 0.00, 0.00, 0.00, 0.00, 0.00, 0.00
1338,  0,  22.283,  0.98,  1, 0.02, 0.13, 1.04, 0.06, 0.31, 0.43, 0.00, 0.28, 0.19, 0.90, 0.03, 1.08, 0.00, 0.12, 0.15, 0.08, 0.00, 0.00, 0.00, 1.00, 0.00, 0.00, 0.00, 0.00, 0.00, 0.00, 1.00, 0.00, 0.00, 0.00, 0.00, 0.00, 0.00, 0.00, 0.00
1339,  0,  22.300,  0.98,  1, 0.05, 0.16, 0.95, 0.01, 0.41, 0.64, 0.00, 0.27, 0.20, 1.02, 0.03, 1.11, 0.00, 0.08, 0.18, 0.16, 0.00, 0.00, 0.00, 1.00, 0.00, 0.00, 0.00, 0.00, 0.00, 0.00, 1.00, 0.00, 0.00, 0.00, 0.00, 0.00, 0.00, 0.00, 0.00
1340,  0,  22.317,  0.98,  1, 0.05, 0.16, 1.13, 0.05, 0.47, 0.70, 0.00, 0.32, 0.22, 1.02, 0.05, 1.13, 0.00, 0.02, 0.14, 0.15, 0.00, 0.00, 0.00, 1.00, 0.00, 0.00, 0.00, 0.00, 0.00, 0.00, 1.00, 0.00, 1.00, 0.00, 0.00, 0.00, 0.00, 0.00, 0.00
1341,  0,  22.333,  0.98,  1, 0.22, 0.03, 1.06, 0.04, 0.51, 0.86, 0.00, 0.33, 0.25, 1.05, 0.05, 1.00, 0.00, 0.02, 0.08, 0.15, 0.09, 0.00, 0.00, 1.00, 0.00, 0.00, 0.00, 0.00, 0.00, 0.00, 1.00, 0.00, 1.00, 0.00, 0.00, 0.00, 0.00, 0.00, 0.00
1342,  0,  22.350,  0.98,  1, 0.32, 0.00, 1.05, 0.04, 0.53, 0.88, 0.00, 0.39, 0.32, 0.90, 0.15, 1.05, 0.02, 0.01, 0.05, 0.18, 0.34, 0.00, 0.00, 1.00, 0.00, 0.00, 0.00, 0.00, 0.00, 0.00, 1.00, 0.00, 1.00, 0.00, 0.00, 0.00, 0.00, 0.00, 0.00
1343,  0,  22.367,  0.98,  1, 0.68, 0.09, 1.01, 0.00, 0.43, 0.65, 0.00, 0.26, 0.37, 0.69, 0.22, 1.00, 0.14, 0.00, 0.05, 0.12, 0.70, 0.00, 0.00, 1.00, 0.00, 0.00, 0.00, 0.00, 0.00, 0.00, 1.00, 0.00, 1.00, 0.00, 0.00, 0.00, 0.00, 0.00, 1.00
1344,  0,  22.383,  0.98,  1, 1.01, 0.36, 1.04, 0.00, 0.38, 0.34, 0.00, 0.26, 0.45, 0.70, 0.33, 1.02, 0.14, 0.00, 0.05, 0.12, 0.98, 1.00, 0.00, 1.00, 0.00, 0.00, 0.00, 0.00, 0.00, 0.00, 1.00, 0.00, 0.00, 0.00, 0.00, 0.00, 0.00, 0.00, 1.00
1345,  0,  22.400,  0.98,  1, 1.41, 0.47, 1.11, 0.00, 0.28, 0.09, 0.00, 0.26, 0.48, 0.79, 0.26, 0.84, 0.12, 0.00, 0.12, 0.02, 1.03, 1.00, 1.00, 1.00, 0.00, 0.00, 0.00, 0.00, 0.00, 0.00, 1.00, 0.00, 0.00, 0.00, 0.00, 0.00, 0.00, 0.00, 1.00
1346,  0,  22.417,  0.98,  1, 1.39, 0.44, 0.94, 0.00, 0.36, 0.26, 0.00, 0.27, 0.51, 0.85, 0.13, 0.86, 0.00, 0.00, 0.31, 0.14, 1.09, 1.00, 1.00, 1.00, 0.00, 0.00, 1.00, 0.00, 0.00, 0.00, 1.00, 0.00, 0.00, 0.00, 0.00, 0.00, 0.00, 0.00, 1.00
1347,  0,  22.433,  0.98,  1, 1.27, 0.17, 0.92, 0.00, 0.42, 0.47, 0.00, 0.31, 0.52, 0.93, 0.15, 0.88, 0.00, 0.00, 0.31, 0.25, 1.03, 1.00, 1.00, 1.00, 0.00, 0.00, 1.00, 0.00, 0.00, 0.00, 1.00, 0.00, 0.00, 0.00, 0.00, 0.00, 0.00, 0.00, 1.00
1348,  0,  22.450,  0.98,  1, 0.92, 0.06, 0.97, 0.02, 0.52, 0.74, 0.00, 0.40, 0.53, 0.79, 0.17, 1.07, 0.00, 0.00, 0.20, 0.28, 0.93, 1.00, 1.00, 1.00, 0.00, 0.00, 1.00, 0.00, 0.00, 0.00, 1.00, 0.00, 0.00, 0.00, 0.00, 0.00, 0.00, 0.00, 1.00
1349,  0,  22.467,  0.98,  1, 0.84, 0.03, 1.30, 0.02, 0.63, 0.79, 0.00, 0.53, 0.54, 0.74, 0.22, 1.03, 0.06, 0.00, 0.00, 0.17, 0.84, 0.00, 1.00, 1.00, 0.00, 0.00, 1.00, 0.00, 0.00, 0.00, 1.00, 0.00, 0.00, 0.00, 0.00, 0.00, 0.00, 0.00, 1.00
1350,  0,  22.483,  0.98,  1, 0.59, 0.08, 1.23, 0.02, 0.69, 0.94, 0.00, 0.62, 0.55, 0.75, 0.18, 1.17, 0.08, 0.00, 0.00, 0.07, 0.66, 0.00, 0.00, 1.00, 0.00, 0.00, 1.00, 0.00, 0.00, 0.00, 1.00, 0.00, 0.00, 0.00, 0.00, 0.00, 0.00, 0.00, 1.00
1351,  0,  22.500,  0.98,  1, 0.58, 0.08, 1.27, 0.00, 0.74, 1.12, 0.00, 0.56, 0.48, 0.81, 0.14, 1.16, 0.08, 0.00, 0.06, 0.05, 0.51, 0.00, 0.00, 1.00, 0.00, 0.00, 1.00, 0.00, 0.00, 0.00, 1.00, 0.00, 1.00, 0.00, 0.00, 0.00, 0.00, 0.00, 1.00
1352,  0,  22.517,  0.98,  1, 0.33, 0.14, 1.09, 0.00, 0.71, 1.44, 0.00, 0.45, 0.46, 0.91, 0.09, 1.20, 0.02, 0.00, 0.06, 0.19, 0.34, 0.00, 0.00, 1.00, 0.00, 0.00, 1.00, 0.00, 0.00, 0.00, 1.00, 0.00, 1.00, 0.00, 0.00, 0.00, 0.00, 0.00, 1.00
1353,  0,  22.533,  0.98,  1, 0.21, 0.09, 1.23, 0.00, 0.65, 1.48, 0.00, 0.33, 0.41, 0.91, 0.01, 1.16, 0.00, 0.00, 0.06, 0.17, 0.28, 0.00, 0.00, 1.00, 0.00, 0.00, 1.00, 0.00, 0.00, 0.00, 1.00, 0.00, 1.00, 0.00, 0.00, 0.00, 0.00, 0.00, 1.00
1354,  0,  22.550,  0.98,  1, 0.08, 0.09, 1.16, 0.00, 0.60, 1.35, 0.00, 0.32, 0.44, 0.92, 0.11, 1.17, 0.06, 0.00, 0.00, 0.21, 0.35, 0.00, 0.00, 1.00, 0.00, 0.00, 1.00, 0.00, 0.00, 0.00, 1.00, 0.00, 1.00, 0.00, 0.00, 0.00, 0.00, 0.00, 1.00
1355,  0,  22.567,  0.98,  1, 0.25, 0.04, 1.19, 0.00, 0.58, 1.25, 0.00, 0.42, 0.43, 0.96, 0.12, 1.19, 0.06, 0.00, 0.00, 0.22, 0.19, 0.00, 0.00, 1.00, 0.00, 0.00, 1.00, 0.00, 0.00, 0.00, 1.00, 0.00, 1.00, 0.00, 0.00, 0.00, 0.00, 0.00, 1.00
1356,  0,  22.583,  0.98,  1, 0.31, 0.04, 1.10, 0.00, 0.60, 1.14, 0.00, 0.40, 0.43, 0.89, 0.12, 1.25, 0.06, 0.00, 0.00, 0.23, 0.40, 0.00, 0.00, 1.00, 0.00, 0.00, 1.00, 0.00, 0.00, 0.00, 1.00, 0.00, 1.00, 0.00, 0.00, 0.00, 0.00, 0.00, 1.00
1357,  0,  22.600,  0.98,  1, 0.35, 0.08, 1.16, 0.00, 0.58, 1.25, 0.00, 0.40, 0.44, 1.04, 0.11, 1.32, 0.00, 0.00, 0.00, 0.30, 0.43, 0.00, 0.00, 1.00, 0.00, 0.00, 1.00, 0.00, 0.00, 0.00, 1.00, 0.00, 1.00, 0.00, 0.00, 0.00, 0.00, 0.00, 1.00
1358,  0,  22.617,  0.98,  1, 0.17, 0.04, 1.12, 0.00, 0.55, 1.04, 0.00, 0.28, 0.42, 0.98, 0.11, 1.44, 0.00, 0.03, 0.00, 0.17, 0.44, 0.00, 0.00, 1.00, 0.00, 0.00, 1.00, 0.00, 0.00, 0.00, 1.00, 0.00, 1.00, 0.00, 0.00, 0.00, 0.00, 0.00, 1.00
1359,  0,  22.633,  0.98,  1, 0.18, 0.14, 1.07, 0.00, 0.48, 0.86, 0.00, 0.14, 0.33, 0.97, 0.11, 1.40, 0.00, 0.03, 0.00, 0.16, 0.15, 0.00, 0.00, 1.00, 0.00, 0.00, 1.00, 0.00, 0.00, 0.00, 1.00, 0.00, 1.00, 0.00, 0.00, 0.00, 0.00, 0.00, 0.00
1360,  0,  22.650,  0.98,  1, 0.18, 0.19, 0.94, 0.00, 0.47, 0.80, 0.00, 0.04, 0.31, 0.86, 0.07, 1.32, 0.05, 0.03, 0.00, 0.02, 0.01, 0.00, 0.00, 1.00, 0.00, 0.00, 1.00, 0.00, 0.00, 0.00, 1.00, 0.00, 1.00, 0.00, 0.00, 0.00, 0.00, 0.00, 0.00
1361,  0,  22.667,  0.98,  1, 0.18, 0.26, 0.90, 0.00, 0.43, 0.80, 0.00, 0.13, 0.32, 0.83, 0.11, 1.18, 0.05, 0.00, 0.00, 0.00, 0.00, 0.00, 0.00, 1.00, 0.00, 0.00, 1.00, 0.00, 0.00, 0.00, 1.00, 0.00, 1.00, 0.00, 0.00, 0.00, 0.00, 0.00, 0.00
1362,  0,  22.683,  0.98,  1, 0.20, 0.21, 1.04, 0.00, 0.47, 1.06, 0.00, 0.24, 0.37, 0.92, 0.11, 1.13, 0.05, 0.00, 0.03, 0.08, 0.00, 0.00, 0.00, 1.00, 0.00, 0.00, 1.00, 0.00, 0.00, 0.00, 1.00, 0.00, 1.00, 0.00, 0.00, 0.00, 0.00, 0.00, 0.00
1363,  0,  22.700,  0.98,  1, 0.12, 0.12, 1.15, 0.00, 0.49, 0.92, 0.00, 0.35, 0.41, 0.98, 0.12, 1.04, 0.02, 0.00, 0.06, 0.16, 0.00, 0.00, 0.00, 1.00, 0.00, 0.00, 1.00, 0.00, 0.00, 0.00, 1.00, 0.00, 0.00, 0.00, 0.00, 0.00, 0.00, 0.00, 0.00
1364,  0,  22.717,  0.98,  1, 0.13, 0.07, 1.20, 0.00, 0.53, 1.17, 0.00, 0.36, 0.38, 0.92, 0.10, 0.94, 0.03, 0.00, 0.15, 0.22, 0.00, 0.00, 0.00, 1.00, 0.00, 0.00, 1.00, 0.00, 0.00, 0.00, 1.00, 0.00, 0.00, 0.00, 0.00, 0.00, 0.00, 0.00, 0.00
1365,  0,  22.733,  0.98,  1, 0.05, 0.03, 1.00, 0.00, 0.48, 0.79, 0.00, 0.35, 0.38, 0.91, 0.10, 0.94, 0.03, 0.00, 0.20, 0.25, 0.00, 0.00, 0.00, 1.00, 0.00, 0.00, 1.00, 0.00, 0.00, 0.00, 1.00, 0.00, 0.00, 0.00, 0.00, 0.00, 0.00, 0.00, 0.00
1366,  0,  22.750,  0.98,  1, 0.09, 0.08, 0.92, 0.00, 0.42, 0.83, 0.00, 0.42, 0.30, 0.80, 0.03, 0.88, 0.01, 0.00, 0.17, 0.26, 0.00, 0.00, 0.00, 1.00, 0.00, 0.00, 1.00, 0.00, 0.00, 0.00, 1.00, 0.00, 0.00, 0.00, 0.00, 0.00, 0.00, 0.00, 0.00
1367,  0,  22.767,  0.98,  1, 0.24, 0.36, 1.02, 0.00, 0.47, 0.82, 0.00, 0.37, 0.30, 0.84, 0.03, 1.05, 0.03, 0.00, 0.11, 0.21, 0.00, 0.00, 0.00, 1.00, 0.00, 0.00, 1.00, 0.00, 0.00, 0.00, 1.00, 0.00, 0.00, 0.00, 0.00, 0.00, 0.00, 0.00, 0.00
1368,  0,  22.783,  0.98,  1, 0.23, 0.37, 1.07, 0.00, 0.46, 1.26, 0.00, 0.43, 0.30, 0.68, 0.04, 1.11, 0.04, 0.00, 0.02, 0.19, 0.00, 0.00, 0.00, 1.00, 0.00, 0.00, 0.00, 0.00, 0.00, 0.00, 1.00, 0.00, 0.00, 0.00, 0.00, 0.00, 0.00, 0.00, 0.00
1369,  0,  22.800,  0.98,  1, 0.21, 0.33, 1.05, 0.00, 0.50, 1.16, 0.00, 0.40, 0.31, 0.70, 0.04, 1.18, 0.04, 0.00, 0.02, 0.16, 0.00, 0.00, 0.00, 1.00, 0.00, 0.00, 0.00, 0.00, 0.00, 0.00, 1.00, 0.00, 0.00, 0.00, 0.00, 0.00, 0.00, 0.00, 0.00
1370,  0,  22.817,  0.98,  1, 0.05, 0.02, 0.99, 0.00, 0.42, 1.07, 0.00, 0.44, 0.33, 0.72, 0.01, 1.09, 0.02, 0.00, 0.01, 0.17, 0.00, 0.00, 0.00, 1.00, 0.00, 0.00, 1.00, 0.00, 0.00, 0.00, 1.00, 0.00, 0.00, 0.00, 0.00, 0.00, 0.00, 0.00, 0.00
1371,  0,  22.833,  0.98,  1, 0.02, 0.01, 1.00, 0.00, 0.47, 0.83, 0.00, 0.35, 0.31, 0.94, 0.04, 1.15, 0.02, 0.00, 0.01, 0.14, 0.00, 0.00, 0.00, 1.00, 0.00, 0.00, 1.00, 0.00, 0.00, 0.00, 1.00, 0.00, 1.00, 0.00, 0.00, 0.00, 0.00, 0.00, 0.00
1372,  0,  22.850,  0.98,  1, 0.00, 0.06, 0.94, 0.00, 0.46, 0.89, 0.00, 0.34, 0.32, 1.11, 0.11, 1.29, 0.04, 0.00, 0.09, 0.21, 0.00, 0.00, 0.00, 1.00, 0.00, 0.00, 0.00, 0.00, 0.00, 0.00, 1.00, 0.00, 0.00, 0.00, 0.00, 0.00, 0.00, 0.00, 0.00
1373,  0,  22.867,  0.98,  1, 0.01, 0.13, 0.97, 0.00, 0.47, 0.76, 0.00, 0.28, 0.32, 1.19, 0.11, 1.35, 0.02, 0.00, 0.07, 0.23, 0.00, 0.00, 0.00, 1.00, 0.00, 0.00, 0.00, 0.00, 0.00, 0.00, 1.00, 0.00, 1.00, 0.00, 0.00, 0.00, 0.00, 0.00, 0.00
1374,  0,  22.883,  0.98,  1, 0.01, 0.13, 1.09, 0.00, 0.42, 0.76, 0.00, 0.34, 0.35, 1.13, 0.14, 1.20, 0.04, 0.00, 0.07, 0.28, 0.00, 0.00, 0.00, 1.00, 0.00, 0.00, 1.00, 0.00, 0.00, 0.00, 1.00, 0.00, 1.00, 0.00, 0.00, 0.00, 0.00, 0.00, 0.00
1375,  0,  22.900,  0.98,  1, 0.01, 0.07, 1.11, 0.00, 0.41, 0.63, 0.00, 0.25, 0.37, 0.89, 0.06, 1.20, 0.02, 0.02, 0.00, 0.23, 0.00, 0.00, 0.00, 1.00, 0.00, 0.00, 1.00, 0.00, 0.00, 0.00, 1.00, 0.00, 1.00, 0.00, 0.00, 0.00, 0.00, 0.00, 0.00
1376,  0,  22.917,  0.98,  1, 0.08, 0.04, 1.19, 0.00, 0.40, 0.66, 0.00, 0.25, 0.35, 0.82, 0.06, 1.08, 0.02, 0.02, 0.00, 0.19, 0.00, 0.00, 0.00, 1.00, 0.00, 0.00, 0.00, 0.00, 0.00, 0.00, 1.00, 0.00, 1.00, 0.00, 0.00, 0.00, 0.00, 0.00, 0.00
1377,  0,  22.933,  0.98,  1, 0.12, 0.04, 0.93, 0.00, 0.40, 0.50, 0.00, 0.11, 0.30, 0.64, 0.06, 1.14, 0.06, 0.06, 0.00, 0.15, 0.00, 0.00, 0.00, 1.00, 0.00, 0.00, 0.00, 0.00, 0.00, 0.00, 1.00, 0.00, 1.00, 0.00, 0.00, 0.00, 0.00, 0.00, 0.00
1378,  0,  22.950,  0.98,  1, 0.15, 0.04, 0.90, 0.00, 0.43, 0.67, 0.00, 0.16, 0.30, 0.89, 0.15, 0.98, 0.06, 0.03, 0.03, 0.13, 0.00, 0.00, 0.00, 1.00, 0.00, 0.00, 1.00, 0.00, 0.00, 0.00, 1.00, 0.00, 0.00, 0.00, 0.00, 0.00, 0.00, 0.00, 0.00
1379,  0,  22.967,  0.98,  1, 0.07, 0.00, 0.70, 0.00, 0.48, 0.78, 0.00, 0.18, 0.27, 0.93, 0.15, 1.16, 0.06, 0.05, 0.14, 0.26, 0.00, 0.00, 0.00, 1.00, 0.00, 0.00, 1.00, 0.00, 0.00, 0.00, 1.00, 0.00, 0.00, 0.00, 0.00, 0.00, 0.00, 0.00, 0.00
1380,  0,  22.983,  0.98,  1, 0.03, 0.00, 0.80, 0.00, 0.55, 0.95, 0.00, 0.29, 0.31, 0.94, 0.25, 1.13, 0.13, 0.02, 0.14, 0.21, 0.00, 0.00, 0.00, 1.00, 0.00, 0.00, 0.00, 0.00, 0.00, 0.00, 1.00, 0.00, 0.00, 0.00, 0.00, 0.00, 0.00, 0.00, 0.00
1381,  0,  23.000,  0.98,  1, 0.10, 0.18, 0.76, 0.00, 0.50, 0.65, 0.00, 0.27, 0.27, 0.80, 0.21, 1.18, 0.15, 0.04, 0.11, 0.16, 0.00, 0.00, 0.00, 1.00, 0.00, 0.00, 0.00, 0.00, 0.00, 0.00, 1.00, 0.00, 0.00, 0.00, 0.00, 0.00, 0.00, 0.00, 0.00
1382,  0,  23.017,  0.98,  1, 0.10, 0.18, 0.94, 0.00, 0.44, 0.52, 0.00, 0.34, 0.28, 0.81, 0.21, 1.08, 0.19, 0.02, 0.05, 0.15, 0.00, 0.00, 0.00, 1.00, 0.00, 0.00, 0.00, 0.00, 0.00, 0.00, 1.00, 0.00, 0.00, 0.00, 0.00, 0.00, 0.00, 0.00, 0.00
1383,  0,  23.033,  0.98,  1, 0.16, 0.18, 1.03, 0.00, 0.38, 0.51, 0.00, 0.38, 0.25, 0.96, 0.18, 1.18, 0.15, 0.02, 0.05, 0.14, 0.00, 0.00, 0.00, 1.00, 0.00, 0.00, 0.00, 0.00, 0.00, 0.00, 1.00, 0.00, 0.00, 0.00, 0.00, 0.00, 0.00, 0.00, 0.00
1384,  0,  23.050,  0.98,  1, 0.06, 0.03, 0.98, 0.00, 0.36, 0.63, 0.00, 0.33, 0.21, 0.87, 0.12, 1.16, 0.13, 0.00, 0.05, 0.14, 0.00, 0.00, 0.00, 1.00, 0.00, 0.00, 0.00, 0.00, 0.00, 0.00, 1.00, 0.00, 0.00, 0.00, 0.00, 0.00, 0.00, 0.00, 0.00
1385,  0,  23.067,  0.98,  1, 0.26, 0.05, 1.00, 0.00, 0.34, 0.57, 0.00, 0.22, 0.27, 0.90, 0.16, 1.11, 0.09, 0.00, 0.00, 0.02, 0.00, 0.00, 0.00, 1.00, 0.00, 0.00, 0.00, 0.00, 0.00, 0.00, 1.00, 0.00, 0.00, 0.00, 0.00, 0.00, 0.00, 0.00, 0.00
1386,  0,  23.083,  0.98,  1, 0.28, 0.05, 0.93, 0.00, 0.40, 0.65, 0.00, 0.14, 0.28, 0.84, 0.04, 1.08, 0.00, 0.00, 0.03, 0.01, 0.00, 0.00, 0.00, 1.00, 0.00, 0.00, 0.00, 0.00, 0.00, 0.00, 1.00, 0.00, 0.00, 0.00, 0.00, 0.00, 0.00, 0.00, 0.00
1387,  0,  23.100,  0.98,  1, 0.29, 0.02, 1.01, 0.00, 0.41, 0.86, 0.00, 0.16, 0.31, 0.94, 0.04, 1.12, 0.00, 0.00, 0.03, 0.07, 0.00, 0.00, 0.00, 1.00, 0.00, 0.00, 0.00, 0.00, 0.00, 0.00, 1.00, 0.00, 0.00, 0.00, 0.00, 0.00, 0.00, 0.00, 0.00
1388,  0,  23.117,  0.98,  1, 0.11, 0.14, 0.95, 0.00, 0.41, 0.87, 0.00, 0.17, 0.28, 0.74, 0.00, 1.00, 0.06, 0.00, 0.03, 0.06, 0.00, 0.00, 1.00, 1.00, 0.00, 0.00, 0.00, 0.00, 0.00, 0.00, 1.00, 0.00, 0.00, 0.00, 0.00, 0.00, 0.00, 0.00, 0.00
1389,  0,  23.133,  0.98,  1, 0.03, 0.22, 0.92, 0.01, 0.33, 0.74, 0.00, 0.21, 0.28, 0.79, 0.00, 0.88, 0.06, 0.00, 0.06, 0.12, 0.00, 0.00, 1.00, 1.00, 0.00, 0.00, 0.00, 0.00, 0.00, 0.00, 1.00, 0.00, 0.00, 0.00, 0.00, 0.00, 0.00, 0.00, 0.00
1390,  0,  23.150,  0.98,  1, 0.09, 0.25, 1.05, 0.01, 0.36, 0.81, 0.00, 0.29, 0.29, 0.87, 0.05, 0.86, 0.06, 0.00, 0.06, 0.18, 0.00, 0.00, 1.00, 1.00, 0.00, 0.00, 1.00, 0.00, 0.00, 0.00, 1.00, 0.00, 0.00, 0.00, 0.00, 0.00, 0.00, 0.00, 0.00
1391,  0,  23.167,  0.98,  1, 0.20, 0.12, 0.98, 0.01, 0.37, 0.71, 0.00, 0.30, 0.28, 0.98, 0.05, 0.97, 0.00, 0.00, 0.14, 0.23, 0.00, 0.00, 1.00, 1.00, 0.00, 0.00, 1.00, 0.00, 0.00, 0.00, 1.00, 0.00, 0.00, 0.00, 0.00, 0.00, 0.00, 0.00, 0.00
1392,  0,  23.183,  0.98,  1, 0.29, 0.09, 1.04, 0.00, 0.41, 0.70, 0.00, 0.31, 0.29, 0.83, 0.05, 1.02, 0.01, 0.00, 0.11, 0.18, 0.00, 0.00, 1.00, 1.00, 0.00, 0.00, 0.00, 0.00, 0.00, 0.00, 1.00, 0.00, 0.00, 0.00, 0.00, 0.00, 0.00, 0.00, 0.00
1393,  0,  23.200,  0.98,  1, 0.34, 0.06, 0.88, 0.00, 0.42, 0.71, 0.00, 0.22, 0.33, 0.77, 0.04, 1.01, 0.02, 0.00, 0.11, 0.07, 0.00, 0.00, 1.00, 1.00, 0.00, 0.00, 0.00, 0.00, 0.00, 0.00, 1.00, 0.00, 0.00, 0.00, 0.00, 0.00, 0.00, 0.00, 0.00
1394,  0,  23.217,  0.98,  1, 0.32, 0.06, 0.87, 0.00, 0.39, 0.70, 0.00, 0.22, 0.36, 0.81, 0.04, 1.13, 0.02, 0.00, 0.02, 0.03, 0.00, 0.00, 1.00, 1.00, 0.00, 0.00, 0.00, 0.00, 0.00, 0.00, 1.00, 0.00, 0.00, 0.00, 0.00, 0.00, 0.00, 0.00, 0.00
1395,  0,  23.233,  0.98,  1, 0.32, 0.06, 1.02, 0.00, 0.39, 0.83, 0.00, 0.28, 0.41, 0.98, 0.03, 1.14, 0.01, 0.00, 0.15, 0.12, 0.00, 0.00, 1.00, 1.00, 0.00, 0.00, 0.00, 0.00, 0.00, 0.00, 1.00, 0.00, 0.00, 0.00, 0.00, 0.00, 0.00, 0.00, 0.00
1396,  0,  23.250,  0.98,  1, 0.24, 0.06, 1.02, 0.00, 0.36, 0.61, 0.00, 0.33, 0.39, 0.99, 0.02, 1.15, 0.00, 0.00, 0.15, 0.27, 0.00, 0.00, 1.00, 1.00, 0.00, 0.00, 1.00, 0.00, 0.00, 0.00, 1.00, 0.00, 0.00, 0.00, 0.00, 0.00, 0.00, 0.00, 0.00
1397,  0,  23.267,  0.98,  1, 0.22, 0.06, 1.14, 0.00, 0.36, 0.97, 0.00, 0.37, 0.35, 0.93, 0.02, 1.04, 0.00, 0.00, 0.15, 0.33, 0.00, 0.00, 1.00, 1.00, 0.00, 0.00, 0.00, 0.00, 0.00, 0.00, 1.00, 0.00, 0.00, 0.00, 0.00, 0.00, 0.00, 0.00, 0.00
1398,  0,  23.283,  0.98,  1, 0.17, 0.13, 0.96, 0.00, 0.36, 1.07, 0.00, 0.33, 0.30, 0.85, 0.02, 1.04, 0.00, 0.00, 0.06, 0.22, 0.00, 0.00, 1.00, 1.00, 0.00, 0.00, 0.00, 0.00, 0.00, 0.00, 1.00, 0.00, 0.00, 0.00, 0.00, 0.00, 0.00, 0.00, 0.00
1399,  0,  23.300,  0.98,  1, 0.13, 0.13, 0.98, 0.00, 0.36, 1.07, 0.00, 0.25, 0.31, 0.81, 0.00, 1.09, 0.02, 0.03, 0.10, 0.12, 0.00, 0.00, 1.00, 1.00, 0.00, 0.00, 0.00, 0.00, 0.00, 0.00, 1.00, 0.00, 1.00, 0.00, 0.00, 0.00, 0.00, 0.00, 0.00
1400,  0,  23.317,  0.98,  1, 0.15, 0.13, 0.94, 0.00, 0.45, 0.81, 0.00, 0.25, 0.35, 0.94, 0.00, 0.98, 0.02, 0.05, 0.13, 0.14, 0.00, 0.00, 1.00, 1.00, 0.00, 0.00, 0.00, 0.00, 0.00, 0.00, 1.00, 0.00, 1.00, 0.00, 0.00, 0.00, 0.00, 0.00, 0.00
1401,  0,  23.333,  0.98,  1, 0.11, 0.00, 1.00, 0.00, 0.42, 0.56, 0.00, 0.14, 0.32, 1.04, 0.00, 1.10, 0.02, 0.11, 0.07, 0.34, 0.00, 0.00, 1.00, 1.00, 0.00, 0.00, 1.00, 0.00, 0.00, 0.00, 1.00, 0.00, 1.00, 0.00, 0.00, 0.00, 0.00, 0.00, 0.00
1402,  0,  23.350,  0.98,  1, 0.12, 0.11, 1.05, 0.00, 0.43, 0.79, 0.00, 0.23, 0.33, 1.06, 0.00, 1.04, 0.00, 0.10, 0.07, 0.34, 0.00, 0.00, 1.00, 1.00, 0.00, 0.00, 0.00, 0.00, 0.00, 0.00, 1.00, 0.00, 1.00, 0.00, 0.00, 0.00, 0.00, 0.00, 0.00
1403,  0,  23.367,  0.98,  1, 0.09, 0.16, 1.12, 0.00, 0.41, 1.12, 0.00, 0.14, 0.32, 1.04, 0.00, 1.35, 0.00, 0.09, 0.04, 0.29, 0.00, 0.00, 1.00, 1.00, 0.00, 0.00, 0.00, 0.00, 0.00, 0.00, 1.00, 0.00, 1.00, 0.00, 0.00, 0.00, 0.00, 0.00, 0.00
1404,  0,  23.383,  0.98,  1, 0.27, 0.16, 1.14, 0.00, 0.44, 1.38, 0.00, 0.28, 0.37, 1.04, 0.00, 1.13, 0.01, 0.02, 0.04, 0.11, 0.00, 0.00, 1.00, 1.00, 0.00, 0.00, 0.00, 0.00, 0.00, 0.00, 1.00, 0.00, 0.00, 0.00, 0.00, 0.00, 0.00, 0.00, 0.00
1405,  0,  23.400,  0.98,  1, 0.38, 0.21, 1.19, 0.16, 0.49, 1.10, 0.00, 0.19, 0.40, 1.07, 0.00, 1.12, 0.01, 0.06, 0.00, 0.16, 0.00, 0.00, 1.00, 1.00, 0.00, 0.00, 0.00, 0.00, 0.00, 0.00, 1.00, 0.00, 0.00, 0.00, 0.00, 0.00, 0.00, 0.00, 0.00
1406,  0,  23.417,  0.98,  1, 0.34, 0.16, 1.19, 0.16, 0.41, 0.88, 0.00, 0.16, 0.51, 0.99, 0.00, 0.83, 0.01, 0.10, 0.07, 0.13, 0.00, 0.00, 1.00, 1.00, 0.00, 0.00, 0.00, 0.00, 0.00, 0.00, 1.00, 0.00, 0.00, 0.00, 0.00, 0.00, 0.00, 0.00, 0.00
1407,  0,  23.433,  0.98,  1, 0.28, 0.16, 1.22, 0.21, 0.37, 0.78, 0.00, 0.06, 0.54, 0.95, 0.00, 0.95, 0.00, 0.17, 0.07, 0.13, 0.00, 1.00, 1.00, 1.00, 0.00, 0.00, 1.00, 0.00, 0.00, 0.00, 1.00, 0.00, 0.00, 0.00, 0.00, 0.00, 0.00, 0.00, 0.00
1408,  0,  23.450,  0.98,  1, 0.27, 0.00, 1.15, 0.05, 0.43, 1.06, 0.00, 0.18, 0.60, 1.03, 0.00, 1.07, 0.00, 0.14, 0.07, 0.14, 0.00, 1.00, 1.00, 1.00, 0.00, 0.00, 0.00, 0.00, 0.00, 0.00, 1.00, 0.00, 0.00, 0.00, 0.00, 0.00, 0.00, 0.00, 0.00
1409,  0,  23.467,  0.98,  1, 0.30, 0.00, 1.06, 0.05, 0.47, 0.98, 0.00, 0.20, 0.54, 1.02, 0.00, 1.22, 0.00, 0.12, 0.13, 0.25, 0.00, 1.00, 1.00, 1.00, 0.00, 0.00, 1.00, 0.00, 0.00, 0.00, 1.00, 0.00, 0.00, 0.00, 0.00, 0.00, 0.00, 0.00, 0.00
1410,  0,  23.483,  0.98,  1, 0.24, 0.03, 1.02, 0.00, 0.53, 0.88, 0.00, 0.24, 0.55, 1.12, 0.00, 1.10, 0.00, 0.09, 0.19, 0.30, 0.00, 1.00, 1.00, 1.00, 0.00, 0.00, 1.00, 0.00, 0.00, 0.00, 1.00, 0.00, 0.00, 0.00, 0.00, 0.00, 0.00, 0.00, 0.00
1411,  0,  23.500,  0.98,  1, 0.19, 0.07, 0.99, 0.00, 0.38, 0.72, 0.00, 0.26, 0.48, 0.94, 0.00, 0.96, 0.00, 0.10, 0.20, 0.19, 0.00, 1.00, 1.00, 1.00, 0.00, 0.00, 1.00, 0.00, 0.00, 0.00, 1.00, 0.00, 0.00, 0.00, 0.00, 0.00, 0.00, 0.00, 0.00
1412,  0,  23.517,  0.98,  1, 0.20, 0.07, 1.06, 0.00, 0.39, 0.72, 0.00, 0.34, 0.53, 1.04, 0.00, 1.00, 0.06, 0.19, 0.07, 0.06, 0.00, 1.00, 1.00, 1.00, 0.00, 0.00, 1.00, 0.00, 0.00, 0.00, 1.00, 0.00, 0.00, 0.00, 0.00, 0.00, 0.00, 0.00, 0.00
1413,  0,  23.533,  0.98,  1, 0.14, 0.04, 1.05, 0.10, 0.33, 0.76, 0.00, 0.31, 0.52, 0.90, 0.00, 0.99, 0.06, 0.16, 0.03, 0.00, 0.00, 0.00, 1.00, 1.00, 0.00, 0.00, 1.00, 0.00, 0.00, 0.00, 1.00, 0.00, 0.00, 0.00, 0.00, 0.00, 0.00, 0.00, 0.00
1414,  0,  23.550,  0.98,  1, 0.21, 0.00, 1.04, 0.19, 0.36, 0.74, 0.00, 0.21, 0.56, 0.95, 0.00, 0.97, 0.06, 0.22, 0.02, 0.20, 0.00, 0.00, 1.00, 1.00, 0.00, 0.00, 1.00, 0.00, 0.00, 0.00, 1.00, 0.00, 0.00, 0.00, 0.00, 0.00, 0.00, 0.00, 0.00
1415,  0,  23.567,  0.98,  1, 0.25, 0.00, 0.93, 0.19, 0.37, 0.73, 0.00, 0.23, 0.55, 0.97, 0.00, 0.99, 0.03, 0.18, 0.02, 0.29, 0.00, 0.00, 1.00, 1.00, 0.00, 0.00, 1.00, 0.00, 0.00, 0.00, 1.00, 0.00, 0.00, 0.00, 0.00, 0.00, 0.00, 0.00, 0.00
1416,  0,  23.583,  0.98,  1, 0.38, 0.05, 0.79, 0.10, 0.43, 0.66, 0.00, 0.20, 0.61, 0.94, 0.00, 1.11, 0.03, 0.19, 0.03, 0.53, 0.00, 1.00, 1.00, 1.00, 0.00, 0.00, 1.00, 0.00, 0.00, 0.00, 1.00, 0.00, 0.00, 0.00, 0.00, 0.00, 0.00, 0.00, 0.00
1417,  0,  23.600,  0.98,  1, 0.37, 0.05, 0.83, 0.00, 0.49, 0.85, 0.00, 0.26, 0.67, 0.96, 0.00, 1.00, 0.03, 0.13, 0.09, 0.33, 0.00, 1.00, 1.00, 1.00, 0.00, 0.00, 1.00, 0.00, 0.00, 0.00, 1.00, 0.00, 0.00, 0.00, 0.00, 0.00, 0.00, 0.00, 0.00
1418,  0,  23.617,  0.98,  1, 0.38, 0.16, 0.83, 0.00, 0.51, 1.09, 0.00, 0.25, 0.71, 0.96, 0.00, 0.92, 0.00, 0.10, 0.09, 0.25, 0.00, 1.00, 1.00, 1.00, 0.00, 0.00, 1.00, 0.00, 0.00, 0.00, 1.00, 0.00, 0.00, 0.00, 0.00, 0.00, 0.00, 0.00, 0.00
1419,  0,  23.633,  0.98,  1, 0.31, 0.12, 0.90, 0.00, 0.51, 0.94, 0.00, 0.34, 0.73, 1.13, 0.00, 0.90, 0.02, 0.13, 0.11, 0.18, 0.00, 1.00, 1.00, 1.00, 0.00, 0.00, 1.00, 0.00, 0.00, 0.00, 1.00, 0.00, 1.00, 0.00, 0.00, 0.00, 0.00, 0.00, 0.00
1420,  0,  23.650,  0.98,  1, 0.22, 0.19, 0.98, 0.00, 0.45, 0.69, 0.00, 0.30, 0.73, 1.26, 0.00, 1.16, 0.02, 0.17, 0.05, 0.38, 0.00, 1.00, 1.00, 1.00, 0.00, 0.00, 1.00, 0.00, 0.00, 0.00, 1.00, 0.00, 1.00, 0.00, 0.00, 0.00, 0.00, 0.00, 0.00
1421,  0,  23.667,  0.98,  1, 0.13, 0.21, 1.04, 0.00, 0.41, 0.41, 0.00, 0.31, 0.70, 1.23, 0.00, 1.24, 0.02, 0.20, 0.05, 0.45, 0.00, 1.00, 1.00, 1.00, 0.00, 0.00, 1.00, 0.00, 0.00, 0.00, 1.00, 0.00, 0.00, 0.00, 0.00, 0.00, 0.00, 0.00, 0.00
1422,  0,  23.683,  0.98,  1, 0.24, 0.21, 1.02, 0.10, 0.39, 0.60, 0.00, 0.26, 0.69, 1.18, 0.00, 1.35, 0.00, 0.25, 0.01, 0.38, 0.00, 1.00, 1.00, 1.00, 0.00, 0.00, 1.00, 0.00, 0.00, 0.00, 1.00, 0.00, 0.00, 0.00, 0.00, 0.00, 0.00, 0.00, 0.00
1423,  0,  23.700,  0.98,  1, 0.30, 0.12, 1.02, 0.18, 0.45, 0.96, 0.00, 0.35, 0.67, 1.12, 0.00, 1.13, 0.00, 0.21, 0.04, 0.24, 0.00, 1.00, 1.00, 1.00, 0.00, 0.00, 1.00, 0.00, 0.00, 0.00, 1.00, 0.00, 1.00, 0.00, 0.00, 0.00, 0.00, 0.00, 0.00
1424,  0,  23.717,  0.98,  1, 0.39, 0.07, 1.15, 0.18, 0.44, 1.07, 0.00, 0.37, 0.68, 1.14, 0.00, 0.94, 0.00, 0.20, 0.11, 0.30, 0.00, 1.00, 1.00, 1.00, 0.00, 0.00, 1.00, 0.00, 0.00, 0.00, 1.00, 0.00, 1.00, 0.00, 0.00, 0.00, 0.00, 0.00, 0.00
1425,  0,  23.733,  0.98,  1, 0.36, 0.07, 1.11, 0.07, 0.42, 0.97, 0.00, 0.45, 0.63, 1.07, 0.00, 0.89, 0.04, 0.17, 0.21, 0.23, 0.00, 1.00, 1.00, 1.00, 0.00, 0.00, 1.00, 0.00, 0.00, 0.00, 1.00, 0.00, 0.00, 0.00, 0.00, 0.00, 0.00, 0.00, 0.00
1426,  0,  23.750,  0.98,  1, 0.28, 0.07, 1.04, 0.15, 0.40, 0.89, 0.00, 0.49, 0.61, 1.04, 0.00, 0.97, 0.06, 0.23, 0.22, 0.27, 0.00, 1.00, 1.00, 1.00, 0.00, 0.00, 1.00, 0.00, 0.00, 0.00, 1.00, 0.00, 0.00, 0.00, 0.00, 0.00, 0.00, 0.00, 0.00
1427,  0,  23.767,  0.98,  1, 0.15, 0.00, 0.72, 0.20, 0.48, 0.79, 0.00, 0.44, 0.61, 0.98, 0.00, 1.12, 0.06, 0.25, 0.17, 0.27, 0.00, 1.00, 1.00, 1.00, 0.00, 0.00, 1.00, 0.00, 0.00, 0.00, 1.00, 0.00, 0.00, 0.00, 0.00, 0.00, 0.00, 0.00, 0.00
1428,  0,  23.783,  0.98,  1, 0.05, 0.00, 0.80, 0.20, 0.56, 0.89, 0.00, 0.39, 0.67, 1.11, 0.00, 1.14, 0.03, 0.24, 0.16, 0.40, 0.00, 1.00, 1.00, 1.00, 0.00, 0.00, 1.00, 0.00, 0.00, 0.00, 1.00, 0.00, 0.00, 0.00, 0.00, 0.00, 0.00, 0.00, 0.00
1429,  0,  23.800,  0.98,  1, 0.10, 0.00, 0.86, 0.12, 0.63, 0.84, 0.00, 0.38, 0.71, 1.16, 0.00, 1.07, 0.01, 0.20, 0.13, 0.34, 0.00, 1.00, 1.00, 1.00, 0.00, 0.00, 1.00, 0.00, 0.00, 0.00, 1.00, 0.00, 0.00, 0.00, 0.00, 0.00, 0.00, 0.00, 0.00
1430,  0,  23.817,  0.98,  1, 0.15, 0.00, 1.10, 0.07, 0.63, 0.72, 0.00, 0.42, 0.71, 1.13, 0.00, 1.07, 0.01, 0.21, 0.12, 0.32, 0.00, 1.00, 1.00, 1.00, 0.00, 0.00, 1.00, 0.00, 0.00, 0.00, 1.00, 0.00, 0.00, 0.00, 0.00, 0.00, 0.00, 0.00, 0.00
1431,  0,  23.833,  0.98,  1, 0.13, 0.09, 1.04, 0.31, 0.63, 0.83, 0.00, 0.45, 0.67, 1.17, 0.00, 0.90, 0.02, 0.19, 0.12, 0.18, 0.00, 1.00, 1.00, 1.00, 0.00, 0.00, 1.00, 0.00, 0.00, 0.00, 1.00, 0.00, 0.00, 0.00, 0.00, 0.00, 0.00, 0.00, 0.00
1432,  0,  23.850,  0.98,  1, 0.29, 0.16, 0.94, 0.24, 0.56, 0.75, 0.00, 0.35, 0.61, 1.22, 0.00, 0.95, 0.02, 0.17, 0.10, 0.14, 0.00, 1.00, 1.00, 1.00, 0.00, 0.00, 1.00, 0.00, 0.00, 0.00, 1.00, 0.00, 0.00, 0.00, 0.00, 0.00, 0.00, 0.00, 0.00
1433,  0,  23.867,  0.98,  1, 0.29, 0.16, 1.05, 0.24, 0.57, 1.11, 0.00, 0.35, 0.64, 1.20, 0.00, 0.88, 0.02, 0.14, 0.10, 0.01, 0.00, 1.00, 1.00, 1.00, 0.00, 0.00, 1.00, 0.00, 0.00, 0.00, 1.00, 0.00, 0.00, 0.00, 0.00, 0.00, 0.00, 0.00, 0.00
1434,  0,  23.883,  0.98,  1, 0.38, 0.16, 1.07, 0.06, 0.53, 1.09, 0.00, 0.39, 0.70, 1.19, 0.00, 1.09, 0.01, 0.16, 0.00, 0.07, 0.00, 1.00, 1.00, 1.00, 0.00, 0.00, 1.00, 0.00, 0.00, 0.00, 1.00, 0.00, 0.00, 0.00, 0.00, 0.00, 0.00, 0.00, 0.00
1435,  0,  23.900,  0.98,  1, 0.22, 0.09, 1.07, 0.06, 0.45, 1.02, 0.00, 0.31, 0.74, 1.13, 0.00, 1.10, 0.06, 0.20, 0.05, 0.17, 0.00, 0.00, 1.00, 1.00, 0.00, 0.00, 1.00, 0.00, 0.00, 0.00, 1.00, 0.00, 0.00, 0.00, 0.00, 0.00, 0.00, 0.00, 0.00
1436,  0,  23.917,  0.98,  1, 0.14, 0.09, 0.82, 0.19, 0.37, 0.79, 0.00, 0.35, 0.76, 1.33, 0.00, 1.13, 0.06, 0.20, 0.14, 0.20, 0.00, 0.00, 1.00, 1.00, 0.00, 0.00, 1.00, 0.00, 0.00, 0.00, 1.00, 0.00, 0.00, 0.00, 0.00, 0.00, 0.00, 0.00, 0.00
1437,  0,  23.933,  0.98,  1, 0.05, 0.00, 0.72, 0.14, 0.36, 0.55, 0.00, 0.28, 0.70, 1.16, 0.00, 1.02, 0.04, 0.19, 0.15, 0.13, 0.00, 0.00, 1.00, 1.00, 0.00, 0.00, 1.00, 0.00, 0.00, 0.00, 1.00, 0.00, 1.00, 0.00, 0.00, 0.00, 0.00, 0.00, 0.00
1438,  0,  23.950,  0.98,  1, 0.00, 0.00, 0.62, 0.14, 0.39, 0.62, 0.00, 0.40, 0.66, 1.24, 0.00, 1.04, 0.00, 0.20, 0.10, 0.11, 0.00, 0.00, 1.00, 1.00, 0.00, 0.00, 1.00, 0.00, 0.00, 0.00, 1.00, 0.00, 1.00, 0.00, 0.00, 0.00, 0.00, 0.00, 0.00
1439,  0,  23.967,  0.98,  1, 0.02, 0.08, 0.66, 0.00, 0.46, 0.40, 0.00, 0.35, 0.62, 1.20, 0.00, 1.11, 0.00, 0.21, 0.00, 0.15, 0.00, 0.00, 1.00, 1.00, 0.00, 0.00, 0.00, 0.00, 0.00, 0.00, 1.00, 0.00, 1.00, 0.00, 0.00, 0.00, 0.00, 0.00, 0.00
1440,  0,  23.983,  0.98,  1, 0.09, 0.08, 0.79, 0.00, 0.44, 0.69, 0.00, 0.33, 0.65, 1.29, 0.00, 1.13, 0.10, 0.27, 0.00, 0.15, 0.00, 0.00, 1.00, 1.00, 0.00, 0.00, 0.00, 0.00, 0.00, 0.00, 1.00, 0.00, 1.00, 0.00, 0.00, 0.00, 0.00, 0.00, 0.00
1441,  0,  24.000,  0.98,  1, 0.12, 0.08, 0.81, 0.00, 0.47, 0.54, 0.00, 0.37, 0.71, 1.20, 0.00, 1.12, 0.10, 0.28, 0.00, 0.21, 0.00, 0.00, 1.00, 1.00, 0.00, 0.00, 0.00, 0.00, 0.00, 0.00, 1.00, 0.00, 1.00, 0.00, 0.00, 0.00, 0.00, 0.00, 0.00
1442,  0,  24.017,  0.98,  1, 0.17, 0.06, 0.97, 0.00, 0.44, 0.71, 0.00, 0.36, 0.73, 1.19, 0.00, 1.02, 0.10, 0.27, 0.02, 0.18, 0.00, 0.00, 1.00, 1.00, 0.00, 0.00, 1.00, 0.00, 0.00, 0.00, 1.00, 0.00, 1.00, 0.00, 0.00, 0.00, 0.00, 0.00, 0.00
1443,  0,  24.033,  0.98,  1, 0.11, 0.06, 1.09, 0.00, 0.45, 0.46, 0.00, 0.44, 0.75, 1.25, 0.00, 1.09, 0.00, 0.25, 0.02, 0.21, 0.00, 0.00, 1.00, 1.00, 0.00, 0.00, 0.00, 0.00, 0.00, 0.00, 1.00, 0.00, 1.00, 0.00, 0.00, 0.00, 0.00, 0.00, 0.00
1444,  0,  24.050,  0.98,  1, 0.14, 0.06, 1.20, 0.00, 0.49, 0.66, 0.00, 0.36, 0.74, 1.19, 0.01, 1.16, 0.00, 0.23, 0.12, 0.13, 0.00, 0.00, 1.00, 1.00, 0.00, 0.00, 1.00, 0.00, 0.00, 0.00, 1.00, 0.00, 1.00, 0.00, 0.00, 0.00, 0.00, 0.00, 0.00
1445,  0,  24.067,  0.98,  1, 0.06, 0.01, 1.02, 0.10, 0.57, 0.50, 0.00, 0.43, 0.76, 1.14, 0.01, 1.12, 0.00, 0.17, 0.10, 0.11, 0.00, 0.00, 1.00, 1.00, 0.00, 0.00, 0.00, 0.00, 0.00, 0.00, 1.00, 0.00, 1.00, 0.00, 0.00, 0.00, 0.00, 0.00, 0.00
1446,  0,  24.083,  0.98,  1, 0.17, 0.16, 1.13, 0.10, 0.59, 0.54, 0.00, 0.45, 0.75, 1.09, 0.01, 1.14, 0.00, 0.18, 0.20, 0.22, 0.00, 0.00, 1.00, 1.00, 0.00, 0.00, 0.00, 0.00, 0.00, 0.00, 1.00, 0.00, 1.00, 0.00, 0.00, 0.00, 0.00, 0.00, 0.00
1447,  0,  24.100,  0.98,  1, 0.11, 0.16, 1.05, 0.10, 0.55, 0.44, 0.00, 0.57, 0.73, 1.16, 0.00, 1.20, 0.00, 0.19, 0.10, 0.34, 0.00, 0.00, 1.00, 1.00, 0.00, 0.00, 1.00, 0.00, 0.00, 0.00, 1.00, 0.00, 1.00, 0.00, 0.00, 0.00, 0.00, 0.00, 0.00
1448,  0,  24.117,  0.98,  1, 0.11, 0.23, 1.22, 0.00, 0.43, 0.65, 0.00, 0.54, 0.66, 1.04, 0.00, 1.27, 0.00, 0.28, 0.10, 0.35, 0.00, 0.00, 0.00, 1.00, 0.00, 0.00, 1.00, 0.00, 0.00, 0.00, 1.00, 0.00, 1.00, 0.00, 0.00, 0.00, 0.00, 0.00, 0.00
1449,  0,  24.133,  0.98,  1, 0.10, 0.08, 1.00, 0.09, 0.45, 0.86, 0.00, 0.54, 0.66, 0.98, 0.00, 1.18, 0.02, 0.25, 0.02, 0.28, 0.00, 0.00, 0.00, 1.00, 0.00, 0.00, 1.00, 0.00, 0.00, 0.00, 1.00, 0.00, 1.00, 0.00, 0.00, 0.00, 0.00, 0.00, 0.00
1450,  0,  24.150,  0.98,  1, 0.17, 0.08, 1.22, 0.09, 0.51, 1.08, 0.00, 0.52, 0.63, 1.00, 0.01, 1.08, 0.02, 0.24, 0.02, 0.19, 0.00, 0.00, 0.00, 1.00, 0.00, 0.00, 1.00, 0.00, 0.00, 0.00, 1.00, 0.00, 1.00, 0.00, 0.00, 0.00, 0.00, 0.00, 0.00
1451,  0,  24.167,  0.98,  1, 0.17, 0.00, 1.05, 0.09, 0.56, 1.14, 0.00, 0.55, 0.68, 1.07, 0.01, 1.08, 0.02, 0.18, 0.02, 0.23, 0.00, 0.00, 0.00, 1.00, 0.00, 0.00, 1.00, 0.00, 0.00, 0.00, 1.00, 0.00, 1.00, 0.00, 0.00, 0.00, 0.00, 0.00, 0.00
1452,  0,  24.183,  0.98,  1, 0.08, 0.00, 1.12, 0.00, 0.60, 1.04, 0.00, 0.46, 0.67, 1.17, 0.01, 1.01, 0.00, 0.17, 0.00, 0.36, 0.01, 0.00, 1.00, 1.00, 0.00, 0.00, 1.00, 0.00, 0.00, 0.00, 1.00, 0.00, 0.00, 0.00, 0.00, 0.00, 0.00, 0.00, 0.00
1453,  0,  24.200,  0.98,  1, 0.02, 0.05, 0.96, 0.00, 0.65, 0.78, 0.00, 0.57, 0.72, 1.05, 0.00, 1.06, 0.03, 0.17, 0.00, 0.44, 0.01, 0.00, 1.00, 1.00, 0.00, 0.00, 1.00, 0.00, 0.00, 0.00, 1.00, 0.00, 1.00, 0.00, 0.00, 0.00, 0.00, 0.00, 0.00
1454,  0,  24.217,  0.98,  1, 0.14, 0.05, 0.99, 0.00, 0.75, 0.94, 0.00, 0.67, 0.75, 1.18, 0.04, 1.03, 0.03, 0.13, 0.00, 0.46, 0.10, 0.00, 1.00, 1.00, 0.00, 0.00, 1.00, 0.00, 0.00, 0.00, 1.00, 0.00, 1.00, 0.00, 0.00, 0.00, 0.00, 0.00, 0.00
1455,  0,  24.233,  0.98,  1, 0.36, 0.14, 1.05, 0.00, 0.82, 1.04, 0.00, 0.72, 0.81, 1.13, 0.04, 1.08, 0.07, 0.07, 0.04, 0.33, 0.31, 1.00, 1.00, 1.00, 0.00, 0.00, 1.00, 0.00, 0.00, 0.00, 1.00, 0.00, 1.00, 0.00, 0.00, 0.00, 0.00, 0.00, 1.00
1456,  0,  24.250,  0.98,  1, 0.68, 0.12, 0.96, 0.00, 0.81, 0.99, 0.00, 0.58, 0.82, 1.20, 0.04, 1.06, 0.06, 0.00, 0.12, 0.29, 0.63, 1.00, 1.00, 1.00, 0.00, 0.00, 1.00, 0.00, 0.00, 0.00, 1.00, 0.00, 1.00, 0.00, 0.00, 0.00, 0.00, 0.00, 1.00
1457,  0,  24.267,  0.98,  1, 0.89, 0.18, 1.06, 0.00, 0.71, 0.78, 0.00, 0.45, 0.84, 1.08, 0.00, 0.98, 0.20, 0.00, 0.16, 0.27, 1.05, 1.00, 1.00, 1.00, 0.00, 0.00, 1.00, 0.00, 0.00, 0.00, 1.00, 0.00, 1.00, 0.00, 0.00, 0.00, 0.00, 0.00, 1.00
1458,  0,  24.283,  0.98,  1, 1.15, 0.18, 0.89, 0.00, 0.62, 0.49, 0.00, 0.53, 0.88, 1.08, 0.00, 1.01, 0.19, 0.00, 0.17, 0.32, 1.01, 1.00, 1.00, 1.00, 0.00, 0.00, 1.00, 0.00, 0.00, 0.00, 1.00, 0.00, 1.00, 0.00, 0.00, 0.00, 0.00, 0.00, 1.00
1459,  0,  24.300,  0.98,  1, 1.14, 0.16, 1.03, 0.00, 0.61, 0.55, 0.00, 0.56, 0.86, 0.95, 0.05, 0.99, 0.32, 0.00, 0.12, 0.26, 1.13, 1.00, 1.00, 1.00, 0.00, 0.00, 1.00, 0.00, 0.00, 0.00, 1.00, 0.00, 1.00, 0.00, 0.00, 0.00, 0.00, 0.00, 1.00
1460,  0,  24.317,  0.98,  1, 1.01, 0.20, 0.91, 0.00, 0.65, 0.62, 0.00, 0.52, 0.83, 0.96, 0.21, 1.04, 0.21, 0.00, 0.09, 0.19, 0.75, 1.00, 1.00, 1.00, 0.00, 0.00, 1.00, 0.00, 0.00, 0.00, 1.00, 0.00, 0.00, 0.00, 0.00, 0.00, 0.00, 0.00, 1.00
1461,  0,  24.333,  0.98,  1, 0.75, 0.15, 0.95, 0.00, 0.64, 0.98, 0.00, 0.41, 0.76, 0.87, 0.21, 0.98, 0.18, 0.00, 0.16, 0.21, 0.79, 0.00, 1.00, 1.00, 0.00, 0.00, 1.00, 0.00, 0.00, 0.00, 1.00, 0.00, 0.00, 0.00, 0.00, 0.00, 0.00, 0.00, 1.00
1462,  0,  24.350,  0.98,  1, 0.57, 0.25, 1.01, 0.00, 0.73, 1.14, 0.00, 0.41, 0.79, 1.18, 0.16, 1.03, 0.03, 0.00, 0.13, 0.25, 0.56, 0.00, 1.00, 1.00, 0.00, 0.00, 1.00, 0.00, 0.00, 0.00, 1.00, 0.00, 0.00, 0.00, 0.00, 0.00, 0.00, 0.00, 1.00
1463,  0,  24.367,  0.98,  1, 0.52, 0.17, 1.15, 0.00, 0.78, 1.33, 0.00, 0.59, 0.78, 1.04, 0.07, 1.22, 0.00, 0.00, 0.12, 0.30, 0.44, 0.00, 1.00, 1.00, 0.00, 0.00, 1.00, 0.00, 0.00, 0.00, 1.00, 0.00, 0.00, 0.00, 0.00, 0.00, 0.00, 0.00, 1.00
1464,  0,  24.383,  0.98,  1, 0.37, 0.27, 1.30, 0.00, 0.89, 1.43, 0.00, 0.62, 0.78, 1.18, 0.07, 1.24, 0.00, 0.05, 0.00, 0.34, 0.34, 0.00, 1.00, 1.00, 0.00, 0.00, 1.00, 0.00, 0.00, 0.00, 1.00, 0.00, 0.00, 0.00, 0.00, 0.00, 0.00, 0.00, 1.00
1465,  0,  24.400,  0.98,  1, 0.30, 0.31, 1.17, 0.00, 0.82, 1.39, 0.00, 0.63, 0.71, 1.03, 0.13, 1.29, 0.00, 0.10, 0.03, 0.33, 0.12, 0.00, 1.00, 1.00, 0.00, 0.00, 1.00, 0.00, 0.00, 0.00, 1.00, 0.00, 0.00, 0.00, 0.00, 0.00, 0.00, 0.00, 1.00
1466,  0,  24.417,  0.98,  1, 0.24, 0.29, 1.07, 0.00, 0.87, 1.43, 0.00, 0.56, 0.71, 1.21, 0.06, 1.16, 0.00, 0.10, 0.03, 0.51, 0.12, 0.00, 1.00, 1.00, 0.00, 0.00, 1.00, 0.00, 0.00, 0.00, 1.00, 0.00, 0.00, 0.00, 0.00, 0.00, 0.00, 0.00, 1.00
1467,  0,  24.433,  0.98,  1, 0.19, 0.14, 0.96, 0.00, 0.78, 1.26, 0.00, 0.60, 0.71, 1.13, 0.06, 1.16, 0.16, 0.05, 0.06, 0.47, 0.07, 0.00, 0.00, 1.00, 0.00, 0.00, 1.00, 0.00, 0.00, 0.00, 1.00, 0.00, 0.00, 0.00, 0.00, 0.00, 0.00, 0.00, 0.00
1468,  0,  24.450,  0.98,  1, 0.15, 0.00, 0.88, 0.00, 0.78, 1.18, 0.00, 0.57, 0.71, 1.19, 0.00, 1.09, 0.18, 0.03, 0.08, 0.36, 0.07, 0.00, 1.00, 1.00, 0.00, 0.00, 1.00, 0.00, 0.00, 0.00, 1.00, 0.00, 0.00, 0.00, 0.00, 0.00, 0.00, 0.00, 0.00
1469,  0,  24.467,  0.98,  1, 0.06, 0.00, 1.02, 0.00, 0.73, 1.25, 0.00, 0.59, 0.70, 1.24, 0.02, 1.03, 0.18, 0.04, 0.08, 0.24, 0.07, 0.00, 1.00, 1.00, 0.00, 0.00, 1.00, 0.00, 0.00, 0.00, 1.00, 0.00, 1.00, 0.00, 0.00, 0.00, 0.00, 0.00, 0.00
1470,  0,  24.483,  0.98,  1, 0.15, 0.03, 0.99, 0.03, 0.81, 1.25, 0.00, 0.53, 0.72, 1.24, 0.02, 1.09, 0.05, 0.04, 0.05, 0.24, 0.10, 0.00, 1.00, 1.00, 0.00, 0.00, 1.00, 0.00, 0.00, 0.00, 1.00, 0.00, 1.00, 0.00, 0.00, 0.00, 0.00, 0.00, 0.00
1471,  0,  24.500,  0.98,  1, 0.11, 0.03, 1.01, 0.03, 0.81, 1.22, 0.00, 0.54, 0.74, 1.30, 0.02, 1.01, 0.04, 0.01, 0.04, 0.45, 0.10, 0.00, 1.00, 1.00, 0.00, 0.00, 1.00, 0.00, 0.00, 0.00, 1.00, 0.00, 1.00, 0.00, 0.00, 0.00, 0.00, 0.00, 0.00
1472,  0,  24.517,  0.98,  1, 0.14, 0.03, 0.93, 0.03, 0.73, 0.69, 0.00, 0.50, 0.68, 1.18, 0.00, 1.12, 0.05, 0.03, 0.04, 0.55, 0.14, 0.00, 1.00, 1.00, 0.00, 0.00, 1.00, 0.00, 0.00, 0.00, 1.00, 0.00, 1.00, 0.00, 0.00, 0.00, 0.00, 0.00, 0.00
1473,  0,  24.533,  0.98,  1, 0.04, 0.00, 0.99, 0.00, 0.69, 0.89, 0.00, 0.48, 0.69, 1.41, 0.00, 1.18, 0.01, 0.06, 0.07, 0.42, 0.09, 0.00, 1.00, 1.00, 0.00, 0.00, 1.00, 0.00, 0.00, 0.00, 1.00, 0.00, 1.00, 0.00, 0.00, 0.00, 0.00, 0.00, 0.00
1474,  0,  24.550,  0.98,  1, 0.06, 0.00, 1.09, 0.09, 0.65, 0.92, 0.00, 0.44, 0.66, 1.33, 0.00, 1.15, 0.02, 0.07, 0.03, 0.34, 0.09, 0.00, 1.00, 1.00, 0.00, 0.00, 1.00, 0.00, 0.00, 0.00, 1.00, 0.00, 1.00, 0.00, 0.00, 0.00, 0.00, 0.00, 0.00
1475,  0,  24.567,  0.98,  1, 0.10, 0.00, 1.07, 0.09, 0.70, 1.20, 0.00, 0.36, 0.69, 1.39, 0.00, 1.04, 0.06, 0.14, 0.03, 0.25, 0.04, 0.00, 1.00, 1.00, 0.00, 0.00, 1.00, 0.00, 0.00, 0.00, 1.00, 0.00, 1.00, 0.00, 0.00, 0.00, 0.00, 0.00, 0.00
1476,  0,  24.583,  0.98,  1, 0.10, 0.00, 1.01, 0.14, 0.68, 0.66, 0.00, 0.50, 0.69, 1.26, 0.00, 0.96, 0.11, 0.17, 0.06, 0.35, 0.00, 0.00, 1.00, 1.00, 0.00, 0.00, 1.00, 0.00, 0.00, 0.00, 1.00, 0.00, 0.00, 0.00, 0.00, 0.00, 0.00, 0.00, 0.00
1477,  0,  24.600,  0.98,  1, 0.08, 0.00, 1.06, 0.06, 0.69, 0.87, 0.00, 0.47, 0.75, 1.27, 0.00, 1.10, 0.27, 0.21, 0.06, 0.36, 0.00, 0.00, 1.00, 1.00, 0.00, 0.00, 1.00, 0.00, 0.00, 0.00, 1.00, 0.00, 0.00, 0.00, 0.00, 0.00, 0.00, 0.00, 0.00
1478,  0,  24.617,  0.98,  1, 0.02, 0.02, 1.03, 0.06, 0.64, 0.89, 0.00, 0.48, 0.71, 1.29, 0.01, 1.12, 0.21, 0.19, 0.06, 0.36, 0.00, 0.00, 1.00, 1.00, 0.00, 0.00, 1.00, 0.00, 0.00, 0.00, 1.00, 0.00, 0.00, 0.00, 0.00, 0.00, 0.00, 0.00, 0.00
1479,  0,  24.633,  0.98,  1, 0.11, 0.08, 1.09, 0.03, 0.59, 1.22, 0.00, 0.37, 0.62, 1.30, 0.02, 1.13, 0.30, 0.18, 0.00, 0.43, 0.00, 0.00, 1.00, 1.00, 0.00, 0.00, 1.00, 0.00, 0.00, 0.00, 1.00, 0.00, 0.00, 0.00, 0.00, 0.00, 0.00, 0.00, 0.00
1480,  0,  24.650,  0.98,  1, 0.11, 0.08, 1.15, 0.02, 0.59, 1.06, 0.00, 0.52, 0.62, 1.20, 0.02, 1.02, 0.14, 0.16, 0.00, 0.32, 0.01, 0.00, 0.00, 1.00, 0.00, 0.00, 1.00, 0.00, 0.00, 0.00, 1.00, 0.00, 0.00, 0.00, 0.00, 0.00, 0.00, 0.00, 0.00
1481,  0,  24.667,  0.98,  1, 0.11, 0.06, 1.12, 0.02, 0.71, 1.17, 0.00, 0.56, 0.64, 1.21, 0.01, 1.09, 0.16, 0.10, 0.00, 0.28, 0.01, 0.00, 0.00, 1.00, 0.00, 0.00, 1.00, 0.00, 0.00, 0.00, 1.00, 0.00, 1.00, 0.00, 0.00, 0.00, 0.00, 0.00, 0.00
1482,  0,  24.683,  0.98,  1, 0.00, 0.00, 1.03, 0.00, 0.73, 0.97, 0.00, 0.54, 0.72, 1.25, 0.00, 1.16, 0.03, 0.11, 0.00, 0.11, 0.03, 0.00, 1.00, 1.00, 0.00, 0.00, 1.00, 0.00, 0.00, 0.00, 1.00, 0.00, 1.00, 0.00, 0.00, 0.00, 0.00, 0.00, 0.00
1483,  0,  24.700,  0.98,  1, 0.13, 0.12, 0.92, 0.00, 0.74, 0.98, 0.00, 0.40, 0.69, 1.36, 0.02, 1.22, 0.04, 0.15, 0.00, 0.16, 0.02, 0.00, 1.00, 1.00, 0.00, 0.00, 1.00, 0.00, 0.00, 0.00, 1.00, 0.00, 1.00, 0.00, 0.00, 0.00, 0.00, 0.00, 0.00
1484,  0,  24.717,  0.98,  1, 0.17, 0.15, 0.94, 0.00, 0.65, 0.87, 0.00, 0.44, 0.71, 1.42, 0.02, 1.18, 0.07, 0.21, 0.00, 0.15, 0.02, 0.00, 0.00, 1.00, 0.00, 0.00, 1.00, 0.00, 0.00, 0.00, 1.00, 0.00, 1.00, 0.00, 0.00, 0.00, 0.00, 0.00, 0.00
1485,  0,  24.733,  0.98,  1, 0.23, 0.19, 0.98, 0.17, 0.69, 1.22, 0.00, 0.37, 0.69, 1.31, 0.02, 1.07, 0.20, 0.21, 0.14, 0.34, 0.04, 0.00, 1.00, 1.00, 0.00, 0.00, 1.00, 0.00, 0.00, 0.00, 1.00, 0.00, 1.00, 0.00, 0.00, 0.00, 0.00, 0.00, 0.00
1486,  0,  24.750,  0.98,  1, 0.20, 0.06, 0.91, 0.17, 0.70, 1.02, 0.00, 0.33, 0.70, 1.31, 0.00, 0.95, 0.19, 0.24, 0.30, 0.31, 0.04, 0.00, 1.00, 1.00, 0.00, 0.00, 1.00, 0.00, 0.00, 0.00, 1.00, 0.00, 0.00, 0.00, 0.00, 0.00, 0.00, 0.00, 0.00
1487,  0,  24.767,  0.98,  1, 0.31, 0.22, 0.91, 0.17, 0.70, 1.04, 0.00, 0.24, 0.67, 1.29, 0.00, 0.87, 0.14, 0.23, 0.35, 0.38, 0.04, 0.00, 1.00, 1.00, 0.00, 0.00, 1.00, 0.00, 0.00, 0.00, 1.00, 0.00, 0.00, 0.00, 0.00, 0.00, 0.00, 0.00, 0.00
1488,  0,  24.783,  0.98,  1, 0.26, 0.21, 0.93, 0.00, 0.67, 0.93, 0.00, 0.36, 0.72, 1.45, 0.00, 0.88, 0.03, 0.26, 0.21, 0.24, 0.00, 0.00, 1.00, 1.00, 0.00, 0.00, 1.00, 0.00, 0.00, 0.00, 1.00, 0.00, 0.00, 0.00, 0.00, 0.00, 0.00, 0.00, 0.00
1489,  0,  24.800,  0.98,  1, 0.20, 0.21, 0.85, 0.01, 0.65, 1.11, 0.00, 0.47, 0.75, 1.36, 0.00, 1.06, 0.03, 0.27, 0.05, 0.37, 0.00, 0.00, 0.00, 1.00, 0.00, 0.00, 1.00, 0.00, 0.00, 0.00, 1.00, 0.00, 0.00, 0.00, 0.00, 0.00, 0.00, 0.00, 0.00
1490,  0,  24.817,  0.98,  1, 0.09, 0.05, 0.84, 0.02, 0.67, 1.00, 0.00, 0.60, 0.79, 1.25, 0.00, 1.03, 0.02, 0.28, 0.05, 0.34, 0.00, 0.00, 0.00, 1.00, 0.00, 0.00, 1.00, 0.00, 0.00, 0.00, 1.00, 0.00, 0.00, 0.00, 0.00, 0.00, 0.00, 0.00, 0.00
1491,  0,  24.833,  0.98,  1, 0.22, 0.01, 0.91, 0.02, 0.68, 0.90, 0.00, 0.45, 0.74, 1.16, 0.00, 1.00, 0.05, 0.28, 0.05, 0.36, 0.00, 0.00, 0.00, 1.00, 0.00, 0.00, 1.00, 0.00, 0.00, 0.00, 1.00, 0.00, 0.00, 0.00, 0.00, 0.00, 0.00, 0.00, 0.00
1492,  0,  24.850,  0.98,  1, 0.19, 0.01, 1.10, 0.01, 0.69, 0.93, 0.00, 0.42, 0.74, 1.27, 0.00, 0.92, 0.09, 0.25, 0.06, 0.26, 0.01, 0.00, 0.00, 1.00, 0.00, 0.00, 1.00, 0.00, 0.00, 0.00, 1.00, 0.00, 0.00, 0.00, 0.00, 0.00, 0.00, 0.00, 0.00
1493,  0,  24.867,  0.98,  1, 0.14, 0.00, 1.08, 0.05, 0.63, 0.84, 0.00, 0.24, 0.68, 1.26, 0.00, 1.03, 0.11, 0.26, 0.02, 0.15, 0.01, 0.00, 0.00, 1.00, 0.00, 0.00, 1.00, 0.00, 0.00, 0.00, 1.00, 0.00, 0.00, 0.00, 0.00, 0.00, 0.00, 0.00, 0.00
1494,  0,  24.883,  0.98,  1, 0.01, 0.08, 0.99, 0.07, 0.63, 0.69, 0.00, 0.29, 0.72, 1.26, 0.00, 1.09, 0.06, 0.27, 0.04, 0.14, 0.01, 0.00, 0.00, 1.00, 0.00, 0.00, 1.00, 0.00, 0.00, 0.00, 1.00, 0.00, 0.00, 0.00, 0.00, 0.00, 0.00, 0.00, 0.00
1495,  0,  24.900,  0.98,  1, 0.00, 0.12, 0.94, 0.11, 0.70, 0.69, 0.00, 0.30, 0.71, 1.15, 0.00, 1.20, 0.02, 0.31, 0.08, 0.09, 0.00, 0.00, 0.00, 1.00, 0.00, 0.00, 1.00, 0.00, 0.00, 0.00, 1.00, 0.00, 0.00, 0.00, 0.00, 0.00, 0.00, 0.00, 0.00
1496,  0,  24.917,  0.98,  1, 0.01, 0.24, 0.87, 0.15, 0.79, 0.84, 0.00, 0.40, 0.71, 1.22, 0.00, 1.21, 0.00, 0.34, 0.11, 0.18, 0.00, 0.00, 0.00, 1.00, 0.00, 0.00, 1.00, 0.00, 0.00, 0.00, 1.00, 0.00, 1.00, 0.00, 0.00, 0.00, 0.00, 0.00, 0.00
1497,  0,  24.933,  0.98,  1, 0.01, 0.16, 0.84, 0.14, 0.76, 1.00, 0.00, 0.52, 0.74, 1.31, 0.00, 1.16, 0.04, 0.31, 0.16, 0.25, 0.00, 0.00, 0.00, 1.00, 0.00, 0.00, 1.00, 0.00, 0.00, 0.00, 1.00, 0.00, 0.00, 0.00, 0.00, 0.00, 0.00, 0.00, 0.00
1498,  0,  24.950,  0.98,  1, 0.03, 0.28, 0.77, 0.21, 0.66, 0.95, 0.00, 0.54, 0.79, 1.50, 0.00, 1.08, 0.05, 0.25, 0.11, 0.34, 0.00, 0.00, 0.00, 1.00, 0.00, 0.00, 1.00, 0.00, 0.00, 0.00, 1.00, 0.00, 0.00, 0.00, 0.00, 0.00, 0.00, 0.00, 0.00
1499,  0,  24.967,  0.98,  1, 0.02, 0.16, 0.78, 0.11, 0.66, 1.06, 0.00, 0.55, 0.84, 1.45, 0.00, 1.02, 0.15, 0.22, 0.16, 0.24, 0.00, 0.00, 0.00, 1.00, 0.00, 0.00, 1.00, 0.00, 0.00, 0.00, 1.00, 0.00, 1.00, 0.00, 0.00, 0.00, 0.00, 0.00, 0.00
1500,  0,  24.983,  0.98,  1, 0.02, 0.16, 0.83, 0.11, 0.67, 1.17, 0.00, 0.52, 0.82, 1.36, 0.00, 0.99, 0.11, 0.20, 0.18, 0.12, 0.00, 0.00, 0.00, 1.00, 0.00, 0.00, 1.00, 0.00, 0.00, 0.00, 1.00, 0.00, 1.00, 0.00, 0.00, 0.00, 0.00, 0.00, 0.00
1501,  0,  25.000,  0.98,  1, 0.00, 0.00, 0.96, 0.04, 0.75, 1.24, 0.00, 0.51, 0.77, 1.35, 0.00, 0.99, 0.09, 0.13, 0.18, 0.16, 0.00, 0.00, 0.00, 1.00, 0.00, 0.00, 1.00, 0.00, 0.00, 0.00, 1.00, 0.00, 1.00, 0.00, 0.00, 0.00, 0.00, 0.00, 0.00
1502,  0,  25.017,  0.98,  1, 0.00, 0.00, 1.13, 0.04, 0.70, 0.98, 0.00, 0.48, 0.80, 1.41, 0.00, 1.10, 0.00, 0.11, 0.11, 0.32, 0.00, 0.00, 0.00, 1.00, 0.00, 0.00, 1.00, 0.00, 0.00, 0.00, 1.00, 0.00, 1.00, 0.00, 0.00, 0.00, 0.00, 0.00, 0.00
1503,  0,  25.033,  0.98,  1, 0.04, 0.00, 1.14, 0.04, 0.72, 0.89, 0.00, 0.55, 0.84, 1.46, 0.00, 1.14, 0.04, 0.07, 0.09, 0.39, 0.00, 0.00, 0.00, 1.00, 0.00, 0.00, 1.00, 0.00, 0.00, 0.00, 1.00, 0.00, 1.00, 0.00, 0.00, 0.00, 0.00, 0.00, 0.00
1504,  0,  25.050,  0.98,  1, 0.04, 0.00, 1.15, 0.08, 0.75, 1.07, 0.00, 0.69, 0.97, 1.51, 0.00, 1.15, 0.04, 0.08, 0.18, 0.36, 0.00, 0.00, 0.00, 1.00, 0.00, 0.00, 1.00, 0.00, 0.00, 0.00, 1.00, 0.00, 1.00, 0.00, 0.00, 0.00, 0.00, 0.00, 0.00
1505,  0,  25.067,  0.98,  1, 0.10, 0.00, 1.07, 0.10, 0.83, 1.28, 0.00, 0.83, 1.00, 1.62, 0.09, 1.20, 0.05, 0.06, 0.16, 0.24, 0.00, 0.00, 0.00, 1.00, 0.00, 0.00, 1.00, 0.00, 0.00, 0.00, 1.00, 0.00, 1.00, 0.00, 0.00, 0.00, 0.00, 0.00, 0.00
1506,  0,  25.083,  0.98,  1, 0.07, 0.09, 1.13, 0.10, 0.83, 1.33, 0.00, 0.85, 1.04, 1.65, 0.09, 1.28, 0.04, 0.08, 0.11, 0.26, 0.00, 0.00, 0.00, 1.00, 0.00, 0.00, 1.00, 0.00, 0.00, 0.00, 1.00, 0.00, 1.00, 0.00, 0.00, 0.00, 0.00, 0.00, 0.00
1507,  0,  25.100,  0.98,  1, 0.07, 0.09, 1.10, 0.08, 0.86, 1.30, 0.00, 0.76, 0.97, 1.54, 0.09, 1.20, 0.10, 0.15, 0.14, 0.27, 0.00, 0.00, 0.00, 1.00, 0.00, 0.00, 1.00, 0.00, 0.00, 0.00, 1.00, 0.00, 1.00, 0.00, 0.00, 0.00, 0.00, 0.00, 0.00
1508,  0,  25.117,  0.98,  1, 0.01, 0.09, 1.09, 0.06, 0.86, 1.17, 0.00, 0.75, 1.00, 1.50, 0.06, 1.17, 0.09, 0.13, 0.14, 0.25, 0.00, 0.00, 0.00, 1.00, 0.00, 0.00, 1.00, 0.00, 0.00, 0.00, 1.00, 0.00, 1.00, 0.00, 0.00, 0.00, 0.00, 0.00, 0.00
1509,  0,  25.133,  0.98,  1, 0.00, 0.00, 1.04, 0.15, 0.90, 1.03, 0.00, 0.84, 1.01, 1.55, 0.06, 1.28, 0.11, 0.10, 0.19, 0.14, 0.00, 0.00, 0.00, 1.00, 0.00, 0.00, 1.00, 0.00, 0.00, 0.00, 1.00, 0.00, 1.00, 0.00, 0.00, 0.00, 0.00, 0.00, 0.00
1510,  0,  25.150,  0.98,  1, 0.04, 0.00, 0.95, 0.10, 0.89, 0.77, 0.00, 0.95, 1.03, 1.75, 0.12, 1.40, 0.28, 0.03, 0.21, 0.12, 0.00, 0.00, 0.00, 1.00, 0.00, 0.00, 1.00, 0.00, 0.00, 0.00, 1.00, 0.00, 1.00, 0.00, 0.00, 0.00, 0.00, 0.00, 0.00
1511,  0,  25.167,  0.98,  1, 0.04, 0.00, 1.07, 0.10, 0.95, 0.89, 0.00, 0.99, 1.04, 1.72, 0.06, 1.40, 0.39, 0.05, 0.36, 0.15, 0.00, 0.00, 0.00, 1.00, 0.00, 0.00, 1.00, 0.00, 0.00, 0.00, 1.00, 0.00, 1.00, 0.00, 0.00, 0.00, 0.00, 0.00, 0.00
1512,  0,  25.183,  0.98,  1, 0.09, 0.00, 1.16, 0.06, 1.03, 1.20, 0.00, 0.95, 1.07, 1.83, 0.13, 1.29, 0.34, 0.08, 0.28, 0.20, 0.00, 0.00, 0.00, 1.00, 0.00, 0.00, 1.00, 0.00, 0.00, 1.00, 1.00, 0.00, 1.00, 0.00, 0.00, 0.00, 0.00, 0.00, 0.00
1513,  0,  25.200,  0.98,  1, 0.05, 0.00, 1.25, 0.10, 1.06, 1.31, 0.00, 0.94, 1.16, 1.69, 0.07, 1.20, 0.13, 0.07, 0.22, 0.14, 0.00, 0.00, 0.00, 1.00, 0.00, 0.00, 1.00, 0.00, 0.00, 1.00, 1.00, 0.00, 1.00, 0.00, 0.00, 0.00, 0.00, 0.00, 0.00
1514,  0,  25.217,  0.98,  1, 0.05, 0.00, 1.00, 0.13, 1.06, 1.36, 0.00, 0.90, 1.20, 1.66, 0.12, 1.22, 0.04, 0.07, 0.10, 0.10, 0.00, 0.00, 0.00, 1.00, 0.00, 0.00, 1.00, 0.00, 0.00, 1.00, 1.00, 0.00, 1.00, 0.00, 0.00, 0.00, 0.00, 0.00, 0.00
1515,  0,  25.233,  0.98,  1, 0.00, 0.00, 0.80, 0.08, 1.13, 1.33, 0.00, 0.95, 1.23, 1.61, 0.09, 1.25, 0.12, 0.07, 0.15, 0.12, 0.00, 0.00, 0.00, 1.00, 0.00, 0.00, 1.00, 0.00, 0.00, 1.00, 1.00, 0.00, 1.00, 0.00, 0.00, 0.00, 0.00, 0.00, 0.00
1516,  0,  25.250,  0.98,  1, 0.00, 0.00, 0.74, 0.10, 1.17, 1.36, 0.00, 1.03, 1.23, 1.56, 0.09, 1.36, 0.20, 0.12, 0.08, 0.15, 0.00, 0.00, 0.00, 1.00, 0.00, 0.00, 1.00, 0.00, 0.00, 1.00, 1.00, 0.00, 1.00, 0.00, 0.00, 0.00, 0.00, 0.00, 0.00
1517,  0,  25.267,  0.98,  1, 0.00, 0.00, 0.89, 0.07, 1.22, 0.96, 0.00, 1.19, 1.29, 1.59, 0.03, 1.42, 0.38, 0.14, 0.05, 0.15, 0.00, 0.00, 0.00, 1.00, 0.00, 0.00, 1.00, 0.00, 0.00, 1.00, 1.00, 0.00, 1.00, 0.00, 0.00, 0.00, 0.00, 0.00, 0.00
1518,  0,  25.283,  0.98,  1, 0.00, 0.00, 0.99, 0.15, 1.17, 0.72, 0.00, 1.29, 1.27, 1.57, 0.00, 1.40, 0.48, 0.13, 0.06, 0.09, 0.00, 0.00, 0.00, 1.00, 0.00, 1.00, 1.00, 0.00, 1.00, 1.00, 1.00, 1.00, 1.00, 0.00, 0.00, 0.00, 0.00, 0.00, 0.00
1519,  0,  25.300,  0.98,  1, 0.00, 0.00, 1.09, 0.08, 1.22, 0.69, 0.00, 1.32, 1.33, 1.56, 0.04, 1.37, 0.63, 0.13, 0.06, 0.03, 0.00, 0.00, 0.00, 1.00, 0.00, 1.00, 1.00, 0.00, 1.00, 1.00, 1.00, 1.00, 1.00, 0.00, 0.00, 0.00, 0.00, 0.00, 0.00
1520,  0,  25.317,  0.98,  1, 0.00, 0.00, 1.11, 0.08, 1.31, 1.04, 0.00, 1.27, 1.28, 1.59, 0.04, 1.29, 0.60, 0.18, 0.13, 0.06, 0.00, 0.00, 0.00, 1.00, 0.00, 0.00, 1.00, 0.00, 1.00, 1.00, 1.00, 1.00, 1.00, 0.00, 0.00, 0.00, 0.00, 0.00, 0.00
1521,  0,  25.333,  0.98,  1, 0.00, 0.00, 1.04, 0.00, 1.32, 0.99, 0.00, 1.24, 1.29, 1.50, 0.16, 1.31, 0.43, 0.18, 0.20, 0.05, 0.00, 0.00, 0.00, 1.00, 0.00, 0.00, 1.00, 0.00, 1.00, 1.00, 1.00, 1.00, 1.00, 0.00, 0.00, 0.00, 0.00, 0.00, 0.00
1522,  0,  25.350,  0.98,  1, 0.00, 0.00, 0.90, 0.01, 1.28, 1.08, 0.00, 1.20, 1.30, 1.53, 0.13, 1.30, 0.28, 0.20, 0.26, 0.08, 0.00, 0.00, 0.00, 1.00, 0.00, 0.00, 1.00, 0.00, 1.00, 1.00, 1.00, 1.00, 1.00, 0.00, 0.00, 0.00, 0.00, 0.00, 0.00
1523,  0,  25.367,  0.98,  1, 0.00, 0.00, 0.91, 0.04, 1.17, 1.16, 0.00, 1.22, 1.37, 1.51, 0.15, 1.22, 0.16, 0.13, 0.19, 0.10, 0.00, 0.00, 0.00, 1.00, 0.00, 0.00, 1.00, 0.00, 1.00, 1.00, 1.00, 1.00, 1.00, 0.00, 0.00, 0.00, 0.00, 0.00, 0.00
1524,  0,  25.383,  0.98,  1, 0.00, 0.00, 0.88, 0.04, 1.17, 1.49, 0.00, 1.27, 1.38, 1.47, 0.10, 1.18, 0.23, 0.10, 0.07, 0.10, 0.00, 0.00, 0.00, 1.00, 0.00, 0.00, 1.00, 0.00, 1.00, 1.00, 1.00, 1.00, 1.00, 0.00, 0.00, 0.00, 0.00, 0.00, 0.00
1525,  0,  25.400,  0.98,  1, 0.00, 0.00, 0.98, 0.03, 1.25, 1.39, 0.00, 1.32, 1.41, 1.42, 0.09, 1.08, 0.13, 0.09, 0.02, 0.05, 0.00, 0.00, 0.00, 1.00, 0.00, 0.00, 1.00, 0.00, 1.00, 1.00, 1.00, 1.00, 1.00, 0.00, 0.00, 0.00, 0.00, 0.00, 0.00
1526,  0,  25.417,  0.98,  1, 0.00, 0.00, 1.08, 0.00, 1.38, 1.46, 0.00, 1.43, 1.42, 1.48, 0.07, 1.15, 0.24, 0.06, 0.02, 0.11, 0.00, 0.00, 0.00, 1.00, 0.00, 0.00, 1.00, 0.00, 1.00, 1.00, 1.00, 1.00, 1.00, 0.00, 0.00, 0.00, 0.00, 0.00, 0.00
1527,  0,  25.433,  0.98,  1, 0.00, 0.00, 0.99, 0.08, 1.37, 1.33, 0.00, 1.33, 1.45, 1.55, 0.05, 1.12, 0.25, 0.11, 0.01, 0.12, 0.00, 0.00, 0.00, 1.00, 0.00, 0.00, 1.00, 0.00, 1.00, 1.00, 1.00, 1.00, 1.00, 0.00, 0.00, 0.00, 0.00, 0.00, 0.00
1528,  0,  25.450,  0.98,  1, 0.00, 0.00, 1.05, 0.08, 1.28, 1.40, 0.00, 1.33, 1.42, 1.54, 0.17, 1.23, 0.36, 0.18, 0.05, 0.16, 0.00, 0.00, 0.00, 1.00, 0.00, 1.00, 1.00, 0.00, 0.00, 1.00, 1.00, 1.00, 1.00, 0.00, 0.00, 0.00, 0.00, 0.00, 0.00
1529,  0,  25.467,  0.98,  1, 0.00, 0.00, 1.02, 0.08, 1.27, 1.42, 0.00, 1.20, 1.40, 1.49, 0.17, 1.35, 0.28, 0.24, 0.05, 0.10, 0.00, 0.00, 0.00, 1.00, 0.00, 1.00, 1.00, 0.00, 0.00, 1.00, 1.00, 1.00, 1.00, 0.00, 0.00, 0.00, 0.00, 0.00, 0.00
1530,  0,  25.483,  0.98,  1, 0.00, 0.00, 1.14, 0.00, 1.42, 1.31, 0.00, 1.20, 1.44, 1.55, 0.14, 1.51, 0.37, 0.26, 0.06, 0.17, 0.00, 0.00, 0.00, 1.00, 0.00, 1.00, 1.00, 0.00, 0.00, 1.00, 1.00, 1.00, 1.00, 0.00, 0.00, 0.00, 0.00, 0.00, 0.00
1531,  0,  25.500,  0.98,  1, 0.00, 0.00, 1.09, 0.01, 1.46, 1.44, 0.00, 1.24, 1.51, 1.60, 0.02, 1.52, 0.32, 0.28, 0.04, 0.13, 0.00, 0.00, 0.00, 1.00, 0.00, 1.00, 1.00, 0.00, 0.00, 1.00, 1.00, 1.00, 1.00, 0.00, 0.00, 0.00, 0.00, 0.00, 0.00
1532,  0,  25.517,  0.98,  1, 0.00, 0.00, 0.97, 0.01, 1.44, 1.33, 0.00, 1.24, 1.55, 1.67, 0.02, 1.40, 0.43, 0.27, 0.19, 0.17, 0.00, 0.00, 0.00, 1.00, 0.00, 1.00, 1.00, 0.00, 0.00, 1.00, 1.00, 1.00, 1.00, 0.00, 0.00, 0.00, 0.00, 0.00, 0.00
1533,  0,  25.533,  0.98,  1, 0.00, 0.00, 1.08, 0.01, 1.34, 1.47, 0.00, 1.40, 1.58, 1.66, 0.00, 1.45, 0.25, 0.27, 0.20, 0.08, 0.00, 0.00, 0.00, 1.00, 0.00, 1.00, 1.00, 0.00, 1.00, 1.00, 1.00, 1.00, 1.00, 0.00, 0.00, 0.00, 0.00, 0.00, 0.00
1534,  0,  25.550,  0.98,  1, 0.00, 0.00, 1.07, 0.08, 1.36, 1.28, 0.00, 1.35, 1.53, 1.67, 0.00, 1.43, 0.36, 0.21, 0.29, 0.08, 0.00, 0.00, 0.00, 1.00, 0.00, 1.00, 1.00, 0.00, 1.00, 1.00, 1.00, 1.00, 1.00, 0.00, 0.00, 0.00, 0.00, 0.00, 0.00
1535,  0,  25.567,  0.98,  1, 0.00, 0.00, 1.04, 0.08, 1.32, 1.17, 0.00, 1.34, 1.48, 1.60, 0.10, 1.59, 0.24, 0.22, 0.20, 0.01, 0.00, 0.00, 0.00, 1.00, 0.00, 1.00, 1.00, 0.00, 1.00, 1.00, 1.00, 1.00, 1.00, 0.00, 0.00, 0.00, 0.00, 0.00, 0.00
1536,  0,  25.583,  0.98,  1, 0.00, 0.00, 1.06, 0.08, 1.37, 1.13, 0.00, 1.23, 1.40, 1.62, 0.11, 1.51, 0.37, 0.25, 0.17, 0.01, 0.00, 0.00, 0.00, 1.00, 0.00, 1.00, 1.00, 0.00, 1.00, 1.00, 1.00, 1.00, 1.00, 0.00, 0.00, 0.00, 0.00, 0.00, 0.00
1537,  0,  25.600,  0.98,  1, 0.00, 0.00, 1.08, 0.00, 1.38, 1.35, 0.00, 1.29, 1.38, 1.65, 0.11, 1.65, 0.29, 0.27, 0.08, 0.01, 0.00, 0.00, 0.00, 1.00, 0.00, 1.00, 1.00, 0.00, 1.00, 1.00, 1.00, 1.00, 1.00, 0.00, 0.00, 0.00, 0.00, 0.00, 0.00
1538,  0,  25.617,  0.98,  1, 0.01, 0.00, 1.11, 0.00, 1.43, 1.71, 0.00, 1.42, 1.41, 1.74, 0.01, 1.53, 0.36, 0.25, 0.05, 0.00, 0.00, 0.00, 0.00, 1.00, 0.00, 1.00, 1.00, 0.00, 1.00, 1.00, 1.00, 1.00, 1.00, 0.00, 0.00, 0.00, 0.00, 0.00, 0.00
1539,  0,  25.633,  0.98,  1, 0.01, 0.00, 1.02, 0.00, 1.35, 1.69, 0.00, 1.45, 1.40, 1.73, 0.00, 1.44, 0.25, 0.20, 0.08, 0.00, 0.00, 0.00, 0.00, 1.00, 0.00, 1.00, 1.00, 0.00, 1.00, 1.00, 1.00, 1.00, 1.00, 0.00, 0.00, 0.00, 0.00, 0.00, 0.00
1540,  0,  25.650,  0.98,  1, 0.01, 0.00, 1.00, 0.03, 1.38, 1.88, 0.00, 1.46, 1.38, 1.70, 0.00, 1.24, 0.23, 0.18, 0.10, 0.00, 0.04, 0.00, 0.00, 1.00, 0.00, 1.00, 1.00, 0.00, 1.00, 1.00, 1.00, 1.00, 1.00, 0.00, 0.00, 0.00, 0.00, 0.00, 0.00
1541,  0,  25.667,  0.98,  1, 0.00, 0.00, 1.06, 0.03, 1.34, 1.66, 0.00, 1.35, 1.40, 1.57, 0.10, 1.24, 0.19, 0.13, 0.09, 0.00, 0.04, 0.00, 0.00, 1.00, 0.00, 1.00, 1.00, 0.00, 1.00, 1.00, 1.00, 1.00, 1.00, 0.00, 0.00, 0.00, 0.00, 0.00, 0.00
1542,  0,  25.683,  0.98,  1, 0.00, 0.00, 0.98, 0.03, 1.44, 1.84, 0.00, 1.30, 1.46, 1.45, 0.10, 1.17, 0.33, 0.11, 0.11, 0.02, 0.04, 0.00, 0.00, 1.00, 0.00, 1.00, 1.00, 0.00, 1.00, 1.00, 1.00, 1.00, 1.00, 0.00, 0.00, 0.00, 0.00, 0.00, 0.00
1543,  0,  25.700,  0.98,  1, 0.00, 0.00, 0.95, 0.02, 1.38, 1.65, 0.00, 1.21, 1.50, 1.40, 0.12, 1.34, 0.25, 0.09, 0.10, 0.02, 0.00, 0.00, 0.00, 1.00, 0.00, 1.00, 1.00, 0.00, 1.00, 1.00, 1.00, 1.00, 1.00, 0.00, 0.00, 0.00, 0.00, 0.00, 0.00
1544,  0,  25.717,  0.98,  1, 0.00, 0.00, 0.92, 0.02, 1.44, 1.81, 0.00, 1.29, 1.50, 1.44, 0.09, 1.37, 0.26, 0.13, 0.11, 0.03, 0.00, 0.00, 0.00, 1.00, 0.00, 1.00, 1.00, 0.00, 1.00, 1.00, 1.00, 1.00, 1.00, 0.00, 0.00, 0.00, 0.00, 0.00, 0.00
1545,  0,  25.733,  0.98,  1, 0.03, 0.00, 1.21, 0.02, 1.45, 1.87, 0.00, 1.30, 1.48, 1.51, 0.09, 1.50, 0.10, 0.10, 0.16, 0.12, 0.00, 0.00, 0.00, 1.00, 0.00, 1.00, 1.00, 0.00, 1.00, 1.00, 1.00, 1.00, 1.00, 0.00, 0.00, 0.00, 0.00, 0.00, 0.00
1546,  0,  25.750,  0.98,  1, 0.07, 0.00, 1.32, 0.00, 1.55, 1.80, 0.00, 1.45, 1.51, 1.51, 0.18, 1.39, 0.25, 0.07, 0.16, 0.12, 0.14, 0.00, 0.00, 1.00, 0.00, 1.00, 1.00, 0.00, 1.00, 1.00, 1.00, 1.00, 1.00, 0.00, 0.00, 0.00, 0.00, 0.00, 0.00
1547,  0,  25.767,  0.98,  1, 0.31, 0.00, 1.38, 0.00, 1.57, 1.71, 0.00, 1.46, 1.54, 1.51, 0.19, 1.25, 0.37, 0.01, 0.20, 0.11, 0.21, 0.00, 0.00, 1.00, 0.00, 1.00, 1.00, 0.00, 1.00, 1.00, 1.00, 1.00, 1.00, 0.00, 0.00, 0.00, 0.00, 0.00, 1.00
1548,  0,  25.783,  0.98,  1, 0.59, 0.03, 1.18, 0.00, 1.48, 1.45, 0.00, 1.47, 1.58, 1.49, 0.22, 1.19, 0.46, 0.00, 0.25, 0.00, 0.35, 1.00, 0.00, 1.00, 0.00, 1.00, 1.00, 0.00, 1.00, 1.00, 1.00, 1.00, 0.00, 0.00, 0.00, 0.00, 0.00, 0.00, 1.00
1549,  0,  25.800,  0.98,  1, 0.98, 0.10, 1.10, 0.00, 1.31, 1.01, 0.00, 1.36, 1.61, 1.61, 0.27, 1.11, 0.45, 0.00, 0.20, 0.00, 0.37, 1.00, 0.00, 1.00, 0.00, 1.00, 1.00, 0.00, 1.00, 1.00, 1.00, 1.00, 0.00, 0.00, 0.00, 0.00, 0.00, 0.00, 1.00
1550,  0,  25.817,  0.98,  1, 1.08, 0.10, 1.03, 0.00, 1.21, 0.83, 0.00, 1.19, 1.64, 1.48, 0.43, 1.08, 0.50, 0.00, 0.16, 0.00, 0.72, 1.00, 1.00, 1.00, 0.00, 1.00, 1.00, 0.00, 1.00, 1.00, 1.00, 0.00, 0.00, 0.00, 0.00, 0.00, 0.00, 0.00, 1.00
1551,  0,  25.833,  0.98,  1, 1.07, 0.06, 1.19, 0.00, 1.24, 0.76, 0.00, 1.25, 1.63, 1.57, 0.46, 0.97, 0.55, 0.00, 0.12, 0.00, 0.67, 1.00, 1.00, 1.00, 0.00, 1.00, 1.00, 0.00, 1.00, 1.00, 1.00, 0.00, 0.00, 0.00, 0.00, 0.00, 0.00, 0.00, 1.00
1552,  0,  25.850,  0.98,  1, 0.83, 0.11, 1.00, 0.00, 1.32, 0.97, 0.00, 1.29, 1.63, 1.50, 0.36, 0.97, 0.63, 0.00, 0.18, 0.09, 0.58, 1.00, 1.00, 1.00, 0.00, 1.00, 1.00, 0.00, 1.00, 1.00, 1.00, 0.00, 0.00, 0.00, 0.00, 0.00, 0.00, 0.00, 1.00
1553,  0,  25.867,  0.98,  1, 0.57, 0.11, 1.08, 0.00, 1.36, 0.95, 0.00, 1.44, 1.56, 1.68, 0.16, 1.07, 0.49, 0.00, 0.21, 0.11, 0.30, 1.00, 1.00, 1.00, 0.00, 1.00, 1.00, 0.00, 1.00, 1.00, 1.00, 0.00, 0.00, 0.00, 0.00, 0.00, 0.00, 0.00, 1.00
1554,  0,  25.883,  0.98,  1, 0.37, 0.11, 1.04, 0.00, 1.37, 1.04, 0.00, 1.47, 1.51, 1.65, 0.16, 1.12, 0.40, 0.00, 0.17, 0.11, 0.38, 1.00, 1.00, 1.00, 0.00, 1.00, 1.00, 0.00, 1.00, 1.00, 1.00, 0.00, 0.00, 0.00, 0.00, 0.00, 0.00, 0.00, 1.00
1555,  0,  25.900,  0.98,  1, 0.25, 0.00, 1.37, 0.00, 1.38, 1.43, 0.00, 1.47, 1.50, 1.61, 0.12, 1.19, 0.38, 0.00, 0.10, 0.09, 0.59, 1.00, 1.00, 1.00, 0.00, 1.00, 1.00, 0.00, 1.00, 1.00, 1.00, 0.00, 0.00, 0.00, 0.00, 0.00, 0.00, 0.00, 1.00
1556,  0,  25.917,  0.98,  1, 0.17, 0.00, 1.42, 0.00, 1.45, 1.86, 0.00, 1.50, 1.54, 1.58, 0.17, 1.18, 0.36, 0.00, 0.09, 0.21, 0.50, 0.00, 1.00, 1.00, 0.00, 1.00, 1.00, 0.00, 1.00, 1.00, 1.00, 0.00, 1.00, 0.00, 0.00, 0.00, 0.00, 0.00, 1.00
1557,  0,  25.933,  0.98,  1, 0.09, 0.00, 1.40, 0.00, 1.53, 2.03, 0.00, 1.40, 1.57, 1.51, 0.10, 1.25, 0.34, 0.00, 0.07, 0.32, 0.32, 0.00, 0.00, 1.00, 0.00, 1.00, 1.00, 0.00, 1.00, 1.00, 1.00, 0.00, 1.00, 0.00, 0.00, 0.00, 0.00, 0.00, 1.00
1558,  0,  25.950,  0.98,  1, 0.02, 0.00, 1.24, 0.00, 1.59, 1.97, 0.00, 1.41, 1.62, 1.48, 0.16, 1.40, 0.40, 0.00, 0.07, 0.35, 0.05, 0.00, 0.00, 1.00, 0.00, 1.00, 1.00, 0.00, 1.00, 1.00, 1.00, 1.00, 1.00, 0.00, 0.00, 0.00, 0.00, 0.00, 1.00
1559,  0,  25.967,  0.98,  1, 0.01, 0.00, 1.28, 0.00, 1.59, 1.92, 0.00, 1.38, 1.60, 1.44, 0.29, 1.52, 0.44, 0.01, 0.04, 0.28, 0.00, 0.00, 0.00, 1.00, 0.00, 1.00, 1.00, 0.00, 1.00, 1.00, 1.00, 1.00, 1.00, 0.00, 0.00, 0.00, 0.00, 0.00, 1.00
1560,  0,  25.983,  0.98,  1, 0.03, 0.00, 1.31, 0.00, 1.51, 1.94, 0.00, 1.43, 1.59, 1.37, 0.46, 1.55, 0.52, 0.01, 0.03, 0.18, 0.00, 0.00, 0.00, 1.00, 0.00, 1.00, 1.00, 0.00, 1.00, 1.00, 1.00, 1.00, 1.00, 0.00, 0.00, 0.00, 0.00, 0.00, 1.00
1561,  0,  26.000,  0.98,  1, 0.03, 0.00, 1.29, 0.00, 1.50, 1.81, 0.00, 1.39, 1.51, 1.37, 0.50, 1.47, 0.42, 0.01, 0.11, 0.09, 0.00, 0.00, 0.00, 1.00, 0.00, 1.00, 1.00, 0.00, 1.00, 1.00, 1.00, 1.00, 1.00, 0.00, 0.00, 0.00, 0.00, 0.00, 1.00
1562,  0,  26.017,  0.98,  1, 0.03, 0.00, 1.08, 0.00, 1.48, 1.61, 0.00, 1.25, 1.56, 1.38, 0.30, 1.32, 0.46, 0.00, 0.11, 0.05, 0.06, 0.00, 0.00, 1.00, 0.00, 1.00, 1.00, 0.00, 1.00, 1.00, 1.00, 1.00, 1.00, 0.00, 0.00, 0.00, 0.00, 0.00, 1.00
1563,  0,  26.033,  0.98,  1, 0.00, 0.00, 1.05, 0.01, 1.48, 1.60, 0.00, 1.25, 1.54, 1.33, 0.13, 1.25, 0.33, 0.00, 0.12, 0.05, 0.06, 0.00, 0.00, 1.00, 0.00, 1.00, 1.00, 0.00, 1.00, 1.00, 1.00, 1.00, 1.00, 0.00, 0.00, 0.00, 0.00, 0.00, 0.00
1564,  0,  26.050,  0.98,  1, 0.00, 0.00, 0.99, 0.01, 1.41, 1.63, 0.00, 1.19, 1.57, 1.22, 0.11, 1.10, 0.19, 0.00, 0.06, 0.09, 0.06, 0.00, 0.00, 1.00, 0.00, 1.00, 1.00, 0.00, 1.00, 1.00, 1.00, 1.00, 1.00, 0.00, 0.00, 0.00, 0.00, 0.00, 0.00
1565,  0,  26.067,  0.98,  1, 0.00, 0.00, 1.05, 0.01, 1.39, 1.67, 0.00, 1.23, 1.52, 1.29, 0.11, 1.16, 0.06, 0.00, 0.10, 0.09, 0.00, 0.00, 0.00, 1.00, 0.00, 1.00, 1.00, 0.00, 1.00, 1.00, 1.00, 1.00, 1.00, 0.00, 0.00, 0.00, 0.00, 0.00, 0.00
1566,  0,  26.083,  0.98,  1, 0.00, 0.00, 1.07, 0.00, 1.44, 1.60, 0.00, 1.13, 1.58, 1.33, 0.11, 1.19, 0.06, 0.00, 0.23, 0.09, 0.00, 0.00, 0.00, 1.00, 0.00, 1.00, 1.00, 0.00, 1.00, 1.00, 1.00, 1.00, 1.00, 0.00, 0.00, 0.00, 0.00, 0.00, 0.00
1567,  0,  26.100,  0.98,  1, 0.00, 0.00, 1.08, 0.00, 1.49, 1.70, 0.00, 1.19, 1.58, 1.44, 0.08, 1.36, 0.16, 0.02, 0.20, 0.11, 0.00, 0.00, 0.00, 1.00, 0.00, 1.00, 1.00, 0.00, 1.00, 1.00, 1.00, 1.00, 1.00, 0.00, 0.00, 0.00, 0.00, 0.00, 0.00
1568,  0,  26.117,  0.98,  1, 0.01, 0.00, 1.17, 0.00, 1.42, 1.56, 0.00, 1.26, 1.58, 1.35, 0.20, 1.30, 0.18, 0.02, 0.24, 0.06, 0.00, 0.00, 0.00, 1.00, 0.00, 1.00, 1.00, 0.00, 1.00, 1.00, 1.00, 1.00, 1.00, 0.00, 0.00, 0.00, 0.00, 0.00, 0.00
1569,  0,  26.133,  0.98,  1, 0.04, 0.00, 1.14, 0.00, 1.39, 1.56, 0.00, 1.35, 1.52, 1.45, 0.20, 1.38, 0.18, 0.02, 0.20, 0.21, 0.00, 0.00, 0.00, 1.00, 0.00, 1.00, 1.00, 0.00, 1.00, 1.00, 1.00, 1.00, 1.00, 0.00, 0.00, 0.00, 0.00, 0.00, 0.00
1570,  0,  26.150,  0.98,  1, 0.04, 0.00, 1.16, 0.06, 1.36, 1.50, 0.00, 1.28, 1.51, 1.41, 0.23, 1.39, 0.24, 0.02, 0.20, 0.20, 0.00, 0.00, 0.00, 1.00, 0.00, 1.00, 1.00, 0.00, 1.00, 1.00, 1.00, 1.00, 1.00, 0.00, 0.00, 0.00, 0.00, 0.00, 0.00
1571,  0,  26.167,  0.98,  1, 0.03, 0.00, 1.10, 0.06, 1.46, 1.86, 0.00, 1.19, 1.51, 1.44, 0.16, 1.29, 0.26, 0.05, 0.13, 0.27, 0.00, 0.00, 0.00, 1.00, 0.00, 1.00, 1.00, 0.00, 1.00, 1.00, 1.00, 1.00, 1.00, 0.00, 0.00, 0.00, 0.00, 0.00, 0.00
1572,  0,  26.183,  0.98,  1, 0.10, 0.00, 1.07, 0.06, 1.45, 2.08, 0.00, 1.17, 1.51, 1.38, 0.20, 1.18, 0.26, 0.08, 0.13, 0.25, 0.00, 0.00, 0.00, 1.00, 0.00, 1.00, 1.00, 0.00, 1.00, 1.00, 1.00, 1.00, 1.00, 0.00, 0.00, 0.00, 0.00, 0.00, 0.00
1573,  0,  26.200,  0.98,  1, 0.13, 0.00, 1.14, 0.00, 1.40, 2.21, 0.00, 1.22, 1.51, 1.52, 0.09, 1.12, 0.10, 0.13, 0.14, 0.25, 0.00, 0.00, 0.00, 1.00, 0.00, 1.00, 1.00, 0.00, 1.00, 1.00, 1.00, 0.00, 1.00, 0.00, 0.00, 0.00, 0.00, 0.00, 0.00
1574,  0,  26.217,  0.98,  1, 0.21, 0.10, 1.19, 0.00, 1.32, 2.00, 0.00, 1.29, 1.48, 1.44, 0.15, 1.23, 0.13, 0.11, 0.12, 0.28, 0.00, 0.00, 0.00, 1.00, 0.00, 1.00, 1.00, 0.00, 1.00, 1.00, 1.00, 0.00, 0.00, 0.00, 0.00, 0.00, 0.00, 0.00, 0.00
1575,  0,  26.233,  0.98,  1, 0.26, 0.10, 1.25, 0.00, 1.33, 1.92, 0.00, 1.23, 1.47, 1.26, 0.11, 1.14, 0.21, 0.08, 0.10, 0.24, 0.00, 0.00, 0.00, 1.00, 0.00, 1.00, 1.00, 0.00, 1.00, 1.00, 1.00, 0.00, 0.00, 0.00, 0.00, 0.00, 0.00, 0.00, 0.00
1576,  0,  26.250,  0.98,  1, 0.23, 0.10, 1.28, 0.00, 1.35, 1.79, 0.00, 1.26, 1.49, 1.20, 0.14, 1.00, 0.37, 0.02, 0.20, 0.33, 0.00, 0.00, 0.00, 1.00, 0.00, 1.00, 1.00, 0.00, 1.00, 1.00, 1.00, 0.00, 0.00, 0.00, 0.00, 0.00, 0.00, 0.00, 0.00
1577,  0,  26.267,  0.98,  1, 0.18, 0.00, 1.17, 0.00, 1.39, 1.74, 0.00, 1.28, 1.51, 1.21, 0.03, 1.11, 0.38, 0.02, 0.28, 0.35, 0.00, 0.00, 0.00, 1.00, 0.00, 1.00, 1.00, 0.00, 1.00, 1.00, 1.00, 0.00, 0.00, 0.00, 0.00, 0.00, 0.00, 0.00, 0.00
1578,  0,  26.283,  0.98,  1, 0.25, 0.00, 1.20, 0.02, 1.32, 1.60, 0.00, 1.25, 1.54, 1.48, 0.09, 1.16, 0.43, 0.02, 0.27, 0.31, 0.00, 0.00, 0.00, 1.00, 0.00, 1.00, 1.00, 0.00, 1.00, 1.00, 1.00, 0.00, 0.00, 0.00, 0.00, 0.00, 0.00, 0.00, 0.00
1579,  0,  26.300,  0.98,  1, 0.25, 0.00, 1.11, 0.05, 1.33, 1.71, 0.00, 1.13, 1.47, 1.37, 0.11, 1.26, 0.32, 0.09, 0.30, 0.17, 0.00, 0.00, 0.00, 1.00, 0.00, 1.00, 1.00, 0.00, 1.00, 1.00, 1.00, 0.00, 0.00, 0.00, 0.00, 0.00, 0.00, 0.00, 0.00
1580,  0,  26.317,  0.98,  1, 0.31, 0.00, 1.17, 0.05, 1.32, 1.94, 0.00, 1.18, 1.55, 1.43, 0.17, 1.16, 0.17, 0.07, 0.33, 0.15, 0.00, 0.00, 0.00, 1.00, 0.00, 1.00, 1.00, 0.00, 1.00, 1.00, 1.00, 0.00, 1.00, 0.00, 0.00, 0.00, 0.00, 0.00, 0.00
1581,  0,  26.333,  0.98,  1, 0.12, 0.00, 1.14, 0.04, 1.43, 2.06, 0.00, 1.24, 1.53, 1.28, 0.27, 1.13, 0.08, 0.07, 0.29, 0.13, 0.00, 0.00, 0.00, 1.00, 0.00, 1.00, 1.00, 0.00, 1.00, 1.00, 1.00, 0.00, 1.00, 0.00, 0.00, 0.00, 0.00, 0.00, 0.00
1582,  0,  26.350,  0.98,  1, 0.20, 0.00, 1.20, 0.00, 1.48, 2.06, 0.00, 1.24, 1.57, 1.40, 0.24, 1.16, 0.29, 0.00, 0.28, 0.20, 0.18, 1.00, 0.00, 1.00, 0.00, 1.00, 1.00, 0.00, 1.00, 1.00, 1.00, 0.00, 1.00, 0.00, 0.00, 0.00, 0.00, 0.00, 0.00
1583,  0,  26.367,  0.98,  1, 0.51, 0.07, 1.32, 0.00, 1.51, 1.80, 0.00, 1.26, 1.58, 1.31, 0.26, 1.23, 0.34, 0.00, 0.17, 0.21, 0.40, 1.00, 0.00, 1.00, 0.00, 1.00, 1.00, 0.00, 1.00, 1.00, 1.00, 0.00, 1.00, 0.00, 0.00, 0.00, 0.00, 0.00, 1.00
1584,  0,  26.383,  0.98,  1, 0.81, 0.07, 1.29, 0.00, 1.46, 1.72, 0.00, 1.24, 1.65, 1.41, 0.17, 1.15, 0.34, 0.00, 0.15, 0.18, 0.67, 1.00, 1.00, 1.00, 0.00, 1.00, 1.00, 0.00, 1.00, 1.00, 1.00, 0.00, 0.00, 0.00, 0.00, 0.00, 0.00, 0.00, 1.00
1585,  0,  26.400,  0.98,  1, 0.96, 0.07, 1.00, 0.00, 1.44, 1.61, 0.00, 1.23, 1.72, 1.29, 0.15, 0.93, 0.15, 0.00, 0.12, 0.15, 0.61, 1.00, 1.00, 1.00, 0.00, 1.00, 1.00, 0.00, 0.00, 1.00, 1.00, 0.00, 0.00, 0.00, 0.00, 0.00, 0.00, 0.00, 1.00
1586,  0,  26.417,  0.98,  1, 0.79, 0.13, 0.87, 0.00, 1.37, 1.38, 0.00, 1.12, 1.67, 1.29, 0.18, 0.91, 0.27, 0.00, 0.16, 0.05, 0.48, 1.00, 1.00, 1.00, 0.00, 1.00, 1.00, 0.00, 0.00, 1.00, 1.00, 0.00, 0.00, 0.00, 0.00, 0.00, 0.00, 0.00, 1.00
1587,  0,  26.433,  0.98,  1, 0.73, 0.13, 0.76, 0.00, 1.36, 1.27, 0.00, 1.15, 1.67, 1.29, 0.11, 1.01, 0.35, 0.00, 0.25, 0.10, 0.33, 1.00, 1.00, 1.00, 0.00, 1.00, 1.00, 0.00, 1.00, 1.00, 1.00, 1.00, 0.00, 0.00, 0.00, 0.00, 0.00, 0.00, 1.00
1588,  0,  26.450,  0.98,  1, 0.68, 0.22, 1.10, 0.00, 1.42, 1.28, 0.00, 1.19, 1.62, 1.41, 0.13, 1.17, 0.39, 0.00, 0.30, 0.19, 0.44, 1.00, 1.00, 1.00, 0.00, 1.00, 1.00, 0.00, 1.00, 1.00, 1.00, 1.00, 0.00, 0.00, 0.00, 0.00, 0.00, 0.00, 1.00
1589,  0,  26.467,  0.98,  1, 0.69, 0.13, 1.17, 0.00, 1.55, 1.66, 0.00, 1.20, 1.60, 1.50, 0.12, 1.08, 0.24, 0.00, 0.35, 0.26, 0.48, 1.00, 1.00, 1.00, 0.00, 1.00, 1.00, 0.00, 1.00, 1.00, 1.00, 1.00, 0.00, 0.00, 0.00, 0.00, 0.00, 0.00, 1.00
1590,  0,  26.483,  0.98,  1, 0.56, 0.13, 1.28, 0.00, 1.62, 2.18, 0.00, 1.22, 1.64, 1.59, 0.28, 1.09, 0.17, 0.00, 0.35, 0.25, 0.47, 1.00, 1.00, 1.00, 0.00, 1.00, 1.00, 0.00, 1.00, 1.00, 1.00, 1.00, 1.00, 0.00, 0.00, 0.00, 0.00, 0.00, 1.00
1591,  0,  26.500,  0.98,  1, 0.52, 0.04, 1.20, 0.00, 1.61, 2.33, 0.00, 1.22, 1.70, 1.47, 0.26, 1.05, 0.18, 0.00, 0.29, 0.28, 0.36, 1.00, 1.00, 1.00, 0.00, 1.00, 1.00, 0.00, 1.00, 1.00, 1.00, 1.00, 1.00, 0.00, 0.00, 0.00, 0.00, 0.00, 1.00
1592,  0,  26.517,  0.98,  1, 0.38, 0.00, 1.11, 0.00, 1.58, 2.46, 0.00, 1.20, 1.72, 1.43, 0.16, 1.16, 0.32, 0.00, 0.32, 0.32, 0.43, 1.00, 1.00, 1.00, 0.00, 1.00, 1.00, 0.00, 1.00, 1.00, 1.00, 1.00, 1.00, 0.00, 0.00, 0.00, 0.00, 0.00, 1.00
1593,  0,  26.533,  0.98,  1, 0.38, 0.00, 1.14, 0.00, 1.58, 2.19, 0.00, 1.23, 1.63, 1.22, 0.00, 1.24, 0.28, 0.00, 0.30, 0.35, 0.32, 1.00, 1.00, 1.00, 0.00, 1.00, 1.00, 0.00, 1.00, 1.00, 1.00, 1.00, 1.00, 0.00, 0.00, 0.00, 0.00, 0.00, 1.00
1594,  0,  26.550,  0.98,  1, 0.45, 0.12, 1.14, 0.00, 1.57, 2.13, 0.00, 1.21, 1.55, 1.31, 0.10, 1.37, 0.33, 0.00, 0.42, 0.34, 0.35, 1.00, 1.00, 1.00, 0.00, 1.00, 1.00, 0.00, 1.00, 1.00, 1.00, 1.00, 1.00, 0.00, 0.00, 0.00, 0.00, 0.00, 0.00
1595,  0,  26.567,  0.98,  1, 0.60, 0.12, 1.26, 0.00, 1.59, 2.10, 0.00, 1.25, 1.54, 1.40, 0.21, 1.39, 0.27, 0.00, 0.42, 0.35, 0.15, 1.00, 1.00, 1.00, 0.00, 1.00, 1.00, 0.00, 1.00, 1.00, 1.00, 1.00, 1.00, 0.00, 0.00, 0.00, 0.00, 0.00, 0.00
1596,  0,  26.583,  0.98,  1, 0.59, 0.12, 1.09, 0.00, 1.54, 2.00, 0.00, 1.25, 1.56, 1.51, 0.31, 1.36, 0.38, 0.00, 0.56, 0.29, 0.24, 1.00, 0.00, 1.00, 0.00, 1.00, 1.00, 0.00, 1.00, 1.00, 1.00, 1.00, 1.00, 0.00, 0.00, 0.00, 0.00, 0.00, 0.00
1597,  0,  26.600,  0.98,  1, 0.47, 0.00, 1.08, 0.00, 1.57, 2.11, 0.00, 1.33, 1.65, 1.41, 0.35, 1.20, 0.31, 0.00, 0.48, 0.20, 0.09, 1.00, 0.00, 1.00, 0.00, 1.00, 1.00, 0.00, 1.00, 1.00, 1.00, 1.00, 1.00, 0.00, 0.00, 0.00, 0.00, 0.00, 0.00
1598,  0,  26.617,  0.98,  1, 0.34, 0.00, 0.94, 0.00, 1.55, 2.24, 0.00, 1.29, 1.65, 1.34, 0.45, 1.29, 0.22, 0.00, 0.35, 0.17, 0.09, 1.00, 0.00, 1.00, 0.00, 1.00, 1.00, 0.00, 1.00, 1.00, 1.00, 1.00, 1.00, 0.00, 0.00, 0.00, 0.00, 0.00, 0.00
1599,  0,  26.633,  0.98,  1, 0.35, 0.00, 1.04, 0.00, 1.56, 2.33, 0.00, 1.22, 1.62, 1.31, 0.38, 1.25, 0.19, 0.00, 0.30, 0.32, 0.09, 1.00, 0.00, 1.00, 0.00, 1.00, 1.00, 0.00, 1.00, 1.00, 1.00, 1.00, 1.00, 0.00, 0.00, 0.00, 0.00, 0.00, 0.00
1600,  0,  26.650,  0.98,  1, 0.37, 0.00, 1.01, 0.00, 1.52, 2.26, 0.00, 1.20, 1.54, 1.40, 0.24, 1.35, 0.07, 0.00, 0.25, 0.26, 0.10, 1.00, 0.00, 1.00, 0.00, 1.00, 1.00, 0.00, 1.00, 1.00, 1.00, 1.00, 0.00, 0.00, 0.00, 0.00, 0.00, 0.00, 0.00
1601,  0,  26.667,  0.98,  1, 0.31, 0.00, 1.08, 0.00, 1.48, 2.11, 0.00, 1.28, 1.58, 1.45, 0.14, 1.08, 0.15, 0.00, 0.41, 0.28, 0.15, 1.00, 0.00, 1.00, 0.00, 1.00, 1.00, 0.00, 1.00, 1.00, 1.00, 1.00, 0.00, 0.00, 0.00, 0.00, 0.00, 0.00, 0.00
1602,  0,  26.683,  0.98,  1, 0.31, 0.00, 1.07, 0.00, 1.52, 2.29, 0.00, 1.24, 1.62, 1.44, 0.11, 0.94, 0.11, 0.00, 0.26, 0.22, 0.21, 1.00, 0.00, 1.00, 0.00, 1.00, 1.00, 0.00, 1.00, 1.00, 1.00, 1.00, 1.00, 0.00, 0.00, 0.00, 0.00, 0.00, 0.00
1603,  0,  26.700,  0.98,  1, 0.38, 0.05, 1.14, 0.00, 1.60, 2.31, 0.00, 1.22, 1.58, 1.49, 0.14, 0.95, 0.21, 0.00, 0.24, 0.26, 0.26, 1.00, 1.00, 1.00, 0.00, 1.00, 1.00, 0.00, 1.00, 1.00, 1.00, 1.00, 0.00, 0.00, 0.00, 0.00, 0.00, 0.00, 0.00
1604,  0,  26.717,  0.98,  1, 0.53, 0.05, 1.14, 0.05, 1.65, 2.24, 0.00, 1.27, 1.50, 1.45, 0.12, 0.99, 0.19, 0.00, 0.23, 0.21, 0.22, 1.00, 1.00, 1.00, 0.00, 1.00, 1.00, 0.00, 1.00, 1.00, 1.00, 1.00, 0.00, 0.00, 0.00, 0.00, 0.00, 0.00, 0.00
1605,  0,  26.733,  0.98,  1, 0.41, 0.05, 1.05, 0.07, 1.62, 1.97, 0.00, 1.34, 1.46, 1.42, 0.12, 1.12, 0.27, 0.00, 0.26, 0.23, 0.13, 1.00, 1.00, 1.00, 0.00, 1.00, 1.00, 0.00, 1.00, 1.00, 1.00, 0.00, 0.00, 0.00, 0.00, 0.00, 0.00, 0.00, 0.00
1606,  0,  26.750,  0.98,  1, 0.23, 0.00, 0.90, 0.07, 1.50, 1.83, 0.00, 1.27, 1.50, 1.38, 0.15, 1.01, 0.29, 0.00, 0.34, 0.20, 0.14, 1.00, 1.00, 1.00, 0.00, 1.00, 1.00, 0.00, 1.00, 1.00, 1.00, 0.00, 0.00, 0.00, 0.00, 0.00, 0.00, 0.00, 0.00
1607,  0,  26.767,  0.98,  1, 0.19, 0.03, 0.93, 0.08, 1.48, 1.86, 0.00, 1.18, 1.55, 1.46, 0.05, 0.99, 0.24, 0.00, 0.28, 0.12, 0.14, 1.00, 0.00, 1.00, 0.00, 1.00, 1.00, 0.00, 1.00, 1.00, 1.00, 0.00, 0.00, 0.00, 0.00, 0.00, 0.00, 0.00, 0.00
1608,  0,  26.783,  0.98,  1, 0.37, 0.03, 1.11, 0.09, 1.51, 2.05, 0.00, 1.13, 1.59, 1.38, 0.05, 0.91, 0.12, 0.00, 0.32, 0.02, 0.08, 1.00, 0.00, 1.00, 0.00, 1.00, 1.00, 0.00, 1.00, 1.00, 1.00, 0.00, 0.00, 0.00, 0.00, 0.00, 0.00, 0.00, 0.00
1609,  0,  26.800,  0.98,  1, 0.49, 0.03, 1.26, 0.09, 1.58, 2.37, 0.00, 1.18, 1.65, 1.29, 0.11, 0.93, 0.06, 0.00, 0.29, 0.00, 0.06, 1.00, 0.00, 1.00, 0.00, 1.00, 1.00, 0.00, 1.00, 1.00, 1.00, 0.00, 0.00, 0.00, 0.00, 0.00, 0.00, 0.00, 0.00
1610,  0,  26.817,  0.98,  1, 0.59, 0.00, 1.32, 0.03, 1.56, 2.50, 0.00, 1.11, 1.61, 1.16, 0.11, 0.97, 0.12, 0.00, 0.35, 0.03, 0.06, 1.00, 0.00, 1.00, 0.00, 1.00, 1.00, 0.00, 1.00, 1.00, 1.00, 0.00, 0.00, 0.00, 0.00, 0.00, 0.00, 0.00, 0.00
1611,  0,  26.833,  0.98,  1, 0.52, 0.00, 1.29, 0.00, 1.59, 2.50, 0.00, 1.19, 1.62, 1.25, 0.11, 1.07, 0.33, 0.00, 0.35, 0.09, 0.08, 1.00, 0.00, 1.00, 0.00, 1.00, 1.00, 0.00, 1.00, 1.00, 1.00, 0.00, 0.00, 0.00, 0.00, 0.00, 0.00, 0.00, 0.00
1612,  0,  26.850,  0.98,  1, 0.56, 0.01, 1.29, 0.00, 1.60, 2.37, 0.00, 1.28, 1.63, 1.37, 0.00, 1.12, 0.27, 0.00, 0.39, 0.16, 0.36, 1.00, 0.00, 1.00, 0.00, 1.00, 1.00, 0.00, 1.00, 1.00, 1.00, 0.00, 0.00, 0.00, 0.00, 0.00, 0.00, 0.00, 1.00
1613,  0,  26.867,  0.98,  1, 0.68, 0.01, 1.10, 0.00, 1.60, 2.14, 0.00, 1.30, 1.69, 1.42, 0.08, 1.07, 0.39, 0.00, 0.44, 0.13, 0.67, 1.00, 1.00, 1.00, 0.00, 1.00, 1.00, 0.00, 1.00, 1.00, 1.00, 0.00, 0.00, 0.00, 0.00, 0.00, 0.00, 0.00, 1.00
1614,  0,  26.883,  0.98,  1, 1.05, 0.06, 1.05, 0.00, 1.43, 1.76, 0.00, 1.31, 1.73, 1.49, 0.18, 0.92, 0.28, 0.00, 0.58, 0.17, 1.06, 1.00, 1.00, 1.00, 0.00, 1.00, 1.00, 0.00, 1.00, 1.00, 1.00, 0.00, 0.00, 0.00, 0.00, 0.00, 0.00, 0.00, 1.00
1615,  0,  26.900,  0.98,  1, 1.45, 0.06, 1.01, 0.00, 1.36, 1.16, 0.00, 1.25, 1.75, 1.45, 0.18, 0.80, 0.59, 0.00, 0.64, 0.09, 1.15, 1.00, 1.00, 1.00, 0.00, 1.00, 1.00, 0.00, 1.00, 1.00, 1.00, 0.00, 0.00, 0.00, 0.00, 0.00, 0.00, 0.00, 1.00
1616,  0,  26.917,  0.98,  1, 1.55, 0.07, 0.98, 0.00, 1.36, 0.81, 0.00, 1.33, 1.81, 1.55, 0.27, 0.82, 0.67, 0.00, 0.54, 0.10, 1.28, 1.00, 1.00, 0.00, 0.00, 1.00, 1.00, 0.00, 1.00, 1.00, 1.00, 0.00, 1.00, 0.00, 0.00, 0.00, 0.00, 0.00, 1.00
1617,  0,  26.933,  0.98,  1, 1.59, 0.18, 0.92, 0.00, 1.39, 0.77, 0.00, 1.26, 1.77, 1.51, 0.28, 0.86, 0.75, 0.00, 0.59, 0.01, 1.11, 1.00, 1.00, 0.00, 0.00, 1.00, 1.00, 0.00, 1.00, 1.00, 1.00, 0.00, 0.00, 0.00, 0.00, 0.00, 0.00, 0.00, 1.00
1618,  0,  26.950,  0.98,  1, 1.30, 0.29, 0.86, 0.00, 1.42, 0.85, 0.00, 1.33, 1.71, 1.51, 0.29, 0.93, 0.54, 0.00, 0.57, 0.03, 0.98, 1.00, 1.00, 0.00, 0.00, 1.00, 1.00, 0.00, 1.00, 1.00, 1.00, 0.00, 0.00, 0.00, 0.00, 0.00, 0.00, 0.00, 1.00
1619,  0,  26.967,  0.98,  1, 1.21, 0.30, 1.04, 0.00, 1.43, 1.21, 0.00, 1.28, 1.65, 1.34, 0.26, 0.93, 0.46, 0.00, 0.61, 0.10, 0.76, 1.00, 1.00, 0.00, 0.00, 1.00, 1.00, 0.00, 1.00, 1.00, 1.00, 0.00, 1.00, 0.00, 0.00, 0.00, 0.00, 0.00, 1.00
1620,  0,  26.983,  0.98,  1, 0.93, 0.15, 1.26, 0.00, 1.50, 1.39, 0.00, 1.31, 1.62, 1.30, 0.28, 1.18, 0.44, 0.00, 0.43, 0.16, 0.83, 1.00, 1.00, 0.00, 0.00, 1.00, 1.00, 0.00, 1.00, 1.00, 1.00, 0.00, 1.00, 0.00, 0.00, 0.00, 0.00, 0.00, 1.00
1621,  0,  27.000,  0.98,  1, 0.91, 0.23, 1.28, 0.00, 1.52, 1.88, 0.00, 1.24, 1.60, 1.44, 0.36, 1.22, 0.48, 0.00, 0.39, 0.24, 0.85, 1.00, 1.00, 1.00, 0.00, 1.00, 1.00, 0.00, 1.00, 1.00, 1.00, 0.00, 0.00, 0.00, 0.00, 0.00, 0.00, 0.00, 1.00
1622,  0,  27.017,  0.98,  1, 0.65, 0.27, 1.15, 0.00, 1.54, 1.88, 0.00, 1.27, 1.57, 1.50, 0.29, 1.26, 0.53, 0.00, 0.28, 0.20, 0.82, 1.00, 0.00, 1.00, 0.00, 1.00, 1.00, 0.00, 1.00, 1.00, 1.00, 0.00, 1.00, 0.00, 0.00, 0.00, 0.00, 0.00, 1.00
1623,  0,  27.033,  0.98,  1, 0.50, 0.25, 0.99, 0.00, 1.63, 2.18, 0.00, 1.33, 1.62, 1.48, 0.16, 1.08, 0.41, 0.00, 0.33, 0.20, 0.90, 1.00, 0.00, 1.00, 0.00, 1.00, 1.00, 0.00, 1.00, 1.00, 1.00, 0.00, 1.00, 0.00, 0.00, 0.00, 0.00, 0.00, 1.00
1624,  0,  27.050,  0.98,  1, 0.33, 0.06, 1.04, 0.00, 1.68, 2.14, 0.00, 1.39, 1.67, 1.37, 0.12, 1.06, 0.45, 0.00, 0.31, 0.25, 0.76, 1.00, 0.00, 1.00, 0.00, 1.00, 1.00, 0.00, 1.00, 1.00, 1.00, 0.00, 1.00, 0.00, 0.00, 0.00, 0.00, 0.00, 1.00
1625,  0,  27.067,  0.98,  1, 0.48, 0.14, 1.06, 0.00, 1.70, 2.31, 0.00, 1.37, 1.71, 1.32, 0.05, 1.04, 0.35, 0.00, 0.38, 0.37, 0.59, 1.00, 0.00, 1.00, 0.00, 1.00, 1.00, 0.00, 1.00, 1.00, 1.00, 0.00, 1.00, 0.00, 0.00, 0.00, 0.00, 0.00, 1.00
1626,  0,  27.083,  0.98,  1, 0.57, 0.27, 1.15, 0.00, 1.60, 2.06, 0.00, 1.22, 1.63, 1.32, 0.05, 1.26, 0.32, 0.00, 0.31, 0.32, 0.33, 1.00, 0.00, 1.00, 0.00, 1.00, 1.00, 0.00, 1.00, 1.00, 1.00, 0.00, 1.00, 0.00, 0.00, 0.00, 0.00, 0.00, 1.00
1627,  0,  27.100,  0.98,  1, 0.46, 0.27, 1.08, 0.00, 1.55, 1.96, 0.00, 1.15, 1.53, 1.35, 0.08, 1.25, 0.38, 0.00, 0.22, 0.18, 0.15, 1.00, 0.00, 1.00, 0.00, 1.00, 1.00, 0.00, 1.00, 1.00, 1.00, 0.00, 1.00, 0.00, 0.00, 0.00, 0.00, 0.00, 1.00
1628,  0,  27.117,  0.98,  1, 0.22, 0.13, 1.10, 0.00, 1.50, 1.84, 0.00, 1.18, 1.46, 1.33, 0.17, 1.36, 0.29, 0.00, 0.17, 0.13, 0.21, 1.00, 0.00, 1.00, 0.00, 1.00, 1.00, 0.00, 1.00, 1.00, 1.00, 0.00, 1.00, 0.00, 0.00, 0.00, 0.00, 0.00, 1.00
1629,  0,  27.133,  0.98,  1, 0.23, 0.00, 0.94, 0.00, 1.50, 1.81, 0.00, 1.21, 1.47, 1.38, 0.28, 1.03, 0.38, 0.00, 0.30, 0.16, 0.10, 1.00, 0.00, 1.00, 0.00, 1.00, 1.00, 0.00, 1.00, 1.00, 1.00, 0.00, 1.00, 0.00, 0.00, 0.00, 0.00, 0.00, 1.00
1630,  0,  27.150,  0.98,  1, 0.33, 0.00, 1.02, 0.00, 1.53, 1.82, 0.00, 1.21, 1.48, 1.37, 0.32, 1.09, 0.24, 0.00, 0.44, 0.17, 0.10, 1.00, 0.00, 1.00, 0.00, 1.00, 1.00, 0.00, 1.00, 1.00, 1.00, 1.00, 1.00, 0.00, 0.00, 0.00, 0.00, 0.00, 0.00
1631,  0,  27.167,  0.98,  1, 0.44, 0.00, 0.97, 0.00, 1.58, 1.77, 0.00, 1.15, 1.45, 1.46, 0.26, 0.97, 0.38, 0.00, 0.48, 0.15, 0.05, 0.00, 0.00, 1.00, 0.00, 1.00, 1.00, 0.00, 1.00, 1.00, 1.00, 1.00, 1.00, 0.00, 0.00, 0.00, 0.00, 0.00, 0.00
1632,  0,  27.183,  0.98,  1, 0.33, 0.00, 0.98, 0.00, 1.61, 1.76, 0.00, 1.33, 1.46, 1.45, 0.20, 1.13, 0.43, 0.01, 0.33, 0.12, 0.13, 1.00, 0.00, 1.00, 0.00, 1.00, 1.00, 0.00, 1.00, 1.00, 1.00, 1.00, 1.00, 0.00, 0.00, 0.00, 0.00, 0.00, 0.00
1633,  0,  27.200,  0.98,  1, 0.30, 0.00, 0.96, 0.00, 1.52, 1.63, 0.00, 1.37, 1.49, 1.41, 0.19, 1.14, 0.33, 0.01, 0.26, 0.29, 0.16, 0.00, 0.00, 1.00, 0.00, 1.00, 1.00, 0.00, 1.00, 1.00, 1.00, 0.00, 1.00, 0.00, 0.00, 0.00, 0.00, 0.00, 0.00
1634,  0,  27.217,  0.98,  1, 0.25, 0.09, 1.07, 0.00, 1.48, 1.80, 0.00, 1.41, 1.50, 1.48, 0.18, 1.29, 0.33, 0.01, 0.19, 0.23, 0.12, 0.00, 0.00, 1.00, 0.00, 1.00, 1.00, 0.00, 1.00, 1.00, 1.00, 0.00, 1.00, 0.00, 0.00, 0.00, 0.00, 0.00, 0.00
1635,  0,  27.233,  0.98,  1, 0.21, 0.12, 1.14, 0.00, 1.48, 1.77, 0.00, 1.19, 1.51, 1.46, 0.17, 1.42, 0.34, 0.00, 0.22, 0.30, 0.03, 0.00, 0.00, 1.00, 0.00, 1.00, 1.00, 0.00, 1.00, 1.00, 1.00, 0.00, 1.00, 0.00, 0.00, 0.00, 0.00, 0.00, 0.00
1636,  0,  27.250,  0.98,  1, 0.16, 0.17, 1.18, 0.00, 1.48, 1.71, 0.00, 1.22, 1.50, 1.48, 0.08, 1.34, 0.35, 0.00, 0.43, 0.22, 0.00, 0.00, 0.00, 1.00, 0.00, 1.00, 1.00, 0.00, 1.00, 1.00, 1.00, 0.00, 1.00, 0.00, 0.00, 0.00, 0.00, 0.00, 0.00
1637,  0,  27.267,  0.98,  1, 0.07, 0.09, 1.10, 0.00, 1.40, 1.64, 0.00, 1.19, 1.50, 1.47, 0.05, 1.33, 0.30, 0.00, 0.57, 0.27, 0.00, 0.00, 0.00, 1.00, 0.00, 1.00, 1.00, 0.00, 1.00, 1.00, 1.00, 0.00, 1.00, 0.00, 0.00, 0.00, 0.00, 0.00, 0.00
1638,  0,  27.283,  0.98,  1, 0.04, 0.05, 1.15, 0.01, 1.42, 1.72, 0.00, 1.37, 1.51, 1.51, 0.03, 1.34, 0.24, 0.00, 0.47, 0.28, 0.05, 0.00, 0.00, 1.00, 0.00, 1.00, 1.00, 0.00, 1.00, 1.00, 1.00, 0.00, 1.00, 0.00, 0.00, 0.00, 0.00, 0.00, 0.00
1639,  0,  27.300,  0.98,  1, 0.11, 0.00, 1.13, 0.01, 1.41, 1.68, 0.00, 1.38, 1.49, 1.48, 0.10, 1.38, 0.47, 0.00, 0.17, 0.16, 0.16, 0.00, 0.00, 1.00, 0.00, 1.00, 1.00, 0.00, 1.00, 1.00, 1.00, 0.00, 1.00, 0.00, 0.00, 0.00, 0.00, 0.00, 0.00
1640,  0,  27.317,  0.98,  1, 0.18, 0.00, 1.13, 0.01, 1.52, 1.66, 0.00, 1.45, 1.51, 1.38, 0.10, 1.27, 0.48, 0.00, 0.26, 0.09, 0.19, 0.00, 0.00, 1.00, 0.00, 1.00, 1.00, 0.00, 1.00, 1.00, 1.00, 0.00, 1.00, 0.00, 0.00, 0.00, 0.00, 0.00, 1.00
1641,  0,  27.333,  0.98,  1, 0.20, 0.00, 1.01, 0.00, 1.45, 1.65, 0.00, 1.49, 1.44, 1.37, 0.15, 1.26, 0.56, 0.00, 0.45, 0.00, 0.30, 0.00, 0.00, 1.00, 0.00, 1.00, 1.00, 0.00, 1.00, 1.00, 1.00, 0.00, 1.00, 0.00, 0.00, 0.00, 0.00, 0.00, 1.00
1642,  0,  27.350,  0.98,  1, 0.13, 0.00, 1.12, 0.02, 1.50, 1.89, 0.00, 1.49, 1.47, 1.45, 0.07, 1.29, 0.31, 0.00, 0.60, 0.06, 0.37, 0.00, 0.00, 1.00, 0.00, 1.00, 1.00, 0.00, 1.00, 1.00, 1.00, 0.00, 1.00, 0.00, 0.00, 0.00, 0.00, 0.00, 1.00
1643,  0,  27.367,  0.98,  1, 0.06, 0.00, 1.15, 0.02, 1.49, 1.87, 0.00, 1.36, 1.47, 1.52, 0.13, 1.42, 0.33, 0.00, 0.51, 0.13, 0.46, 0.00, 0.00, 1.00, 0.00, 1.00, 1.00, 0.00, 1.00, 1.00, 1.00, 0.00, 1.00, 0.00, 0.00, 0.00, 0.00, 0.00, 1.00
1644,  0,  27.383,  0.98,  1, 0.12, 0.00, 1.16, 0.02, 1.55, 1.75, 0.00, 1.21, 1.48, 1.65, 0.06, 1.30, 0.28, 0.00, 0.54, 0.25, 0.31, 0.00, 0.00, 1.00, 0.00, 1.00, 1.00, 0.00, 1.00, 1.00, 1.00, 0.00, 1.00, 0.00, 0.00, 0.00, 0.00, 0.00, 1.00
1645,  0,  27.400,  0.98,  1, 0.21, 0.00, 1.11, 0.03, 1.61, 1.57, 0.00, 1.11, 1.46, 1.64, 0.06, 1.28, 0.41, 0.00, 0.48, 0.19, 0.19, 0.00, 0.00, 1.00, 0.00, 1.00, 1.00, 0.00, 1.00, 1.00, 1.00, 0.00, 1.00, 0.00, 0.00, 0.00, 0.00, 0.00, 1.00
1646,  0,  27.417,  0.98,  1, 0.26, 0.00, 1.11, 0.14, 1.54, 1.39, 0.00, 1.29, 1.38, 1.51, 0.00, 1.21, 0.32, 0.00, 0.45, 0.14, 0.25, 0.00, 0.00, 1.00, 0.00, 1.00, 1.00, 0.00, 1.00, 1.00, 1.00, 0.00, 1.00, 0.00, 0.00, 0.00, 0.00, 0.00, 1.00
1647,  0,  27.433,  0.98,  1, 0.17, 0.00, 1.07, 0.14, 1.48, 1.45, 0.00, 1.40, 1.40, 1.36, 0.01, 1.25, 0.29, 0.00, 0.37, 0.05, 0.25, 0.00, 0.00, 1.00, 0.00, 1.00, 1.00, 0.00, 1.00, 1.00, 1.00, 0.00, 1.00, 0.00, 0.00, 0.00, 0.00, 0.00, 1.00
1648,  0,  27.450,  0.98,  1, 0.11, 0.00, 0.94, 0.11, 1.34, 1.45, 0.00, 1.54, 1.36, 1.28, 0.06, 1.25, 0.33, 0.00, 0.39, 0.05, 0.27, 0.00, 0.00, 1.00, 0.00, 1.00, 1.00, 0.00, 1.00, 1.00, 1.00, 0.00, 1.00, 0.00, 0.00, 0.00, 0.00, 0.00, 1.00
1649,  0,  27.467,  0.98,  1, 0.08, 0.00, 0.90, 0.00, 1.39, 1.52, 0.00, 1.45, 1.39, 1.40, 0.11, 1.20, 0.28, 0.00, 0.38, 0.09, 0.09, 0.00, 0.00, 1.00, 0.00, 1.00, 1.00, 0.00, 1.00, 1.00, 1.00, 0.00, 1.00, 0.00, 0.00, 0.00, 0.00, 0.00, 1.00
1650,  0,  27.483,  0.98,  1, 0.08, 0.00, 1.03, 0.00, 1.44, 1.55, 0.00, 1.40, 1.37, 1.43, 0.10, 1.23, 0.29, 0.00, 0.43, 0.13, 0.09, 0.00, 0.00, 1.00, 0.00, 1.00, 1.00, 0.00, 1.00, 1.00, 1.00, 0.00, 1.00, 0.00, 0.00, 0.00, 0.00, 0.00, 1.00
1651,  0,  27.500,  0.98,  1, 0.03, 0.00, 1.01, 0.00, 1.40, 1.75, 0.00, 1.27, 1.38, 1.41, 0.05, 1.06, 0.14, 0.00, 0.46, 0.13, 0.03, 0.00, 0.00, 1.00, 0.00, 1.00, 1.00, 0.00, 1.00, 1.00, 1.00, 0.00, 1.00, 0.00, 0.00, 0.00, 0.00, 0.00, 1.00
1652,  0,  27.517,  0.98,  1, 0.01, 0.00, 1.03, 0.00, 1.39, 1.90, 0.00, 1.22, 1.38, 1.39, 0.00, 1.02, 0.27, 0.00, 0.49, 0.14, 0.31, 0.00, 0.00, 1.00, 0.00, 1.00, 1.00, 0.00, 1.00, 1.00, 1.00, 0.00, 1.00, 0.00, 0.00, 0.00, 0.00, 0.00, 1.00
1653,  0,  27.533,  0.98,  1, 0.14, 0.00, 0.99, 0.00, 1.32, 1.98, 0.00, 1.12, 1.36, 1.51, 0.06, 0.97, 0.22, 0.00, 0.38, 0.10, 0.52, 0.00, 0.00, 1.00, 0.00, 1.00, 1.00, 0.00, 1.00, 1.00, 1.00, 0.00, 1.00, 0.00, 0.00, 0.00, 0.00, 0.00, 1.00
1654,  0,  27.550,  0.98,  1, 0.38, 0.05, 1.07, 0.00, 1.36, 1.66, 0.00, 1.22, 1.43, 1.64, 0.10, 0.99, 0.24, 0.00, 0.41, 0.14, 0.72, 0.00, 0.00, 1.00, 0.00, 1.00, 1.00, 0.00, 1.00, 1.00, 1.00, 0.00, 1.00, 0.00, 0.00, 0.00, 0.00, 0.00, 1.00
1655,  0,  27.567,  0.98,  1, 0.57, 0.05, 1.13, 0.00, 1.36, 1.52, 0.00, 1.30, 1.43, 1.70, 0.24, 1.13, 0.08, 0.00, 0.26, 0.07, 0.68, 1.00, 0.00, 1.00, 0.00, 1.00, 1.00, 0.00, 1.00, 1.00, 1.00, 0.00, 0.00, 0.00, 0.00, 0.00, 0.00, 0.00, 1.00
1656,  0,  27.583,  0.98,  1, 0.64, 0.23, 1.17, 0.00, 1.38, 1.39, 0.00, 1.40, 1.45, 1.76, 0.18, 1.11, 0.10, 0.00, 0.31, 0.03, 0.83, 1.00, 0.00, 1.00, 0.00, 1.00, 1.00, 0.00, 1.00, 1.00, 1.00, 0.00, 1.00, 0.00, 0.00, 0.00, 0.00, 0.00, 1.00
1657,  0,  27.600,  0.98,  1, 0.50, 0.18, 1.09, 0.00, 1.49, 1.51, 0.00, 1.39, 1.44, 1.67, 0.19, 1.16, 0.15, 0.00, 0.32, 0.02, 0.90, 1.00, 0.00, 1.00, 0.00, 1.00, 1.00, 0.00, 1.00, 1.00, 1.00, 0.00, 1.00, 0.00, 0.00, 0.00, 0.00, 0.00, 1.00
1658,  0,  27.617,  0.98,  1, 0.42, 0.27, 1.09, 0.00, 1.46, 1.65, 0.00, 1.34, 1.44, 1.59, 0.08, 1.14, 0.40, 0.00, 0.53, 0.13, 0.91, 1.00, 1.00, 1.00, 0.00, 1.00, 1.00, 0.00, 1.00, 1.00, 1.00, 0.00, 1.00, 0.00, 0.00, 0.00, 0.00, 0.00, 1.00
1659,  0,  27.633,  0.98,  1, 0.34, 0.10, 1.15, 0.00, 1.48, 1.73, 0.00, 1.41, 1.48, 1.54, 0.22, 1.20, 0.34, 0.00, 0.56, 0.13, 0.79, 1.00, 0.00, 1.00, 0.00, 1.00, 1.00, 0.00, 1.00, 1.00, 1.00, 0.00, 1.00, 0.00, 0.00, 0.00, 0.00, 0.00, 1.00
1660,  0,  27.650,  0.98,  1, 0.37, 0.10, 1.29, 0.00, 1.43, 1.86, 0.00, 1.46, 1.43, 1.47, 0.32, 1.42, 0.37, 0.00, 0.53, 0.11, 0.89, 1.00, 1.00, 1.00, 0.00, 1.00, 1.00, 0.00, 1.00, 1.00, 1.00, 0.00, 1.00, 0.00, 0.00, 0.00, 0.00, 0.00, 1.00
1661,  0,  27.667,  0.98,  1, 0.45, 0.00, 1.27, 0.00, 1.41, 1.61, 0.00, 1.57, 1.44, 1.42, 0.40, 1.33, 0.23, 0.00, 0.38, 0.12, 1.06, 1.00, 1.00, 1.00, 0.00, 1.00, 1.00, 0.00, 1.00, 1.00, 1.00, 0.00, 1.00, 0.00, 0.00, 0.00, 0.00, 0.00, 1.00
1662,  0,  27.683,  0.98,  1, 0.77, 0.11, 1.16, 0.00, 1.24, 1.36, 0.00, 1.60, 1.45, 1.33, 0.27, 1.15, 0.37, 0.00, 0.42, 0.15, 1.27, 1.00, 1.00, 1.00, 0.00, 1.00, 1.00, 0.00, 1.00, 1.00, 1.00, 0.00, 1.00, 0.00, 0.00, 0.00, 0.00, 0.00, 1.00
1663,  0,  27.700,  0.98,  1, 1.16, 0.22, 0.92, 0.00, 1.08, 0.76, 0.00, 1.52, 1.44, 1.46, 0.12, 1.03, 0.35, 0.00, 0.52, 0.24, 1.15, 1.00, 1.00, 1.00, 0.00, 0.00, 1.00, 0.00, 1.00, 1.00, 1.00, 0.00, 1.00, 0.00, 0.00, 0.00, 0.00, 0.00, 1.00
1664,  0,  27.717,  0.98,  1, 1.35, 0.41, 0.95, 0.00, 0.95, 0.34, 0.00, 1.38, 1.46, 1.56, 0.01, 0.96, 0.37, 0.00, 0.82, 0.20, 1.06, 1.00, 1.00, 1.00, 0.00, 0.00, 1.00, 0.00, 1.00, 1.00, 1.00, 0.00, 1.00, 0.00, 0.00, 0.00, 0.00, 0.00, 1.00
1665,  0,  27.733,  0.98,  1, 1.24, 0.36, 0.84, 0.00, 0.95, 0.15, 0.00, 1.20, 1.44, 1.65, 0.00, 1.13, 0.33, 0.00, 0.79, 0.26, 1.08, 1.00, 1.00, 1.00, 0.00, 0.00, 1.00, 0.00, 1.00, 1.00, 1.00, 0.00, 1.00, 0.00, 0.00, 0.00, 0.00, 0.00, 1.00
1666,  0,  27.750,  0.98,  1, 1.07, 0.27, 1.00, 0.00, 0.98, 0.50, 0.00, 1.22, 1.47, 1.53, 0.00, 1.15, 0.31, 0.00, 0.81, 0.22, 1.04, 1.00, 1.00, 1.00, 0.00, 0.00, 1.00, 0.00, 1.00, 1.00, 1.00, 0.00, 1.00, 0.00, 0.00, 0.00, 0.00, 0.00, 1.00
1667,  0,  27.767,  0.98,  1, 0.97, 0.08, 0.98, 0.00, 1.05, 0.88, 0.00, 1.23, 1.45, 1.50, 0.06, 1.21, 0.35, 0.00, 0.55, 0.15, 0.98, 1.00, 1.00, 1.00, 0.00, 0.00, 1.00, 0.00, 1.00, 0.00, 1.00, 0.00, 1.00, 0.00, 0.00, 0.00, 0.00, 0.00, 1.00
1668,  0,  27.783,  0.98,  1, 0.83, 0.13, 1.14, 0.00, 1.17, 1.24, 0.00, 1.25, 1.39, 1.44, 0.06, 0.98, 0.35, 0.00, 0.58, 0.05, 0.65, 1.00, 1.00, 1.00, 0.00, 0.00, 1.00, 0.00, 0.00, 0.00, 1.00, 0.00, 1.00, 0.00, 0.00, 0.00, 0.00, 0.00, 1.00
1669,  0,  27.800,  0.98,  1, 0.62, 0.11, 1.12, 0.00, 1.22, 1.42, 0.00, 1.25, 1.36, 1.62, 0.16, 0.98, 0.41, 0.00, 0.42, 0.00, 0.77, 1.00, 1.00, 1.00, 0.00, 0.00, 1.00, 0.00, 1.00, 0.00, 1.00, 0.00, 1.00, 0.00, 0.00, 0.00, 0.00, 0.00, 1.00
1670,  0,  27.817,  0.98,  1, 0.38, 0.11, 1.00, 0.00, 1.30, 1.57, 0.00, 1.27, 1.31, 1.62, 0.12, 0.92, 0.27, 0.00, 0.43, 0.00, 0.78, 1.00, 0.00, 1.00, 0.00, 0.00, 1.00, 0.00, 1.00, 0.00, 1.00, 0.00, 1.00, 0.00, 0.00, 0.00, 0.00, 0.00, 1.00
1671,  0,  27.833,  0.98,  1, 0.25, 0.00, 0.95, 0.00, 1.29, 1.68, 0.00, 1.39, 1.33, 1.67, 0.12, 1.28, 0.21, 0.00, 0.29, 0.09, 0.79, 1.00, 0.00, 1.00, 0.00, 1.00, 1.00, 0.00, 0.00, 0.00, 1.00, 0.00, 0.00, 0.00, 0.00, 0.00, 0.00, 0.00, 1.00
1672,  0,  27.850,  0.98,  1, 0.11, 0.00, 0.98, 0.00, 1.34, 1.83, 0.00, 1.36, 1.33, 1.50, 0.02, 1.23, 0.07, 0.00, 0.37, 0.21, 0.57, 0.00, 0.00, 1.00, 0.00, 1.00, 1.00, 0.00, 0.00, 0.00, 1.00, 0.00, 1.00, 0.00, 0.00, 0.00, 0.00, 0.00, 1.00
1673,  0,  27.867,  0.98,  1, 0.14, 0.00, 1.08, 0.00, 1.41, 1.99, 0.00, 1.30, 1.34, 1.52, 0.00, 1.26, 0.10, 0.00, 0.24, 0.22, 0.43, 0.00, 0.00, 1.00, 0.00, 1.00, 1.00, 0.00, 0.00, 0.00, 1.00, 0.00, 1.00, 0.00, 0.00, 0.00, 0.00, 0.00, 1.00
1674,  0,  27.883,  0.98,  1, 0.17, 0.00, 1.13, 0.00, 1.42, 1.89, 0.00, 1.20, 1.29, 1.35, 0.07, 1.13, 0.07, 0.00, 0.29, 0.23, 0.40, 0.00, 0.00, 1.00, 0.00, 1.00, 1.00, 0.00, 0.00, 0.00, 1.00, 0.00, 1.00, 0.00, 0.00, 0.00, 0.00, 0.00, 1.00
1675,  0,  27.900,  0.98,  1, 0.22, 0.00, 1.20, 0.00, 1.41, 1.80, 0.00, 1.25, 1.27, 1.35, 0.23, 1.35, 0.18, 0.00, 0.09, 0.25, 0.28, 0.00, 0.00, 1.00, 0.00, 1.00, 1.00, 0.00, 1.00, 0.00, 1.00, 0.00, 1.00, 0.00, 0.00, 0.00, 0.00, 0.00, 1.00
1676,  0,  27.917,  0.98,  1, 0.12, 0.00, 1.15, 0.00, 1.29, 1.67, 0.00, 1.31, 1.23, 1.26, 0.24, 1.42, 0.30, 0.00, 0.22, 0.37, 0.31, 0.00, 0.00, 1.00, 0.00, 1.00, 1.00, 0.00, 0.00, 0.00, 1.00, 0.00, 1.00, 0.00, 0.00, 0.00, 0.00, 0.00, 1.00
1677,  0,  27.933,  0.98,  1, 0.09, 0.01, 1.09, 0.00, 1.31, 1.66, 0.00, 1.32, 1.26, 1.31, 0.33, 1.30, 0.28, 0.00, 0.24, 0.27, 0.27, 0.00, 0.00, 1.00, 0.00, 1.00, 1.00, 0.00, 1.00, 0.00, 1.00, 0.00, 1.00, 0.00, 0.00, 0.00, 0.00, 0.00, 1.00
1678,  0,  27.950,  0.98,  1, 0.09, 0.15, 1.02, 0.00, 1.33, 1.67, 0.00, 1.16, 1.23, 1.35, 0.18, 1.14, 0.25, 0.00, 0.49, 0.27, 0.34, 0.00, 0.00, 1.00, 0.00, 1.00, 1.00, 0.00, 1.00, 0.00, 1.00, 0.00, 1.00, 0.00, 0.00, 0.00, 0.00, 0.00, 1.00
1679,  0,  27.967,  0.98,  1, 0.25, 0.15, 1.26, 0.00, 1.39, 1.90, 0.00, 1.18, 1.25, 1.53, 0.17, 1.13, 0.14, 0.01, 0.49, 0.36, 0.18, 0.00, 0.00, 1.00, 0.00, 1.00, 1.00, 0.00, 1.00, 1.00, 1.00, 0.00, 1.00, 0.00, 0.00, 0.00, 0.00, 0.00, 1.00
1680,  0,  27.983,  0.98,  1, 0.32, 0.14, 1.23, 0.00, 1.37, 1.95, 0.00, 1.14, 1.21, 1.67, 0.01, 1.29, 0.39, 0.01, 0.47, 0.51, 0.15, 0.00, 0.00, 1.00, 0.00, 1.00, 1.00, 0.00, 1.00, 1.00, 1.00, 0.00, 1.00, 0.00, 0.00, 0.00, 0.00, 0.00, 1.00
1681,  0,  28.000,  0.98,  1, 0.28, 0.00, 1.13, 0.00, 1.37, 1.92, 0.00, 1.18, 1.26, 1.65, 0.00, 1.13, 0.34, 0.01, 0.27, 0.46, 0.14, 0.00, 0.00, 1.00, 0.00, 1.00, 1.00, 0.00, 0.00, 1.00, 1.00, 0.00, 1.00, 0.00, 0.00, 0.00, 0.00, 0.00, 1.00
1682,  0,  28.017,  0.98,  1, 0.13, 0.00, 0.80, 0.00, 1.23, 1.53, 0.00, 1.14, 1.25, 1.46, 0.00, 1.16, 0.29, 0.00, 0.31, 0.28, 0.14, 0.00, 0.00, 1.00, 0.00, 1.00, 1.00, 0.00, 0.00, 1.00, 1.00, 0.00, 1.00, 0.00, 0.00, 0.00, 0.00, 0.00, 0.00
1683,  0,  28.033,  0.98,  1, 0.02, 0.00, 0.88, 0.00, 1.20, 1.60, 0.00, 1.11, 1.30, 1.39, 0.00, 1.13, 0.04, 0.00, 0.22, 0.20, 0.10, 0.00, 0.00, 1.00, 0.00, 1.00, 1.00, 0.00, 1.00, 1.00, 1.00, 0.00, 1.00, 0.00, 0.00, 0.00, 0.00, 0.00, 0.00
1684,  0,  28.050,  0.98,  1, 0.09, 0.02, 1.02, 0.00, 1.17, 1.70, 0.00, 1.20, 1.22, 1.42, 0.04, 1.23, 0.12, 0.00, 0.31, 0.16, 0.03, 0.00, 0.00, 1.00, 0.00, 1.00, 1.00, 0.00, 1.00, 1.00, 1.00, 0.00, 1.00, 0.00, 0.00, 0.00, 0.00, 0.00, 0.00
1685,  0,  28.067,  0.98,  1, 0.07, 0.02, 1.10, 0.00, 1.21, 1.62, 0.00, 1.24, 1.19, 1.32, 0.13, 1.23, 0.12, 0.00, 0.28, 0.15, 0.03, 0.00, 0.00, 1.00, 0.00, 1.00, 1.00, 0.00, 0.00, 0.00, 1.00, 0.00, 1.00, 0.00, 0.00, 0.00, 0.00, 0.00, 0.00
1686,  0,  28.083,  0.98,  1, 0.09, 0.02, 0.88, 0.00, 1.21, 1.42, 0.00, 1.20, 1.14, 1.37, 0.13, 1.17, 0.22, 0.00, 0.54, 0.12, 0.03, 0.00, 0.00, 1.00, 0.00, 0.00, 1.00, 0.00, 0.00, 0.00, 1.00, 0.00, 1.00, 0.00, 0.00, 0.00, 0.00, 0.00, 0.00
1687,  0,  28.100,  0.98,  1, 0.02, 0.00, 0.84, 0.00, 1.12, 1.24, 0.00, 1.18, 1.15, 1.34, 0.11, 1.24, 0.27, 0.00, 0.43, 0.21, 0.04, 0.00, 0.00, 1.00, 0.00, 0.00, 1.00, 0.00, 0.00, 0.00, 1.00, 0.00, 1.00, 0.00, 0.00, 0.00, 0.00, 0.00, 0.00
1688,  0,  28.117,  0.98,  1, 0.02, 0.02, 0.95, 0.00, 1.15, 1.37, 0.00, 1.15, 1.14, 1.55, 0.02, 1.23, 0.34, 0.00, 0.40, 0.31, 0.04, 0.00, 0.00, 1.00, 0.00, 0.00, 1.00, 0.00, 0.00, 0.00, 1.00, 0.00, 1.00, 0.00, 0.00, 0.00, 0.00, 0.00, 0.00
1689,  0,  28.133,  0.98,  1, 0.04, 0.02, 1.05, 0.00, 1.12, 1.47, 0.00, 1.14, 1.19, 1.48, 0.11, 1.29, 0.36, 0.00, 0.20, 0.34, 0.03, 0.00, 0.00, 1.00, 0.00, 0.00, 1.00, 0.00, 0.00, 0.00, 1.00, 0.00, 1.00, 0.00, 0.00, 0.00, 0.00, 0.00, 0.00
1690,  0,  28.150,  0.98,  1, 0.12, 0.02, 0.93, 0.00, 1.14, 1.35, 0.00, 1.04, 1.17, 1.44, 0.15, 1.37, 0.21, 0.00, 0.27, 0.33, 0.00, 0.00, 0.00, 1.00, 0.00, 0.00, 1.00, 0.00, 0.00, 0.00, 1.00, 0.00, 1.00, 0.00, 0.00, 0.00, 0.00, 0.00, 0.00
1691,  0,  28.167,  0.98,  1, 0.14, 0.00, 0.88, 0.00, 1.17, 1.35, 0.00, 1.16, 1.19, 1.26, 0.15, 1.42, 0.16, 0.00, 0.31, 0.31, 0.00, 0.00, 0.00, 1.00, 0.00, 0.00, 1.00, 0.00, 0.00, 0.00, 1.00, 0.00, 1.00, 0.00, 0.00, 0.00, 0.00, 0.00, 0.00
1692,  0,  28.183,  0.98,  1, 0.17, 0.17, 1.08, 0.00, 1.20, 1.40, 0.00, 1.25, 1.10, 1.13, 0.06, 1.28, 0.09, 0.00, 0.29, 0.22, 0.00, 0.00, 0.00, 1.00, 0.00, 0.00, 1.00, 0.00, 0.00, 0.00, 1.00, 0.00, 1.00, 0.00, 0.00, 0.00, 0.00, 0.00, 0.00
1693,  0,  28.200,  0.98,  1, 0.09, 0.17, 1.18, 0.00, 1.22, 1.56, 0.00, 1.31, 1.12, 1.20, 0.05, 1.16, 0.18, 0.00, 0.27, 0.23, 0.11, 0.00, 0.00, 1.00, 0.00, 0.00, 1.00, 0.00, 0.00, 0.00, 1.00, 0.00, 1.00, 0.00, 0.00, 0.00, 0.00, 0.00, 0.00
1694,  0,  28.217,  0.98,  1, 0.06, 0.19, 1.22, 0.00, 1.16, 1.42, 0.00, 1.09, 1.11, 1.34, 0.14, 1.09, 0.26, 0.00, 0.33, 0.17, 0.11, 0.00, 0.00, 1.00, 0.00, 0.00, 1.00, 0.00, 0.00, 0.00, 1.00, 0.00, 1.00, 0.00, 0.00, 0.00, 0.00, 0.00, 0.00
1695,  0,  28.233,  0.98,  1, 0.01, 0.04, 1.03, 0.01, 1.06, 1.21, 0.00, 0.95, 1.13, 1.36, 0.26, 1.25, 0.21, 0.02, 0.30, 0.30, 0.11, 0.00, 0.00, 1.00, 0.00, 0.00, 1.00, 0.00, 0.00, 0.00, 1.00, 0.00, 1.00, 0.00, 0.00, 0.00, 0.00, 0.00, 0.00
1696,  0,  28.250,  0.98,  1, 0.03, 0.04, 0.95, 0.01, 1.04, 1.15, 0.00, 0.97, 1.08, 1.20, 0.33, 1.33, 0.12, 0.02, 0.21, 0.18, 0.00, 0.00, 0.00, 1.00, 0.00, 0.00, 1.00, 0.00, 0.00, 0.00, 1.00, 0.00, 1.00, 0.00, 0.00, 0.00, 0.00, 0.00, 0.00
1697,  0,  28.267,  0.98,  1, 0.03, 0.03, 0.88, 0.01, 1.05, 1.14, 0.00, 1.05, 1.09, 1.29, 0.27, 1.46, 0.06, 0.02, 0.01, 0.22, 0.00, 0.00, 0.00, 1.00, 0.00, 0.00, 1.00, 0.00, 0.00, 0.00, 1.00, 0.00, 1.00, 0.00, 0.00, 0.00, 0.00, 0.00, 0.00
1698,  0,  28.283,  0.98,  1, 0.07, 0.01, 0.96, 0.05, 1.11, 1.31, 0.00, 1.11, 1.09, 1.41, 0.15, 1.40, 0.22, 0.00, 0.17, 0.20, 0.04, 0.00, 0.00, 1.00, 0.00, 0.00, 1.00, 0.00, 0.00, 0.00, 1.00, 0.00, 1.00, 0.00, 0.00, 0.00, 0.00, 0.00, 0.00
1699,  0,  28.300,  0.98,  1, 0.05, 0.01, 1.08, 0.05, 1.10, 1.28, 0.00, 1.04, 1.06, 1.57, 0.12, 1.33, 0.30, 0.02, 0.22, 0.22, 0.04, 0.00, 0.00, 1.00, 0.00, 0.00, 1.00, 0.00, 0.00, 0.00, 1.00, 0.00, 1.00, 0.00, 0.00, 0.00, 0.00, 0.00, 0.00
1700,  0,  28.317,  0.98,  1, 0.05, 0.00, 1.14, 0.14, 1.11, 1.45, 0.00, 1.05, 1.06, 1.52, 0.10, 1.28, 0.33, 0.02, 0.46, 0.19, 0.09, 0.00, 0.00, 1.00, 0.00, 0.00, 1.00, 0.00, 0.00, 0.00, 1.00, 0.00, 1.00, 0.00, 0.00, 0.00, 0.00, 0.00, 0.00
1701,  0,  28.333,  0.98,  1, 0.12, 0.00, 1.20, 0.09, 1.13, 1.50, 0.00, 1.09, 1.01, 1.37, 0.18, 1.27, 0.18, 0.02, 0.38, 0.09, 0.04, 0.00, 0.00, 1.00, 0.00, 0.00, 1.00, 0.00, 0.00, 0.00, 1.00, 0.00, 1.00, 0.00, 0.00, 0.00, 0.00, 0.00, 0.00
1702,  0,  28.350,  0.98,  1, 0.16, 0.00, 1.13, 0.09, 1.15, 1.62, 0.00, 1.13, 1.07, 1.44, 0.09, 1.17, 0.09, 0.00, 0.35, 0.05, 0.07, 0.00, 0.00, 1.00, 0.00, 0.00, 1.00, 0.00, 0.00, 0.00, 1.00, 0.00, 1.00, 0.00, 0.00, 0.00, 0.00, 0.00, 0.00
1703,  0,  28.367,  0.98,  1, 0.16, 0.00, 1.04, 0.00, 1.08, 1.73, 0.00, 1.08, 1.00, 1.23, 0.10, 1.07, 0.15, 0.00, 0.11, 0.13, 0.03, 0.00, 0.00, 1.00, 0.00, 0.00, 1.00, 0.00, 0.00, 0.00, 1.00, 0.00, 1.00, 0.00, 0.00, 0.00, 0.00, 0.00, 0.00
1704,  0,  28.383,  0.98,  1, 0.05, 0.00, 1.06, 0.00, 1.04, 1.69, 0.00, 1.16, 1.03, 1.39, 0.08, 0.93, 0.23, 0.00, 0.16, 0.22, 0.03, 0.00, 0.00, 1.00, 0.00, 0.00, 1.00, 0.00, 0.00, 0.00, 1.00, 0.00, 1.00, 0.00, 0.00, 0.00, 0.00, 0.00, 0.00
1705,  0,  28.400,  0.98,  1, 0.10, 0.00, 0.99, 0.00, 0.99, 1.60, 0.00, 1.06, 0.91, 1.25, 0.06, 1.09, 0.46, 0.00, 0.27, 0.24, 0.19, 0.00, 0.00, 1.00, 0.00, 0.00, 1.00, 0.00, 0.00, 0.00, 1.00, 0.00, 1.00, 0.00, 0.00, 0.00, 0.00, 0.00, 0.00
1706,  0,  28.417,  0.98,  1, 0.10, 0.05, 0.97, 0.00, 1.02, 1.52, 0.00, 1.07, 0.93, 1.51, 0.06, 1.20, 0.40, 0.00, 0.29, 0.18, 0.19, 0.00, 0.00, 1.00, 0.00, 0.00, 1.00, 0.00, 0.00, 0.00, 1.00, 0.00, 0.00, 0.00, 0.00, 0.00, 0.00, 0.00, 0.00
1707,  0,  28.433,  0.98,  1, 0.17, 0.05, 0.82, 0.11, 1.00, 1.30, 0.00, 0.93, 0.98, 1.39, 0.01, 1.29, 0.40, 0.00, 0.20, 0.15, 0.22, 0.00, 0.00, 1.00, 0.00, 0.00, 1.00, 0.00, 0.00, 0.00, 1.00, 0.00, 1.00, 0.00, 0.00, 0.00, 0.00, 0.00, 0.00
1708,  0,  28.450,  0.98,  1, 0.07, 0.05, 0.80, 0.11, 1.08, 0.99, 0.00, 1.05, 1.02, 1.39, 0.15, 1.20, 0.14, 0.00, 0.17, 0.14, 0.03, 0.00, 0.00, 1.00, 0.00, 0.00, 1.00, 0.00, 0.00, 0.00, 1.00, 0.00, 1.00, 0.00, 0.00, 0.00, 0.00, 0.00, 0.00
1709,  0,  28.467,  0.98,  1, 0.17, 0.01, 0.94, 0.11, 1.05, 1.01, 0.00, 0.98, 1.03, 1.32, 0.18, 1.18, 0.08, 0.00, 0.24, 0.11, 0.03, 0.00, 0.00, 1.00, 0.00, 0.00, 1.00, 0.00, 0.00, 0.00, 1.00, 0.00, 1.00, 0.00, 0.00, 0.00, 0.00, 0.00, 0.00
1710,  0,  28.483,  0.98,  1, 0.11, 0.00, 1.02, 0.00, 1.03, 1.04, 0.00, 1.04, 1.00, 1.40, 0.25, 1.21, 0.00, 0.00, 0.23, 0.20, 0.00, 0.00, 0.00, 1.00, 0.00, 0.00, 1.00, 0.00, 0.00, 0.00, 1.00, 0.00, 1.00, 0.00, 0.00, 0.00, 0.00, 0.00, 0.00
1711,  0,  28.500,  0.98,  1, 0.11, 0.00, 1.17, 0.00, 0.99, 1.43, 0.00, 0.98, 0.94, 1.35, 0.17, 1.24, 0.03, 0.00, 0.20, 0.24, 0.00, 0.00, 0.00, 1.00, 0.00, 0.00, 1.00, 0.00, 0.00, 0.00, 1.00, 0.00, 1.00, 0.00, 0.00, 0.00, 0.00, 0.00, 0.00
1712,  0,  28.517,  0.98,  1, 0.05, 0.00, 1.18, 0.03, 1.08, 1.45, 0.00, 1.07, 0.92, 1.30, 0.18, 1.21, 0.03, 0.00, 0.20, 0.19, 0.00, 0.00, 0.00, 1.00, 0.00, 0.00, 1.00, 0.00, 0.00, 0.00, 1.00, 0.00, 1.00, 0.00, 0.00, 0.00, 0.00, 0.00, 0.00
1713,  0,  28.533,  0.98,  1, 0.03, 0.00, 1.10, 0.03, 1.09, 1.43, 0.00, 1.00, 0.86, 1.34, 0.16, 1.27, 0.11, 0.00, 0.22, 0.15, 0.00, 0.00, 0.00, 1.00, 0.00, 0.00, 1.00, 0.00, 0.00, 0.00, 1.00, 0.00, 1.00, 0.00, 0.00, 0.00, 0.00, 0.00, 0.00
1714,  0,  28.550,  0.98,  1, 0.05, 0.00, 0.99, 0.03, 1.07, 1.06, 0.00, 0.96, 0.89, 1.42, 0.10, 1.22, 0.08, 0.00, 0.28, 0.09, 0.06, 0.00, 0.00, 1.00, 0.00, 0.00, 1.00, 0.00, 0.00, 0.00, 1.00, 0.00, 1.00, 0.00, 0.00, 0.00, 0.00, 0.00, 0.00
1715,  0,  28.567,  0.98,  1, 0.03, 0.00, 0.83, 0.00, 1.02, 1.09, 0.00, 0.89, 0.92, 1.49, 0.07, 1.26, 0.11, 0.00, 0.19, 0.13, 0.14, 0.00, 0.00, 0.00, 0.00, 0.00, 1.00, 0.00, 0.00, 0.00, 1.00, 0.00, 1.00, 0.00, 0.00, 0.00, 0.00, 0.00, 0.00
1716,  0,  28.583,  0.98,  1, 0.22, 0.00, 0.86, 0.00, 1.04, 1.16, 0.00, 0.92, 0.99, 1.43, 0.06, 1.07, 0.20, 0.00, 0.21, 0.05, 0.33, 0.00, 0.00, 0.00, 0.00, 0.00, 1.00, 0.00, 0.00, 0.00, 1.00, 0.00, 1.00, 0.00, 0.00, 0.00, 0.00, 0.00, 1.00
1717,  0,  28.600,  0.98,  1, 0.49, 0.00, 0.85, 0.00, 1.07, 1.26, 0.00, 0.99, 1.05, 1.37, 0.08, 1.04, 0.29, 0.00, 0.19, 0.07, 0.48, 0.00, 0.00, 0.00, 0.00, 0.00, 1.00, 0.00, 0.00, 0.00, 1.00, 0.00, 0.00, 0.00, 0.00, 0.00, 0.00, 0.00, 1.00
1718,  0,  28.617,  0.98,  1, 0.82, 0.19, 0.84, 0.00, 1.05, 1.09, 0.00, 1.06, 1.17, 1.23, 0.07, 0.83, 0.25, 0.00, 0.31, 0.02, 0.72, 1.00, 1.00, 0.00, 0.00, 0.00, 1.00, 0.00, 0.00, 0.00, 1.00, 0.00, 0.00, 0.00, 0.00, 0.00, 0.00, 0.00, 1.00
1719,  0,  28.633,  0.98,  1, 0.97, 0.23, 0.85, 0.00, 0.97, 0.83, 0.00, 1.04, 1.19, 1.26, 0.02, 0.81, 0.29, 0.00, 0.44, 0.02, 0.91, 1.00, 1.00, 1.00, 0.00, 0.00, 1.00, 0.00, 0.00, 0.00, 1.00, 0.00, 0.00, 0.00, 0.00, 0.00, 0.00, 0.00, 1.00
1720,  0,  28.650,  0.98,  1, 0.91, 0.23, 0.81, 0.00, 0.97, 0.76, 0.00, 1.01, 1.22, 1.25, 0.00, 0.83, 0.31, 0.00, 0.43, 0.01, 1.02, 1.00, 1.00, 1.00, 0.00, 0.00, 1.00, 0.00, 0.00, 0.00, 1.00, 0.00, 0.00, 0.00, 0.00, 0.00, 0.00, 0.00, 1.00
1721,  0,  28.667,  0.98,  1, 0.83, 0.12, 0.81, 0.00, 1.00, 0.57, 0.00, 1.07, 1.15, 1.27, 0.01, 0.94, 0.46, 0.00, 0.31, 0.00, 0.93, 1.00, 1.00, 1.00, 0.00, 0.00, 1.00, 0.00, 0.00, 0.00, 1.00, 0.00, 0.00, 0.00, 0.00, 0.00, 0.00, 0.00, 1.00
1722,  0,  28.683,  0.98,  1, 0.65, 0.09, 0.82, 0.00, 1.12, 1.09, 0.00, 1.08, 1.13, 1.26, 0.04, 1.04, 0.26, 0.00, 0.09, 0.00, 0.86, 1.00, 1.00, 1.00, 0.00, 0.00, 1.00, 0.00, 0.00, 0.00, 1.00, 0.00, 0.00, 0.00, 0.00, 0.00, 0.00, 0.00, 1.00
1723,  0,  28.700,  0.98,  1, 0.56, 0.09, 0.92, 0.00, 1.23, 1.27, 0.00, 1.07, 1.08, 1.27, 0.12, 1.08, 0.16, 0.00, 0.13, 0.14, 0.66, 1.00, 1.00, 1.00, 0.00, 0.00, 1.00, 0.00, 0.00, 0.00, 1.00, 0.00, 0.00, 0.00, 0.00, 0.00, 0.00, 0.00, 1.00
1724,  0,  28.717,  0.98,  1, 0.41, 0.06, 1.08, 0.00, 1.30, 1.51, 0.00, 0.94, 1.05, 1.46, 0.21, 1.18, 0.10, 0.00, 0.32, 0.22, 0.72, 0.00, 0.00, 1.00, 0.00, 1.00, 1.00, 0.00, 0.00, 0.00, 1.00, 0.00, 0.00, 0.00, 0.00, 0.00, 0.00, 0.00, 1.00
1725,  0,  28.733,  0.98,  1, 0.24, 0.06, 1.12, 0.00, 1.32, 1.33, 0.00, 0.95, 1.09, 1.37, 0.32, 1.24, 0.19, 0.00, 0.33, 0.22, 0.67, 0.00, 0.00, 1.00, 0.00, 1.00, 1.00, 0.00, 0.00, 0.00, 1.00, 0.00, 0.00, 0.00, 0.00, 0.00, 0.00, 0.00, 1.00
1726,  0,  28.750,  0.98,  1, 0.18, 0.06, 1.19, 0.00, 1.30, 1.62, 0.00, 0.94, 1.04, 1.32, 0.27, 1.33, 0.18, 0.00, 0.20, 0.08, 0.61, 0.00, 0.00, 1.00, 0.00, 1.00, 1.00, 0.00, 0.00, 0.00, 1.00, 0.00, 0.00, 0.00, 0.00, 0.00, 0.00, 0.00, 1.00
1727,  0,  28.767,  0.98,  1, 0.09, 0.00, 1.12, 0.00, 1.26, 1.71, 0.00, 0.99, 1.03, 1.14, 0.17, 1.19, 0.18, 0.00, 0.07, 0.09, 0.49, 0.00, 0.00, 1.00, 0.00, 1.00, 1.00, 0.00, 0.00, 0.00, 1.00, 0.00, 1.00, 0.00, 0.00, 0.00, 0.00, 0.00, 1.00
1728,  0,  28.783,  0.98,  1, 0.23, 0.00, 1.22, 0.00, 1.25, 1.95, 0.00, 1.01, 0.95, 1.34, 0.11, 1.17, 0.14, 0.00, 0.06, 0.13, 0.29, 0.00, 0.00, 1.00, 0.00, 1.00, 1.00, 0.00, 0.00, 0.00, 1.00, 0.00, 1.00, 0.00, 0.00, 0.00, 0.00, 0.00, 1.00
1729,  0,  28.800,  0.98,  1, 0.20, 0.00, 1.11, 0.00, 1.15, 1.70, 0.00, 1.14, 0.98, 1.47, 0.15, 1.14, 0.27, 0.00, 0.16, 0.16, 0.35, 0.00, 0.00, 1.00, 0.00, 0.00, 1.00, 0.00, 0.00, 0.00, 1.00, 0.00, 1.00, 0.00, 0.00, 0.00, 0.00, 0.00, 1.00
1730,  0,  28.817,  0.98,  1, 0.19, 0.00, 1.08, 0.00, 1.11, 1.49, 0.00, 1.03, 0.99, 1.50, 0.22, 1.15, 0.28, 0.00, 0.27, 0.15, 0.30, 0.00, 0.00, 1.00, 0.00, 0.00, 1.00, 0.00, 0.00, 0.00, 1.00, 0.00, 1.00, 0.00, 0.00, 0.00, 0.00, 0.00, 1.00
1731,  0,  28.833,  0.98,  1, 0.04, 0.00, 1.05, 0.00, 1.03, 1.27, 0.00, 0.94, 1.00, 1.45, 0.21, 1.09, 0.24, 0.00, 0.37, 0.10, 0.29, 0.00, 0.00, 1.00, 0.00, 0.00, 1.00, 0.00, 0.00, 0.00, 1.00, 0.00, 1.00, 0.00, 0.00, 0.00, 0.00, 0.00, 1.00
1732,  0,  28.850,  0.98,  1, 0.00, 0.00, 1.04, 0.11, 1.08, 1.29, 0.00, 0.82, 0.99, 1.40, 0.16, 1.00, 0.15, 0.00, 0.34, 0.22, 0.36, 0.00, 0.00, 1.00, 0.00, 0.00, 1.00, 0.00, 0.00, 0.00, 1.00, 0.00, 1.00, 0.00, 0.00, 0.00, 0.00, 0.00, 1.00
1733,  0,  28.867,  0.98,  1, 0.11, 0.10, 1.10, 0.11, 1.05, 1.49, 0.00, 0.92, 1.02, 1.39, 0.20, 1.05, 0.13, 0.00, 0.20, 0.21, 0.25, 0.00, 0.00, 1.00, 0.00, 0.00, 1.00, 0.00, 0.00, 0.00, 1.00, 0.00, 0.00, 0.00, 0.00, 0.00, 0.00, 0.00, 0.00
1734,  0,  28.883,  0.98,  1, 0.21, 0.10, 1.06, 0.11, 1.13, 1.44, 0.00, 0.96, 1.00, 1.39, 0.20, 1.05, 0.18, 0.00, 0.12, 0.22, 0.20, 0.00, 0.00, 1.00, 0.00, 0.00, 1.00, 0.00, 0.00, 0.00, 1.00, 0.00, 0.00, 0.00, 0.00, 0.00, 0.00, 0.00, 0.00
1735,  0,  28.900,  0.98,  1, 0.21, 0.10, 1.05, 0.09, 1.08, 1.38, 0.00, 1.01, 1.06, 1.37, 0.30, 1.07, 0.14, 0.00, 0.18, 0.19, 0.01, 0.00, 0.00, 1.00, 0.00, 0.00, 1.00, 0.00, 0.00, 0.00, 1.00, 0.00, 0.00, 0.00, 0.00, 0.00, 0.00, 0.00, 0.00
1736,  0,  28.917,  0.98,  1, 0.15, 0.01, 1.02, 0.16, 1.06, 1.19, 0.00, 0.95, 0.99, 1.36, 0.19, 0.98, 0.17, 0.00, 0.16, 0.19, 0.08, 0.00, 0.00, 1.00, 0.00, 0.00, 1.00, 0.00, 0.00, 0.00, 1.00, 0.00, 0.00, 0.00, 0.00, 0.00, 0.00, 0.00, 0.00
1737,  0,  28.933,  0.98,  1, 0.05, 0.08, 1.02, 0.16, 1.06, 1.05, 0.00, 0.96, 0.98, 1.30, 0.12, 0.99, 0.11, 0.00, 0.32, 0.34, 0.07, 0.00, 0.00, 1.00, 0.00, 0.00, 1.00, 0.00, 0.00, 0.00, 1.00, 0.00, 0.00, 0.00, 0.00, 0.00, 0.00, 0.00, 0.00
1738,  0,  28.950,  0.98,  1, 0.07, 0.08, 1.13, 0.06, 1.07, 1.11, 0.00, 0.91, 0.89, 1.35, 0.00, 1.03, 0.21, 0.00, 0.24, 0.33, 0.07, 0.00, 0.00, 1.00, 0.00, 0.00, 1.00, 0.00, 0.00, 0.00, 1.00, 0.00, 1.00, 0.00, 0.00, 0.00, 0.00, 0.00, 0.00
1739,  0,  28.967,  0.98,  1, 0.02, 0.07, 1.04, 0.01, 1.13, 1.31, 0.00, 0.92, 0.90, 1.26, 0.09, 1.14, 0.32, 0.00, 0.25, 0.26, 0.00, 0.00, 0.00, 1.00, 0.00, 0.00, 1.00, 0.00, 0.00, 0.00, 1.00, 0.00, 1.00, 0.00, 0.00, 0.00, 0.00, 0.00, 0.00
1740,  0,  28.983,  0.98,  1, 0.05, 0.01, 1.17, 0.07, 1.08, 1.56, 0.00, 0.85, 0.87, 1.12, 0.13, 1.28, 0.32, 0.00, 0.09, 0.13, 0.00, 0.00, 0.00, 1.00, 0.00, 0.00, 1.00, 0.00, 0.00, 0.00, 1.00, 0.00, 1.00, 0.00, 0.00, 0.00, 0.00, 0.00, 0.00
1741,  0,  29.000,  0.98,  1, 0.06, 0.01, 1.18, 0.07, 1.10, 1.61, 0.00, 0.76, 0.85, 1.08, 0.13, 1.13, 0.25, 0.00, 0.14, 0.14, 0.00, 0.00, 0.00, 1.00, 0.00, 0.00, 1.00, 0.00, 0.00, 0.00, 1.00, 0.00, 1.00, 0.00, 0.00, 0.00, 0.00, 0.00, 0.00
1742,  0,  29.017,  0.98,  1, 0.11, 0.01, 1.28, 0.08, 1.07, 1.52, 0.00, 0.74, 0.84, 1.15, 0.04, 1.23, 0.23, 0.00, 0.20, 0.30, 0.00, 0.00, 0.00, 1.00, 0.00, 0.00, 1.00, 0.00, 0.00, 0.00, 1.00, 0.00, 1.00, 0.00, 0.00, 0.00, 0.00, 0.00, 0.00
1743,  0,  29.033,  0.98,  1, 0.07, 0.00, 1.04, 0.01, 1.02, 1.45, 0.00, 0.77, 0.90, 1.31, 0.00, 1.35, 0.39, 0.00, 0.18, 0.46, 0.00, 0.00, 0.00, 1.00, 0.00, 0.00, 1.00, 0.00, 0.00, 0.00, 1.00, 0.00, 1.00, 0.00, 0.00, 0.00, 0.00, 0.00, 0.00
1744,  0,  29.050,  0.98,  1, 0.10, 0.00, 0.88, 0.01, 1.01, 1.46, 0.00, 0.82, 0.95, 1.25, 0.00, 1.39, 0.37, 0.00, 0.22, 0.34, 0.00, 0.00, 0.00, 1.00, 0.00, 0.00, 1.00, 0.00, 0.00, 0.00, 1.00, 0.00, 1.00, 0.00, 0.00, 0.00, 0.00, 0.00, 0.00
1745,  0,  29.067,  0.98,  1, 0.14, 0.00, 0.78, 0.00, 1.05, 1.37, 0.00, 0.73, 0.95, 1.22, 0.00, 1.37, 0.17, 0.06, 0.32, 0.23, 0.00, 0.00, 0.00, 1.00, 0.00, 0.00, 1.00, 0.00, 0.00, 0.00, 1.00, 0.00, 0.00, 0.00, 0.00, 0.00, 0.00, 0.00, 0.00
1746,  0,  29.083,  0.98,  1, 0.16, 0.00, 0.91, 0.00, 1.10, 1.40, 0.00, 0.78, 0.94, 1.22, 0.02, 1.05, 0.01, 0.06, 0.40, 0.11, 0.00, 0.00, 0.00, 1.00, 0.00, 0.00, 1.00, 0.00, 0.00, 0.00, 1.00, 0.00, 0.00, 0.00, 0.00, 0.00, 0.00, 0.00, 0.00
1747,  0,  29.100,  0.98,  1, 0.16, 0.09, 1.07, 0.00, 1.10, 1.55, 0.00, 0.85, 0.96, 1.30, 0.02, 1.04, 0.00, 0.06, 0.30, 0.11, 0.00, 0.00, 0.00, 1.00, 0.00, 0.00, 1.00, 0.00, 0.00, 0.00, 1.00, 0.00, 0.00, 0.00, 0.00, 0.00, 0.00, 0.00, 0.00
1748,  0,  29.117,  0.98,  1, 0.07, 0.09, 1.01, 0.00, 1.03, 1.50, 0.00, 0.93, 0.95, 1.36, 0.06, 0.97, 0.14, 0.00, 0.13, 0.18, 0.00, 0.00, 0.00, 1.00, 0.00, 0.00, 1.00, 0.00, 0.00, 0.00, 1.00, 0.00, 0.00, 0.00, 0.00, 0.00, 0.00, 0.00, 0.00
1749,  0,  29.133,  0.98,  1, 0.11, 0.09, 0.89, 0.00, 1.03, 1.80, 0.00, 0.85, 0.94, 1.37, 0.11, 1.14, 0.14, 0.00, 0.05, 0.17, 0.00, 0.00, 0.00, 1.00, 0.00, 0.00, 1.00, 0.00, 0.00, 0.00, 1.00, 0.00, 0.00, 0.00, 0.00, 0.00, 0.00, 0.00, 0.00
1750,  0,  29.150,  0.98,  1, 0.08, 0.00, 0.75, 0.07, 1.00, 1.52, 0.00, 0.86, 0.95, 1.35, 0.12, 1.20, 0.15, 0.00, 0.18, 0.17, 0.00, 0.00, 0.00, 1.00, 0.00, 0.00, 1.00, 0.00, 0.00, 0.00, 1.00, 0.00, 0.00, 0.00, 0.00, 0.00, 0.00, 0.00, 0.00
1751,  0,  29.167,  0.98,  1, 0.10, 0.00, 0.95, 0.08, 0.99, 1.69, 0.00, 0.86, 0.97, 1.35, 0.10, 1.06, 0.05, 0.00, 0.21, 0.05, 0.00, 0.00, 0.00, 1.00, 0.00, 0.00, 1.00, 0.00, 0.00, 0.00, 1.00, 0.00, 0.00, 0.00, 0.00, 0.00, 0.00, 0.00, 0.00
1752,  0,  29.183,  0.98,  1, 0.04, 0.00, 1.01, 0.08, 0.97, 1.40, 0.00, 1.02, 0.96, 1.32, 0.02, 1.03, 0.05, 0.00, 0.31, 0.04, 0.00, 0.00, 0.00, 1.00, 0.00, 0.00, 1.00, 0.00, 0.00, 0.00, 1.00, 0.00, 1.00, 0.00, 0.00, 0.00, 0.00, 0.00, 0.00
1753,  0,  29.200,  0.98,  1, 0.06, 0.05, 0.99, 0.01, 0.96, 1.50, 0.00, 1.01, 0.94, 1.34, 0.12, 1.00, 0.03, 0.00, 0.18, 0.07, 0.00, 0.00, 0.00, 1.00, 0.00, 0.00, 1.00, 0.00, 0.00, 0.00, 1.00, 0.00, 1.00, 0.00, 0.00, 0.00, 0.00, 0.00, 0.00
1754,  0,  29.217,  0.98,  1, 0.05, 0.05, 1.01, 0.00, 0.98, 1.65, 0.00, 1.07, 0.90, 1.37, 0.11, 1.15, 0.00, 0.04, 0.25, 0.14, 0.00, 0.00, 0.00, 1.00, 0.00, 0.00, 1.00, 0.00, 0.00, 0.00, 1.00, 0.00, 1.00, 0.00, 0.00, 0.00, 0.00, 0.00, 0.00
1755,  0,  29.233,  0.98,  1, 0.05, 0.05, 1.18, 0.00, 0.94, 1.45, 0.00, 0.95, 0.92, 1.28, 0.19, 1.22, 0.09, 0.03, 0.25, 0.11, 0.00, 0.00, 0.00, 1.00, 0.00, 0.00, 1.00, 0.00, 0.00, 0.00, 1.00, 0.00, 1.00, 0.00, 0.00, 0.00, 0.00, 0.00, 0.00
1756,  0,  29.250,  0.98,  1, 0.01, 0.00, 1.28, 0.06, 0.91, 1.44, 0.00, 1.05, 0.95, 1.24, 0.12, 1.27, 0.09, 0.04, 0.35, 0.16, 0.00, 0.00, 0.00, 1.00, 0.00, 0.00, 1.00, 0.00, 0.00, 0.00, 1.00, 0.00, 1.00, 0.00, 0.00, 0.00, 0.00, 0.00, 0.00
1757,  0,  29.267,  0.98,  1, 0.11, 0.00, 1.23, 0.06, 0.90, 1.22, 0.00, 0.97, 0.94, 1.20, 0.15, 1.28, 0.18, 0.00, 0.33, 0.11, 0.05, 0.00, 0.00, 1.00, 0.00, 0.00, 1.00, 0.00, 0.00, 0.00, 1.00, 0.00, 1.00, 0.00, 0.00, 0.00, 0.00, 0.00, 0.00
1758,  0,  29.283,  0.98,  1, 0.16, 0.03, 1.20, 0.06, 0.99, 1.47, 0.00, 0.93, 0.94, 1.25, 0.07, 1.13, 0.11, 0.00, 0.40, 0.17, 0.15, 0.00, 0.00, 1.00, 0.00, 0.00, 1.00, 0.00, 0.00, 0.00, 1.00, 0.00, 1.00, 0.00, 0.00, 0.00, 0.00, 0.00, 0.00
1759,  0,  29.300,  0.98,  1, 0.29, 0.08, 1.21, 0.00, 1.13, 1.48, 0.00, 0.80, 0.98, 1.35, 0.14, 1.21, 0.18, 0.00, 0.30, 0.12, 0.31, 0.00, 1.00, 1.00, 0.00, 0.00, 1.00, 0.00, 0.00, 0.00, 1.00, 0.00, 1.00, 0.00, 0.00, 0.00, 0.00, 0.00, 0.00
1760,  0,  29.317,  0.98,  1, 0.48, 0.07, 1.20, 0.00, 1.18, 1.42, 0.00, 0.99, 1.12, 1.28, 0.20, 1.09, 0.11, 0.00, 0.32, 0.11, 0.51, 0.00, 1.00, 1.00, 0.00, 0.00, 1.00, 0.00, 0.00, 0.00, 1.00, 0.00, 1.00, 0.00, 0.00, 0.00, 0.00, 0.00, 1.00
1761,  0,  29.333,  0.98,  1, 0.98, 0.26, 1.08, 0.00, 1.08, 0.81, 0.00, 1.15, 1.25, 1.26, 0.20, 1.09, 0.09, 0.00, 0.32, 0.13, 0.64, 1.00, 1.00, 1.00, 0.00, 0.00, 1.00, 0.00, 0.00, 0.00, 1.00, 0.00, 0.00, 0.00, 0.00, 0.00, 0.00, 0.00, 1.00
1762,  0,  29.350,  0.98,  1, 1.42, 0.26, 1.11, 0.00, 0.94, 0.39, 0.00, 1.11, 1.27, 1.33, 0.10, 0.98, 0.17, 0.00, 0.55, 0.10, 0.71, 1.00, 1.00, 1.00, 0.00, 0.00, 1.00, 0.00, 0.00, 0.00, 1.00, 0.00, 0.00, 0.00, 0.00, 0.00, 0.00, 0.00, 1.00
1763,  0,  29.367,  0.98,  1, 1.57, 0.43, 1.04, 0.00, 0.81, 0.15, 0.00, 0.98, 1.26, 1.36, 0.01, 0.99, 0.22, 0.00, 0.50, 0.10, 0.67, 1.00, 1.00, 1.00, 0.00, 0.00, 1.00, 0.00, 0.00, 0.00, 1.00, 0.00, 1.00, 0.00, 0.00, 0.00, 0.00, 0.00, 1.00
1764,  0,  29.383,  0.98,  1, 1.46, 0.40, 1.12, 0.00, 0.81, 0.36, 0.00, 1.00, 1.22, 1.48, 0.03, 1.07, 0.33, 0.00, 0.52, 0.06, 0.63, 1.00, 1.00, 1.00, 0.00, 0.00, 1.00, 0.00, 0.00, 0.00, 1.00, 0.00, 0.00, 0.00, 0.00, 0.00, 0.00, 0.00, 1.00
1765,  0,  29.400,  0.98,  1, 1.13, 0.34, 1.12, 0.00, 0.91, 0.80, 0.00, 1.13, 1.30, 1.35, 0.03, 1.04, 0.24, 0.00, 0.27, 0.13, 0.75, 1.00, 1.00, 1.00, 0.00, 0.00, 1.00, 0.00, 0.00, 0.00, 1.00, 0.00, 1.00, 0.00, 0.00, 0.00, 0.00, 0.00, 1.00
1766,  0,  29.417,  0.98,  1, 0.85, 0.30, 1.21, 0.00, 1.08, 0.99, 0.00, 1.14, 1.34, 1.35, 0.06, 1.06, 0.16, 0.00, 0.35, 0.13, 0.97, 1.00, 0.00, 1.00, 0.00, 0.00, 1.00, 0.00, 0.00, 0.00, 1.00, 0.00, 1.00, 0.00, 0.00, 0.00, 0.00, 0.00, 1.00
1767,  0,  29.433,  0.98,  1, 0.42, 0.13, 1.02, 0.00, 1.21, 1.12, 0.00, 1.12, 1.35, 1.34, 0.06, 1.11, 0.21, 0.00, 0.27, 0.10, 1.22, 1.00, 0.00, 1.00, 0.00, 0.00, 1.00, 0.00, 0.00, 0.00, 1.00, 0.00, 1.00, 0.00, 0.00, 0.00, 0.00, 0.00, 1.00
1768,  0,  29.450,  0.98,  1, 0.28, 0.13, 1.02, 0.00, 1.32, 1.22, 0.00, 1.14, 1.27, 1.50, 0.08, 1.14, 0.15, 0.00, 0.40, 0.08, 1.12, 0.00, 0.00, 1.00, 0.00, 0.00, 1.00, 0.00, 0.00, 0.00, 1.00, 0.00, 1.00, 0.00, 0.00, 0.00, 0.00, 0.00, 1.00
1769,  0,  29.467,  0.98,  1, 0.18, 0.00, 1.00, 0.00, 1.38, 1.47, 0.00, 1.27, 1.21, 1.69, 0.12, 1.18, 0.33, 0.00, 0.28, 0.08, 0.91, 0.00, 0.00, 1.00, 0.00, 1.00, 1.00, 0.00, 1.00, 0.00, 1.00, 0.00, 1.00, 0.00, 0.00, 0.00, 0.00, 0.00, 1.00
1770,  0,  29.483,  0.98,  1, 0.29, 0.00, 1.09, 0.00, 1.46, 1.62, 0.00, 1.28, 1.19, 1.64, 0.09, 1.16, 0.39, 0.00, 0.24, 0.05, 0.58, 0.00, 0.00, 1.00, 0.00, 1.00, 1.00, 0.00, 1.00, 0.00, 1.00, 0.00, 1.00, 0.00, 0.00, 0.00, 0.00, 0.00, 1.00
1771,  0,  29.500,  0.98,  1, 0.21, 0.00, 1.14, 0.04, 1.37, 1.70, 0.00, 1.27, 1.19, 1.50, 0.07, 1.19, 0.41, 0.00, 0.15, 0.08, 0.44, 0.00, 0.00, 1.00, 0.00, 1.00, 1.00, 0.00, 1.00, 0.00, 1.00, 0.00, 1.00, 0.00, 0.00, 0.00, 0.00, 0.00, 1.00
1772,  0,  29.517,  0.98,  1, 0.17, 0.00, 1.08, 0.04, 1.31, 1.60, 0.00, 1.26, 1.19, 1.37, 0.00, 1.15, 0.41, 0.00, 0.19, 0.08, 0.34, 0.00, 0.00, 1.00, 0.00, 1.00, 1.00, 0.00, 1.00, 0.00, 1.00, 0.00, 1.00, 0.00, 0.00, 0.00, 0.00, 0.00, 1.00
1773,  0,  29.533,  0.98,  1, 0.11, 0.00, 1.24, 0.04, 1.26, 1.70, 0.00, 1.29, 1.16, 1.51, 0.06, 1.26, 0.34, 0.00, 0.12, 0.07, 0.35, 0.00, 0.00, 1.00, 0.00, 1.00, 1.00, 0.00, 1.00, 0.00, 1.00, 0.00, 1.00, 0.00, 0.00, 0.00, 0.00, 0.00, 1.00
1774,  0,  29.550,  0.98,  1, 0.08, 0.00, 1.21, 0.00, 1.23, 1.32, 0.00, 1.31, 1.18, 1.52, 0.11, 1.20, 0.37, 0.00, 0.17, 0.06, 0.24, 0.00, 0.00, 1.00, 0.00, 1.00, 1.00, 0.00, 1.00, 0.00, 1.00, 0.00, 1.00, 0.00, 0.00, 0.00, 0.00, 0.00, 1.00
1775,  0,  29.567,  0.98,  1, 0.10, 0.00, 1.32, 0.00, 1.17, 1.25, 0.00, 1.18, 1.19, 1.61, 0.12, 1.29, 0.19, 0.00, 0.21, 0.11, 0.21, 0.00, 0.00, 1.00, 0.00, 1.00, 1.00, 0.00, 1.00, 0.00, 1.00, 0.00, 1.00, 0.00, 0.00, 0.00, 0.00, 0.00, 1.00
1776,  0,  29.583,  0.98,  1, 0.17, 0.09, 1.30, 0.06, 1.18, 1.21, 0.00, 1.21, 1.19, 1.48, 0.06, 1.21, 0.16, 0.00, 0.32, 0.22, 0.21, 0.00, 0.00, 1.00, 0.00, 1.00, 1.00, 0.00, 0.00, 0.00, 1.00, 0.00, 1.00, 0.00, 0.00, 0.00, 0.00, 0.00, 1.00
1777,  0,  29.600,  0.98,  1, 0.22, 0.09, 1.28, 0.06, 1.24, 1.46, 0.00, 1.12, 1.08, 1.41, 0.02, 1.23, 0.14, 0.00, 0.24, 0.16, 0.21, 0.00, 0.00, 1.00, 0.00, 1.00, 1.00, 0.00, 0.00, 0.00, 1.00, 0.00, 1.00, 0.00, 0.00, 0.00, 0.00, 0.00, 0.00
1778,  0,  29.617,  0.98,  1, 0.23, 0.09, 1.12, 0.06, 1.33, 1.60, 0.00, 1.14, 1.03, 1.37, 0.01, 1.13, 0.26, 0.00, 0.18, 0.13, 0.12, 0.00, 0.00, 1.00, 0.00, 1.00, 1.00, 0.00, 0.00, 0.00, 1.00, 0.00, 1.00, 0.00, 0.00, 0.00, 0.00, 0.00, 0.00
1779,  0,  29.633,  0.98,  1, 0.10, 0.00, 0.96, 0.00, 1.33, 1.63, 0.00, 1.03, 1.03, 1.42, 0.04, 1.09, 0.20, 0.00, 0.07, 0.03, 0.08, 0.00, 0.00, 1.00, 0.00, 1.00, 1.00, 0.00, 0.00, 0.00, 1.00, 0.00, 1.00, 0.00, 0.00, 0.00, 0.00, 0.00, 0.00
1780,  0,  29.650,  0.98,  1, 0.07, 0.00, 1.00, 0.01, 1.29, 1.80, 0.00, 1.11, 1.08, 1.54, 0.13, 1.17, 0.26, 0.00, 0.07, 0.04, 0.08, 0.00, 0.00, 1.00, 0.00, 1.00, 1.00, 0.00, 0.00, 0.00, 1.00, 0.00, 1.00, 0.00, 0.00, 0.00, 0.00, 0.00, 1.00
1781,  0,  29.667,  0.98,  1, 0.06, 0.00, 1.05, 0.01, 1.26, 1.81, 0.00, 1.13, 1.11, 1.53, 0.13, 1.27, 0.15, 0.00, 0.09, 0.18, 0.08, 0.00, 0.00, 1.00, 0.00, 1.00, 1.00, 0.00, 0.00, 0.00, 1.00, 0.00, 1.00, 0.00, 0.00, 0.00, 0.00, 0.00, 0.00
1782,  0,  29.683,  0.98,  1, 0.06, 0.00, 1.21, 0.01, 1.31, 2.06, 0.00, 1.18, 1.20, 1.45, 0.09, 1.35, 0.23, 0.00, 0.12, 0.21, 0.00, 0.00, 0.00, 1.00, 0.00, 1.00, 1.00, 0.00, 0.00, 0.00, 1.00, 0.00, 1.00, 0.00, 0.00, 0.00, 0.00, 0.00, 0.00
1783,  0,  29.700,  0.98,  1, 0.04, 0.00, 1.11, 0.00, 1.32, 1.95, 0.00, 1.09, 1.16, 1.51, 0.08, 1.37, 0.21, 0.00, 0.25, 0.31, 0.00, 0.00, 0.00, 1.00, 0.00, 1.00, 1.00, 0.00, 0.00, 0.00, 1.00, 0.00, 1.00, 0.00, 0.00, 0.00, 0.00, 0.00, 0.00
1784,  0,  29.717,  0.98,  1, 0.00, 0.00, 1.21, 0.00, 1.29, 1.97, 0.00, 1.12, 1.18, 1.48, 0.12, 1.36, 0.19, 0.00, 0.23, 0.28, 0.00, 0.00, 0.00, 1.00, 0.00, 1.00, 1.00, 0.00, 0.00, 0.00, 1.00, 0.00, 1.00, 0.00, 0.00, 0.00, 0.00, 0.00, 0.00
1785,  0,  29.733,  0.98,  1, 0.00, 0.00, 1.08, 0.00, 1.14, 1.34, 0.00, 1.11, 1.14, 1.50, 0.13, 1.32, 0.07, 0.00, 0.23, 0.35, 0.00, 0.00, 0.00, 1.00, 0.00, 1.00, 1.00, 0.00, 0.00, 0.00, 1.00, 0.00, 1.00, 0.00, 0.00, 0.00, 0.00, 0.00, 0.00
1786,  0,  29.750,  0.98,  1, 0.09, 0.00, 1.08, 0.00, 1.14, 1.50, 0.00, 1.09, 1.19, 1.40, 0.15, 1.31, 0.00, 0.00, 0.25, 0.30, 0.00, 0.00, 0.00, 1.00, 0.00, 0.00, 1.00, 0.00, 0.00, 0.00, 1.00, 1.00, 1.00, 0.00, 0.00, 0.00, 0.00, 0.00, 0.00
1787,  0,  29.767,  0.98,  1, 0.11, 0.00, 1.02, 0.00, 1.11, 1.12, 0.00, 0.99, 1.12, 1.41, 0.21, 1.33, 0.00, 0.00, 0.27, 0.28, 0.00, 0.00, 0.00, 1.00, 0.00, 0.00, 1.00, 0.00, 0.00, 0.00, 1.00, 0.00, 1.00, 0.00, 0.00, 0.00, 0.00, 0.00, 0.00
1788,  0,  29.783,  0.98,  1, 0.16, 0.00, 0.97, 0.00, 1.19, 1.46, 0.00, 0.96, 1.14, 1.33, 0.29, 1.31, 0.00, 0.00, 0.30, 0.17, 0.00, 0.00, 0.00, 1.00, 0.00, 0.00, 1.00, 0.00, 0.00, 0.00, 1.00, 0.00, 1.00, 0.00, 0.00, 0.00, 0.00, 0.00, 0.00
1789,  0,  29.800,  0.98,  1, 0.07, 0.11, 0.95, 0.00, 1.16, 1.12, 0.00, 0.89, 1.08, 1.29, 0.19, 1.43, 0.07, 0.00, 0.30, 0.25, 0.00, 0.00, 0.00, 1.00, 0.00, 0.00, 1.00, 0.00, 0.00, 0.00, 1.00, 1.00, 1.00, 0.00, 0.00, 0.00, 0.00, 0.00, 0.00
1790,  0,  29.817,  0.98,  1, 0.07, 0.11, 1.04, 0.11, 1.21, 1.46, 0.00, 1.04, 1.09, 1.30, 0.10, 1.45, 0.13, 0.00, 0.34, 0.28, 0.05, 0.00, 0.00, 1.00, 0.00, 0.00, 1.00, 0.00, 0.00, 0.00, 1.00, 1.00, 1.00, 0.00, 0.00, 0.00, 0.00, 0.00, 0.00
1791,  0,  29.833,  0.98,  1, 0.06, 0.11, 1.09, 0.11, 1.23, 1.42, 0.00, 1.00, 1.06, 1.42, 0.06, 1.45, 0.20, 0.00, 0.38, 0.45, 0.05, 0.00, 0.00, 1.00, 0.00, 0.00, 1.00, 0.00, 0.00, 0.00, 1.00, 0.00, 1.00, 0.00, 0.00, 0.00, 0.00, 0.00, 0.00
1792,  0,  29.850,  0.98,  1, 0.08, 0.00, 1.14, 0.13, 1.21, 1.55, 0.00, 1.11, 1.05, 1.46, 0.09, 1.25, 0.30, 0.00, 0.38, 0.43, 0.05, 0.00, 0.00, 1.00, 0.00, 0.00, 1.00, 0.00, 0.00, 0.00, 1.00, 0.00, 1.00, 0.00, 0.00, 0.00, 0.00, 0.00, 0.00
1793,  0,  29.867,  0.98,  1, 0.05, 0.00, 1.05, 0.02, 1.19, 1.45, 0.00, 1.00, 1.07, 1.37, 0.16, 1.13, 0.27, 0.00, 0.34, 0.36, 0.00, 0.00, 0.00, 1.00, 0.00, 0.00, 1.00, 0.00, 0.00, 0.00, 1.00, 0.00, 1.00, 0.00, 0.00, 0.00, 0.00, 0.00, 0.00
1794,  0,  29.883,  0.98,  1, 0.02, 0.00, 1.06, 0.02, 1.07, 1.25, 0.00, 1.05, 1.07, 1.39, 0.11, 1.17, 0.21, 0.00, 0.37, 0.32, 0.00, 0.00, 0.00, 1.00, 0.00, 0.00, 1.00, 0.00, 0.00, 0.00, 1.00, 0.00, 1.00, 0.00, 0.00, 0.00, 0.00, 0.00, 0.00
1795,  0,  29.900,  0.98,  1, 0.00, 0.00, 0.95, 0.00, 1.03, 1.05, 0.00, 1.03, 1.10, 1.26, 0.09, 1.26, 0.11, 0.03, 0.23, 0.23, 0.00, 0.00, 0.00, 1.00, 0.00, 0.00, 1.00, 0.00, 0.00, 0.00, 1.00, 0.00, 1.00, 0.00, 0.00, 0.00, 0.00, 0.00, 0.00
1796,  0,  29.917,  0.98,  1, 0.03, 0.00, 0.93, 0.00, 1.00, 1.07, 0.00, 1.04, 1.09, 1.38, 0.02, 1.32, 0.18, 0.03, 0.19, 0.29, 0.00, 0.00, 0.00, 1.00, 0.00, 0.00, 1.00, 0.00, 0.00, 0.00, 1.00, 0.00, 1.00, 0.00, 0.00, 0.00, 0.00, 0.00, 0.00
1797,  0,  29.933,  0.98,  1, 0.03, 0.00, 0.95, 0.00, 1.06, 1.26, 0.00, 0.87, 1.05, 1.28, 0.04, 1.26, 0.19, 0.03, 0.21, 0.20, 0.00, 0.00, 0.00, 1.00, 0.00, 0.00, 1.00, 0.00, 0.00, 0.00, 1.00, 0.00, 1.00, 0.00, 0.00, 0.00, 0.00, 0.00, 0.00
1798,  0,  29.950,  0.98,  1, 0.16, 0.00, 1.09, 0.00, 1.14, 1.26, 0.00, 0.92, 1.05, 1.35, 0.03, 1.07, 0.24, 0.00, 0.38, 0.20, 0.00, 0.00, 0.00, 1.00, 0.00, 0.00, 1.00, 0.00, 0.00, 0.00, 1.00, 0.00, 1.00, 0.00, 0.00, 0.00, 0.00, 0.00, 0.00
1799,  0,  29.967,  0.98,  1, 0.12, 0.00, 1.02, 0.00, 1.13, 1.22, 0.00, 1.00, 1.05, 1.45, 0.04, 1.10, 0.14, 0.00, 0.43, 0.12, 0.00, 0.00, 0.00, 1.00, 0.00, 0.00, 1.00, 0.00, 0.00, 0.00, 1.00, 0.00, 1.00, 0.00, 0.00, 0.00, 0.00, 0.00, 0.00
1800,  0,  29.983,  0.98,  1, 0.12, 0.00, 1.02, 0.00, 1.11, 1.27, 0.00, 1.01, 1.03, 1.42, 0.04, 1.06, 0.14, 0.00, 0.32, 0.17, 0.00, 0.00, 0.00, 1.00, 0.00, 0.00, 1.00, 0.00, 0.00, 0.00, 1.00, 0.00, 1.00, 0.00, 0.00, 0.00, 0.00, 0.00, 0.00
1801,  0,  30.000,  0.98,  1, 0.00, 0.00, 0.85, 0.00, 1.03, 1.26, 0.00, 0.95, 0.97, 1.38, 0.05, 1.18, 0.12, 0.00, 0.27, 0.15, 0.00, 0.00, 0.00, 1.00, 0.00, 0.00, 1.00, 0.00, 0.00, 0.00, 1.00, 0.00, 1.00, 0.00, 0.00, 0.00, 0.00, 0.00, 0.00
1802,  0,  30.017,  0.98,  1, 0.03, 0.00, 0.89, 0.00, 1.02, 1.26, 0.00, 0.87, 0.93, 1.24, 0.10, 1.23, 0.13, 0.00, 0.17, 0.21, 0.00, 0.00, 0.00, 1.00, 0.00, 0.00, 1.00, 0.00, 0.00, 0.00, 1.00, 0.00, 1.00, 0.00, 0.00, 0.00, 0.00, 0.00, 0.00
1803,  0,  30.033,  0.98,  1, 0.06, 0.00, 0.84, 0.00, 0.97, 1.13, 0.00, 1.00, 0.95, 1.30, 0.11, 1.26, 0.13, 0.00, 0.26, 0.16, 0.00, 0.00, 0.00, 1.00, 0.00, 0.00, 1.00, 0.00, 0.00, 0.00, 1.00, 0.00, 1.00, 0.00, 0.00, 0.00, 0.00, 0.00, 0.00
1804,  0,  30.050,  0.98,  1, 0.12, 0.00, 1.03, 0.00, 1.11, 1.52, 0.00, 1.13, 1.06, 1.39, 0.13, 1.15, 0.04, 0.00, 0.15, 0.29, 0.00, 0.00, 0.00, 1.00, 0.00, 0.00, 1.00, 0.00, 0.00, 0.00, 1.00, 0.00, 1.00, 0.00, 0.00, 0.00, 0.00, 0.00, 0.00
1805,  0,  30.067,  0.98,  1, 0.33, 0.00, 1.11, 0.00, 1.19, 1.38, 0.00, 1.13, 1.13, 1.31, 0.12, 1.06, 0.10, 0.00, 0.26, 0.25, 0.16, 0.00, 0.00, 1.00, 0.00, 0.00, 1.00, 0.00, 0.00, 0.00, 1.00, 0.00, 1.00, 0.00, 0.00, 0.00, 0.00, 0.00, 1.00
1806,  0,  30.083,  0.98,  1, 0.59, 0.08, 1.15, 0.00, 1.24, 1.45, 0.00, 1.10, 1.11, 1.37, 0.10, 1.07, 0.23, 0.00, 0.29, 0.22, 0.30, 1.00, 0.00, 1.00, 0.00, 0.00, 1.00, 0.00, 0.00, 0.00, 1.00, 0.00, 1.00, 0.00, 0.00, 0.00, 0.00, 0.00, 1.00
1807,  0,  30.100,  0.98,  1, 0.85, 0.21, 1.12, 0.00, 1.17, 1.16, 0.00, 0.98, 1.10, 1.41, 0.07, 1.07, 0.27, 0.00, 0.44, 0.19, 0.47, 1.00, 0.00, 1.00, 0.00, 0.00, 1.00, 0.00, 0.00, 0.00, 1.00, 0.00, 0.00, 0.00, 0.00, 0.00, 0.00, 0.00, 1.00
1808,  0,  30.117,  0.98,  1, 0.83, 0.34, 1.08, 0.00, 1.13, 1.30, 0.00, 1.10, 1.16, 1.57, 0.01, 1.05, 0.47, 0.00, 0.40, 0.25, 0.58, 1.00, 0.00, 1.00, 0.00, 0.00, 1.00, 0.00, 0.00, 0.00, 1.00, 0.00, 0.00, 0.00, 0.00, 0.00, 0.00, 0.00, 1.00
1809,  0,  30.133,  0.98,  1, 0.69, 0.27, 1.12, 0.00, 1.13, 1.46, 0.00, 0.99, 1.14, 1.58, 0.19, 1.01, 0.38, 0.00, 0.40, 0.33, 0.57, 1.00, 1.00, 1.00, 0.00, 0.00, 1.00, 0.00, 0.00, 0.00, 1.00, 0.00, 0.00, 0.00, 0.00, 0.00, 0.00, 0.00, 1.00
1810,  0,  30.150,  0.98,  1, 0.55, 0.14, 1.10, 0.00, 1.10, 1.45, 0.00, 1.01, 1.11, 1.56, 0.19, 1.11, 0.38, 0.00, 0.32, 0.29, 0.72, 0.00, 1.00, 1.00, 0.00, 0.00, 1.00, 0.00, 0.00, 0.00, 1.00, 0.00, 0.00, 0.00, 0.00, 0.00, 0.00, 0.00, 1.00
1811,  0,  30.167,  0.98,  1, 0.36, 0.00, 1.23, 0.00, 1.19, 1.87, 0.00, 0.93, 1.07, 1.58, 0.33, 1.06, 0.18, 0.00, 0.30, 0.26, 0.69, 0.00, 1.00, 1.00, 0.00, 0.00, 1.00, 0.00, 0.00, 0.00, 1.00, 0.00, 0.00, 0.00, 0.00, 0.00, 0.00, 0.00, 1.00
1812,  0,  30.183,  0.98,  1, 0.22, 0.00, 1.21, 0.00, 1.27, 1.95, 0.00, 1.13, 1.09, 1.47, 0.13, 0.95, 0.23, 0.00, 0.20, 0.25, 0.65, 0.00, 0.00, 1.00, 0.00, 0.00, 1.00, 0.00, 0.00, 0.00, 1.00, 0.00, 0.00, 0.00, 0.00, 0.00, 0.00, 0.00, 1.00
1813,  0,  30.200,  0.98,  1, 0.10, 0.00, 1.19, 0.00, 1.28, 2.30, 0.00, 1.19, 1.12, 1.50, 0.19, 1.20, 0.35, 0.00, 0.24, 0.30, 0.38, 0.00, 0.00, 1.00, 0.00, 0.00, 1.00, 0.00, 0.00, 0.00, 1.00, 0.00, 0.00, 0.00, 0.00, 0.00, 0.00, 0.00, 1.00
1814,  0,  30.217,  0.98,  1, 0.07, 0.00, 1.17, 0.00, 1.28, 1.96, 0.00, 1.18, 1.10, 1.36, 0.05, 1.26, 0.33, 0.00, 0.21, 0.24, 0.18, 0.00, 0.00, 1.00, 0.00, 0.00, 1.00, 0.00, 0.00, 0.00, 1.00, 0.00, 1.00, 0.00, 0.00, 0.00, 0.00, 0.00, 1.00
1815,  0,  30.233,  0.98,  1, 0.07, 0.00, 1.18, 0.00, 1.23, 1.79, 0.00, 1.03, 1.08, 1.35, 0.15, 1.50, 0.23, 0.00, 0.22, 0.18, 0.08, 0.00, 0.00, 1.00, 0.00, 0.00, 1.00, 0.00, 0.00, 0.00, 1.00, 0.00, 1.00, 0.00, 0.00, 0.00, 0.00, 0.00, 1.00
1816,  0,  30.250,  0.98,  1, 0.01, 0.00, 1.12, 0.00, 1.19, 1.63, 0.00, 0.96, 1.04, 1.23, 0.09, 1.27, 0.14, 0.00, 0.13, 0.10, 0.04, 0.00, 0.00, 1.00, 0.00, 0.00, 1.00, 0.00, 0.00, 0.00, 1.00, 0.00, 1.00, 0.00, 0.00, 0.00, 0.00, 0.00, 1.00
1817,  0,  30.267,  0.98,  1, 0.02, 0.00, 0.99, 0.03, 1.10, 1.57, 0.00, 0.91, 1.00, 1.10, 0.14, 1.36, 0.11, 0.00, 0.18, 0.15, 0.00, 0.00, 0.00, 1.00, 0.00, 0.00, 1.00, 0.00, 0.00, 0.00, 1.00, 0.00, 1.00, 0.00, 0.00, 0.00, 0.00, 0.00, 0.00
1818,  0,  30.283,  0.98,  1, 0.02, 0.00, 0.94, 0.03, 1.07, 1.60, 0.00, 0.92, 0.97, 1.16, 0.05, 1.29, 0.09, 0.00, 0.18, 0.32, 0.00, 0.00, 0.00, 1.00, 0.00, 0.00, 1.00, 0.00, 0.00, 0.00, 1.00, 0.00, 1.00, 0.00, 0.00, 0.00, 0.00, 0.00, 0.00
1819,  0,  30.300,  0.98,  1, 0.07, 0.00, 0.85, 0.03, 1.08, 1.25, 0.00, 0.92, 0.93, 1.12, 0.08, 1.40, 0.02, 0.00, 0.28, 0.27, 0.00, 0.00, 0.00, 1.00, 0.00, 0.00, 1.00, 0.00, 0.00, 0.00, 1.00, 0.00, 1.00, 0.00, 0.00, 0.00, 0.00, 0.00, 0.00
1820,  0,  30.317,  0.98,  1, 0.05, 0.03, 0.84, 0.00, 1.08, 1.12, 0.00, 0.86, 0.97, 1.22, 0.05, 1.40, 0.05, 0.02, 0.34, 0.28, 0.00, 0.00, 0.00, 1.00, 0.00, 0.00, 1.00, 0.00, 0.00, 0.00, 1.00, 0.00, 1.00, 0.00, 0.00, 0.00, 0.00, 0.00, 0.00
1821,  0,  30.333,  0.98,  1, 0.05, 0.03, 0.84, 0.06, 1.06, 0.96, 0.00, 0.84, 0.96, 1.27, 0.08, 1.36, 0.12, 0.02, 0.27, 0.11, 0.00, 0.00, 0.00, 1.00, 0.00, 0.00, 1.00, 0.00, 0.00, 0.00, 1.00, 0.00, 1.00, 0.00, 0.00, 0.00, 0.00, 0.00, 0.00
1822,  0,  30.350,  0.98,  1, 0.06, 0.05, 0.97, 0.06, 1.10, 1.23, 0.00, 0.78, 0.97, 1.34, 0.12, 1.37, 0.28, 0.09, 0.23, 0.09, 0.00, 0.00, 0.00, 1.00, 0.00, 0.00, 1.00, 0.00, 0.00, 0.00, 1.00, 0.00, 1.00, 0.00, 0.00, 0.00, 0.00, 0.00, 0.00
1823,  0,  30.367,  0.98,  1, 0.07, 0.02, 0.91, 0.06, 1.04, 1.03, 0.00, 0.89, 0.93, 1.34, 0.11, 1.26, 0.23, 0.07, 0.22, 0.18, 0.00, 0.00, 0.00, 1.00, 0.00, 0.00, 1.00, 0.00, 0.00, 0.00, 1.00, 0.00, 1.00, 0.00, 0.00, 0.00, 0.00, 0.00, 0.00
1824,  0,  30.383,  0.98,  1, 0.07, 0.02, 0.94, 0.03, 1.08, 1.12, 0.00, 0.92, 0.94, 1.33, 0.08, 1.21, 0.17, 0.07, 0.31, 0.32, 0.00, 0.00, 0.00, 1.00, 0.00, 0.00, 1.00, 0.00, 0.00, 0.00, 1.00, 0.00, 1.00, 0.00, 0.00, 0.00, 0.00, 0.00, 0.00
1825,  0,  30.400,  0.98,  1, 0.06, 0.13, 0.91, 0.03, 1.07, 0.90, 0.00, 0.93, 1.03, 1.38, 0.00, 1.06, 0.01, 0.00, 0.33, 0.38, 0.00, 0.00, 0.00, 1.00, 0.00, 0.00, 1.00, 0.00, 0.00, 0.00, 1.00, 0.00, 1.00, 0.00, 0.00, 0.00, 0.00, 0.00, 0.00
1826,  0,  30.417,  0.98,  1, 0.04, 0.13, 0.98, 0.03, 1.05, 0.99, 0.00, 0.81, 0.99, 1.41, 0.05, 1.14, 0.10, 0.01, 0.22, 0.20, 0.00, 0.00, 0.00, 1.00, 0.00, 0.00, 1.00, 0.00, 0.00, 0.00, 1.00, 0.00, 1.00, 0.00, 0.00, 0.00, 0.00, 0.00, 0.00
1827,  0,  30.433,  0.98,  1, 0.05, 0.27, 1.02, 0.00, 1.08, 0.78, 0.00, 0.87, 1.01, 1.32, 0.05, 1.20, 0.09, 0.01, 0.23, 0.08, 0.00, 0.00, 0.00, 1.00, 0.00, 0.00, 1.00, 0.00, 0.00, 0.00, 1.00, 0.00, 1.00, 0.00, 0.00, 0.00, 0.00, 0.00, 0.00
1828,  0,  30.450,  0.98,  1, 0.07, 0.14, 1.23, 0.00, 1.10, 0.94, 0.00, 0.88, 0.94, 1.33, 0.06, 1.25, 0.20, 0.05, 0.15, 0.13, 0.00, 0.00, 0.00, 1.00, 0.00, 0.00, 1.00, 0.00, 0.00, 0.00, 1.00, 0.00, 1.00, 0.00, 0.00, 0.00, 0.00, 0.00, 0.00
1829,  0,  30.467,  0.98,  1, 0.07, 0.14, 1.16, 0.00, 1.12, 1.23, 0.00, 1.02, 0.93, 1.44, 0.11, 1.40, 0.19, 0.10, 0.25, 0.29, 0.00, 0.00, 0.00, 1.00, 0.00, 0.00, 1.00, 0.00, 0.00, 0.00, 1.00, 0.00, 1.00, 0.00, 0.00, 0.00, 0.00, 0.00, 0.00
1830,  0,  30.483,  0.98,  1, 0.06, 0.00, 1.13, 0.03, 1.06, 1.31, 0.00, 0.94, 0.91, 1.37, 0.11, 1.41, 0.37, 0.11, 0.21, 0.48, 0.00, 0.00, 0.00, 1.00, 0.00, 0.00, 1.00, 0.00, 0.00, 0.00, 1.00, 0.00, 1.00, 0.00, 0.00, 0.00, 0.00, 0.00, 0.00
1831,  0,  30.500,  0.98,  1, 0.00, 0.00, 1.01, 0.03, 1.06, 1.12, 0.00, 0.91, 0.93, 1.35, 0.10, 1.40, 0.27, 0.14, 0.19, 0.51, 0.00, 0.00, 0.00, 1.00, 0.00, 0.00, 1.00, 0.00, 0.00, 0.00, 1.00, 0.00, 1.00, 0.00, 0.00, 0.00, 0.00, 0.00, 0.00
1832,  0,  30.517,  0.98,  1, 0.00, 0.00, 1.03, 0.03, 1.08, 0.94, 0.00, 0.92, 0.96, 1.25, 0.01, 1.20, 0.19, 0.09, 0.17, 0.45, 0.00, 0.00, 0.00, 1.00, 0.00, 0.00, 1.00, 0.00, 0.00, 0.00, 1.00, 0.00, 1.00, 0.00, 0.00, 0.00, 0.00, 0.00, 0.00
1833,  0,  30.533,  0.98,  1, 0.01, 0.00, 1.06, 0.00, 1.06, 0.96, 0.00, 0.95, 0.97, 1.33, 0.01, 1.10, 0.07, 0.08, 0.09, 0.30, 0.00, 0.00, 0.00, 1.00, 0.00, 0.00, 1.00, 0.00, 0.00, 0.00, 1.00, 0.00, 1.00, 0.00, 0.00, 0.00, 0.00, 0.00, 0.00
1834,  0,  30.550,  0.98,  1, 0.01, 0.00, 1.01, 0.00, 1.06, 1.16, 0.00, 1.00, 0.94, 1.31, 0.01, 0.99, 0.07, 0.02, 0.08, 0.16, 0.00, 0.00, 0.00, 1.00, 0.00, 0.00, 1.00, 0.00, 0.00, 0.00, 1.00, 0.00, 1.00, 0.00, 0.00, 0.00, 0.00, 0.00, 0.00
1835,  0,  30.567,  0.98,  1, 0.01, 0.00, 1.08, 0.00, 1.10, 1.27, 0.00, 1.01, 0.93, 1.32, 0.03, 1.02, 0.11, 0.00, 0.00, 0.09, 0.00, 0.00, 0.00, 1.00, 0.00, 0.00, 1.00, 0.00, 0.00, 0.00, 1.00, 0.00, 1.00, 0.00, 0.00, 0.00, 0.00, 0.00, 0.00
1836,  0,  30.583,  0.98,  1, 0.04, 0.00, 1.08, 0.00, 1.12, 1.41, 0.00, 0.99, 0.95, 1.41, 0.12, 1.14, 0.04, 0.05, 0.09, 0.11, 0.00, 0.00, 0.00, 1.00, 0.00, 0.00, 1.00, 0.00, 0.00, 0.00, 1.00, 0.00, 1.00, 0.00, 0.00, 0.00, 0.00, 0.00, 0.00
1837,  0,  30.600,  0.98,  1, 0.05, 0.00, 1.11, 0.00, 1.16, 1.39, 0.00, 1.02, 0.97, 1.43, 0.12, 1.14, 0.04, 0.08, 0.09, 0.11, 0.00, 0.00, 0.00, 1.00, 0.00, 0.00, 1.00, 0.00, 0.00, 0.00, 1.00, 0.00, 1.00, 0.00, 0.00, 0.00, 0.00, 0.00, 0.00
1838,  0,  30.617,  0.98,  1, 0.05, 0.00, 1.12, 0.00, 1.09, 1.47, 0.00, 0.97, 0.99, 1.40, 0.09, 1.04, 0.10, 0.10, 0.20, 0.09, 0.00, 0.00, 0.00, 1.00, 0.00, 0.00, 1.00, 0.00, 0.00, 0.00, 1.00, 0.00, 1.00, 0.00, 0.00, 0.00, 0.00, 0.00, 0.00
1839,  0,  30.633,  0.98,  1, 0.07, 0.00, 1.03, 0.05, 1.15, 1.44, 0.00, 1.09, 0.96, 1.27, 0.01, 1.02, 0.18, 0.06, 0.18, 0.00, 0.00, 0.00, 0.00, 1.00, 0.00, 0.00, 1.00, 0.00, 0.00, 0.00, 1.00, 0.00, 1.00, 0.00, 0.00, 0.00, 0.00, 0.00, 0.00
1840,  0,  30.650,  0.98,  1, 0.16, 0.06, 1.06, 0.05, 1.10, 1.54, 0.00, 1.05, 0.95, 1.20, 0.02, 1.09, 0.18, 0.03, 0.19, 0.06, 0.00, 0.00, 1.00, 1.00, 0.00, 0.00, 1.00, 0.00, 0.00, 0.00, 1.00, 0.00, 1.00, 0.00, 0.00, 0.00, 0.00, 0.00, 0.00
1841,  0,  30.667,  0.98,  1, 0.33, 0.13, 1.01, 0.05, 1.24, 1.61, 0.00, 1.03, 1.00, 1.24, 0.02, 1.17, 0.08, 0.00, 0.12, 0.14, 0.32, 0.00, 1.00, 1.00, 0.00, 0.00, 1.00, 0.00, 0.00, 0.00, 1.00, 0.00, 0.00, 0.00, 0.00, 0.00, 0.00, 0.00, 0.00
1842,  0,  30.683,  0.98,  1, 0.60, 0.17, 1.03, 0.00, 1.14, 1.34, 0.00, 0.92, 1.09, 1.32, 0.04, 1.05, 0.00, 0.00, 0.20, 0.18, 0.66, 0.00, 1.00, 1.00, 0.00, 0.00, 1.00, 0.00, 0.00, 0.00, 1.00, 0.00, 1.00, 0.00, 0.00, 0.00, 0.00, 0.00, 1.00
1843,  0,  30.700,  0.98,  1, 1.06, 0.26, 0.96, 0.00, 1.05, 1.04, 0.00, 0.86, 1.11, 1.39, 0.07, 0.99, 0.06, 0.00, 0.45, 0.35, 0.86, 1.00, 1.00, 1.00, 0.00, 0.00, 1.00, 0.00, 0.00, 0.00, 1.00, 0.00, 1.00, 0.00, 0.00, 0.00, 0.00, 0.00, 1.00
1844,  0,  30.717,  0.98,  1, 1.22, 0.27, 0.95, 0.00, 0.93, 0.85, 0.00, 0.94, 1.14, 1.44, 0.07, 1.03, 0.11, 0.00, 0.46, 0.29, 0.91, 1.00, 1.00, 1.00, 0.00, 0.00, 1.00, 0.00, 0.00, 0.00, 1.00, 0.00, 0.00, 0.00, 0.00, 0.00, 0.00, 0.00, 1.00
1845,  0,  30.733,  0.98,  1, 1.15, 0.23, 1.00, 0.00, 0.95, 0.89, 0.00, 1.10, 1.09, 1.45, 0.04, 1.00, 0.19, 0.00, 0.53, 0.38, 0.92, 1.00, 1.00, 1.00, 0.00, 0.00, 1.00, 0.00, 0.00, 0.00, 1.00, 0.00, 0.00, 0.00, 0.00, 0.00, 0.00, 0.00, 1.00
1846,  0,  30.750,  0.98,  1, 0.84, 0.16, 1.03, 0.00, 1.04, 1.05, 0.00, 1.24, 1.12, 1.45, 0.09, 1.02, 0.28, 0.00, 0.29, 0.25, 0.90, 1.00, 1.00, 1.00, 0.00, 0.00, 1.00, 0.00, 0.00, 0.00, 1.00, 0.00, 0.00, 0.00, 0.00, 0.00, 0.00, 0.00, 1.00
1847,  0,  30.767,  0.98,  1, 0.69, 0.12, 1.06, 0.00, 1.09, 1.01, 0.00, 1.18, 1.09, 1.43, 0.10, 0.93, 0.29, 0.00, 0.31, 0.28, 0.75, 1.00, 1.00, 1.00, 0.00, 0.00, 1.00, 0.00, 0.00, 0.00, 1.00, 0.00, 0.00, 0.00, 0.00, 0.00, 0.00, 0.00, 1.00
1848,  0,  30.783,  0.98,  1, 0.52, 0.24, 1.05, 0.00, 1.18, 1.42, 0.00, 1.10, 1.09, 1.41, 0.16, 0.94, 0.24, 0.00, 0.20, 0.22, 0.49, 0.00, 0.00, 1.00, 0.00, 0.00, 1.00, 0.00, 0.00, 0.00, 1.00, 0.00, 0.00, 0.00, 0.00, 0.00, 0.00, 0.00, 1.00
1849,  0,  30.800,  0.98,  1, 0.37, 0.19, 1.14, 0.00, 1.20, 1.60, 0.00, 1.05, 1.01, 1.39, 0.11, 0.96, 0.09, 0.00, 0.17, 0.29, 0.45, 0.00, 0.00, 1.00, 0.00, 0.00, 1.00, 0.00, 0.00, 0.00, 1.00, 0.00, 0.00, 0.00, 0.00, 0.00, 0.00, 0.00, 1.00
1850,  0,  30.817,  0.98,  1, 0.23, 0.16, 1.24, 0.00, 1.29, 1.79, 0.00, 1.08, 0.99, 1.45, 0.17, 1.04, 0.14, 0.00, 0.10, 0.35, 0.34, 0.00, 0.00, 1.00, 0.00, 0.00, 1.00, 0.00, 0.00, 0.00, 1.00, 0.00, 0.00, 0.00, 0.00, 0.00, 0.00, 0.00, 1.00
1851,  0,  30.833,  0.98,  1, 0.16, 0.04, 1.32, 0.00, 1.31, 1.70, 0.00, 1.05, 0.96, 1.34, 0.17, 1.17, 0.12, 0.00, 0.14, 0.40, 0.35, 0.00, 0.00, 1.00, 0.00, 0.00, 1.00, 0.00, 0.00, 0.00, 1.00, 0.00, 0.00, 0.00, 0.00, 0.00, 0.00, 0.00, 1.00
1852,  0,  30.850,  0.98,  1, 0.07, 0.00, 1.22, 0.00, 1.30, 1.81, 0.00, 1.07, 1.00, 1.27, 0.21, 1.18, 0.12, 0.00, 0.18, 0.32, 0.27, 0.00, 0.00, 1.00, 0.00, 0.00, 1.00, 0.00, 0.00, 0.00, 1.00, 0.00, 0.00, 0.00, 0.00, 0.00, 0.00, 0.00, 1.00
1853,  0,  30.867,  0.98,  1, 0.03, 0.00, 1.10, 0.00, 1.18, 1.81, 0.00, 1.04, 1.05, 1.16, 0.24, 1.22, 0.00, 0.00, 0.18, 0.28, 0.17, 0.00, 0.00, 1.00, 0.00, 0.00, 1.00, 0.00, 0.00, 0.00, 1.00, 0.00, 1.00, 0.00, 0.00, 0.00, 0.00, 0.00, 1.00
1854,  0,  30.883,  0.98,  1, 0.02, 0.00, 1.11, 0.00, 1.03, 1.59, 0.00, 1.02, 1.03, 1.23, 0.18, 1.10, 0.00, 0.01, 0.05, 0.22, 0.08, 0.00, 0.00, 1.00, 0.00, 0.00, 1.00, 0.00, 0.00, 0.00, 1.00, 0.00, 1.00, 0.00, 0.00, 0.00, 0.00, 0.00, 0.00
1855,  0,  30.900,  0.98,  1, 0.08, 0.00, 1.17, 0.00, 1.03, 1.52, 0.00, 1.05, 1.04, 1.31, 0.26, 1.14, 0.00, 0.02, 0.00, 0.21, 0.00, 0.00, 0.00, 1.00, 0.00, 0.00, 1.00, 0.00, 0.00, 0.00, 1.00, 0.00, 0.00, 0.00, 0.00, 0.00, 0.00, 0.00, 0.00
1856,  0,  30.917,  0.98,  1, 0.08, 0.00, 1.23, 0.00, 1.06, 1.61, 0.00, 1.02, 1.00, 1.38, 0.17, 0.94, 0.00, 0.02, 0.09, 0.25, 0.00, 0.00, 0.00, 1.00, 0.00, 0.00, 1.00, 0.00, 0.00, 0.00, 1.00, 0.00, 1.00, 0.00, 0.00, 0.00, 0.00, 0.00, 0.00
1857,  0,  30.933,  0.98,  1, 0.06, 0.00, 1.13, 0.00, 1.15, 1.58, 0.00, 1.03, 1.00, 1.45, 0.21, 1.00, 0.01, 0.01, 0.24, 0.21, 0.00, 0.00, 0.00, 1.00, 0.00, 0.00, 1.00, 0.00, 0.00, 0.00, 1.00, 0.00, 1.00, 0.00, 0.00, 0.00, 0.00, 0.00, 0.00
1858,  0,  30.950,  0.98,  1, 0.00, 0.00, 1.21, 0.00, 1.09, 1.31, 0.00, 0.93, 0.97, 1.40, 0.05, 1.12, 0.03, 0.00, 0.31, 0.31, 0.00, 0.00, 0.00, 1.00, 0.00, 0.00, 1.00, 0.00, 0.00, 0.00, 1.00, 0.00, 0.00, 0.00, 0.00, 0.00, 0.00, 0.00, 0.00
1859,  0,  30.967,  0.98,  1, 0.00, 0.00, 1.13, 0.00, 1.04, 0.98, 0.00, 0.94, 0.94, 1.27, 0.08, 1.30, 0.09, 0.04, 0.31, 0.45, 0.00, 0.00, 0.00, 1.00, 0.00, 0.00, 1.00, 0.00, 0.00, 0.00, 1.00, 0.00, 0.00, 0.00, 0.00, 0.00, 0.00, 0.00, 0.00
1860,  0,  30.983,  0.98,  1, 0.00, 0.00, 1.07, 0.00, 0.98, 1.00, 0.00, 0.93, 0.94, 1.26, 0.07, 1.34, 0.15, 0.04, 0.25, 0.44, 0.00, 0.00, 0.00, 1.00, 0.00, 0.00, 1.00, 0.00, 0.00, 0.00, 1.00, 0.00, 0.00, 0.00, 0.00, 0.00, 0.00, 0.00, 0.00
1861,  0,  31.000,  0.98,  1, 0.00, 0.00, 0.87, 0.00, 0.95, 1.04, 0.00, 1.00, 0.93, 1.16, 0.10, 1.16, 0.20, 0.06, 0.30, 0.28, 0.00, 0.00, 0.00, 1.00, 0.00, 0.00, 1.00, 0.00, 0.00, 0.00, 1.00, 0.00, 1.00, 0.00, 0.00, 0.00, 0.00, 0.00, 0.00
1862,  0,  31.017,  0.98,  1, 0.00, 0.00, 0.99, 0.00, 0.93, 1.33, 0.00, 0.92, 0.89, 1.28, 0.07, 1.13, 0.27, 0.03, 0.24, 0.17, 0.00, 0.00, 0.00, 1.00, 0.00, 0.00, 1.00, 0.00, 0.00, 0.00, 1.00, 0.00, 1.00, 0.00, 0.00, 0.00, 0.00, 0.00, 0.00
1863,  0,  31.033,  0.98,  1, 0.00, 0.00, 0.95, 0.00, 0.91, 1.25, 0.00, 0.94, 0.90, 1.42, 0.04, 1.18, 0.35, 0.03, 0.15, 0.34, 0.00, 0.00, 0.00, 1.00, 0.00, 0.00, 1.00, 0.00, 0.00, 0.00, 1.00, 0.00, 1.00, 0.00, 0.00, 0.00, 0.00, 0.00, 0.00
1864,  0,  31.050,  0.98,  1, 0.00, 0.00, 0.95, 0.02, 0.97, 1.21, 0.00, 0.86, 0.88, 1.50, 0.09, 1.14, 0.41, 0.00, 0.07, 0.36, 0.00, 0.00, 0.00, 1.00, 0.00, 0.00, 1.00, 0.00, 0.00, 0.00, 1.00, 0.00, 0.00, 0.00, 0.00, 0.00, 0.00, 0.00, 0.00
1865,  0,  31.067,  0.98,  1, 0.00, 0.00, 0.73, 0.02, 0.92, 0.81, 0.00, 0.91, 0.92, 1.37, 0.09, 1.19, 0.29, 0.07, 0.16, 0.44, 0.00, 0.00, 0.00, 1.00, 0.00, 0.00, 1.00, 0.00, 0.00, 0.00, 1.00, 0.00, 0.00, 0.00, 0.00, 0.00, 0.00, 0.00, 0.00
1866,  0,  31.083,  0.98,  1, 0.00, 0.01, 0.80, 0.07, 1.02, 0.78, 0.00, 0.76, 0.91, 1.10, 0.08, 1.16, 0.14, 0.09, 0.22, 0.37, 0.00, 0.00, 0.00, 1.00, 0.00, 0.00, 1.00, 0.00, 0.00, 0.00, 1.00, 0.00, 1.00, 0.00, 0.00, 0.00, 0.00, 0.00, 0.00
1867,  0,  31.100,  0.98,  1, 0.00, 0.01, 0.79, 0.05, 0.88, 0.73, 0.00, 0.76, 0.91, 1.09, 0.00, 1.09, 0.07, 0.10, 0.29, 0.40, 0.00, 0.00, 0.00, 1.00, 0.00, 0.00, 1.00, 0.00, 0.00, 0.00, 1.00, 0.00, 0.00, 0.00, 0.00, 0.00, 0.00, 0.00, 0.00
1868,  0,  31.117,  0.98,  1, 0.02, 0.01, 1.09, 0.20, 1.01, 0.99, 0.00, 0.86, 0.93, 1.17, 0.04, 1.03, 0.07, 0.05, 0.17, 0.27, 0.00, 0.00, 0.00, 1.00, 0.00, 0.00, 1.00, 0.00, 0.00, 0.00, 1.00, 0.00, 0.00, 0.00, 0.00, 0.00, 0.00, 0.00, 0.00
1869,  0,  31.133,  0.98,  1, 0.02, 0.00, 1.15, 0.16, 0.93, 1.09, 0.00, 0.95, 0.90, 1.21, 0.04, 0.93, 0.10, 0.08, 0.19, 0.15, 0.00, 0.00, 0.00, 1.00, 0.00, 0.00, 1.00, 0.00, 0.00, 0.00, 1.00, 0.00, 0.00, 0.00, 0.00, 0.00, 0.00, 0.00, 0.00
1870,  0,  31.150,  0.98,  1, 0.02, 0.00, 1.24, 0.16, 1.05, 1.26, 0.00, 0.86, 0.89, 1.30, 0.04, 1.14, 0.13, 0.08, 0.14, 0.18, 0.00, 0.00, 0.00, 1.00, 0.00, 0.00, 1.00, 0.00, 0.00, 0.00, 1.00, 0.00, 0.00, 0.00, 0.00, 0.00, 0.00, 0.00, 0.00
1871,  0,  31.167,  0.98,  1, 0.00, 0.00, 1.12, 0.00, 1.04, 1.06, 0.00, 0.81, 0.84, 1.21, 0.09, 1.15, 0.18, 0.09, 0.24, 0.13, 0.00, 0.00, 0.00, 1.00, 0.00, 0.00, 1.00, 0.00, 0.00, 0.00, 1.00, 0.00, 0.00, 0.00, 0.00, 0.00, 0.00, 0.00, 0.00
1872,  0,  31.183,  0.98,  1, 0.00, 0.00, 1.14, 0.00, 1.06, 1.03, 0.00, 0.91, 0.81, 1.26, 0.09, 1.15, 0.29, 0.06, 0.18, 0.16, 0.00, 0.00, 0.00, 1.00, 0.00, 0.00, 1.00, 0.00, 0.00, 0.00, 1.00, 0.00, 1.00, 0.00, 0.00, 0.00, 0.00, 0.00, 0.00
1873,  0,  31.200,  0.98,  1, 0.02, 0.00, 1.04, 0.13, 1.05, 1.10, 0.00, 0.98, 0.80, 1.13, 0.18, 1.20, 0.19, 0.08, 0.11, 0.08, 0.00, 0.00, 0.00, 1.00, 0.00, 0.00, 1.00, 0.00, 0.00, 0.00, 1.00, 0.00, 1.00, 0.00, 0.00, 0.00, 0.00, 0.00, 0.00
1874,  0,  31.217,  0.98,  1, 0.02, 0.00, 1.02, 0.13, 0.98, 1.16, 0.00, 0.97, 0.82, 1.19, 0.09, 1.26, 0.29, 0.14, 0.02, 0.15, 0.00, 0.00, 0.00, 1.00, 0.00, 0.00, 1.00, 0.00, 0.00, 0.00, 1.00, 0.00, 1.00, 0.00, 0.00, 0.00, 0.00, 0.00, 0.00
1875,  0,  31.233,  0.98,  1, 0.02, 0.00, 0.95, 0.13, 1.03, 1.11, 0.00, 0.96, 0.87, 1.33, 0.21, 1.35, 0.18, 0.14, 0.18, 0.12, 0.00, 0.00, 0.00, 1.00, 0.00, 0.00, 1.00, 0.00, 0.00, 0.00, 1.00, 0.00, 1.00, 0.00, 0.00, 0.00, 0.00, 0.00, 0.00
1876,  0,  31.250,  0.98,  1, 0.00, 0.00, 1.04, 0.00, 1.00, 0.93, 0.00, 0.96, 0.89, 1.50, 0.14, 1.19, 0.28, 0.12, 0.19, 0.13, 0.00, 0.00, 0.00, 1.00, 0.00, 0.00, 1.00, 0.00, 0.00, 0.00, 1.00, 0.00, 1.00, 0.00, 0.00, 0.00, 0.00, 0.00, 0.00
1877,  0,  31.267,  0.98,  1, 0.00, 0.00, 0.93, 0.11, 1.01, 0.83, 0.00, 0.99, 0.88, 1.50, 0.15, 1.05, 0.13, 0.14, 0.35, 0.13, 0.00, 0.00, 0.00, 1.00, 0.00, 0.00, 1.00, 0.00, 0.00, 0.00, 1.00, 0.00, 1.00, 0.00, 0.00, 0.00, 0.00, 0.00, 0.00
1878,  0,  31.283,  0.98,  1, 0.00, 0.00, 1.05, 0.11, 1.00, 0.83, 0.00, 0.85, 0.88, 1.41, 0.08, 1.03, 0.14, 0.14, 0.27, 0.13, 0.00, 0.00, 0.00, 1.00, 0.00, 0.00, 1.00, 0.00, 0.00, 0.00, 1.00, 0.00, 1.00, 0.00, 0.00, 0.00, 0.00, 0.00, 0.00
1879,  0,  31.300,  0.98,  1, 0.05, 0.08, 1.04, 0.11, 0.97, 0.88, 0.00, 0.84, 0.84, 1.35, 0.12, 1.13, 0.17, 0.17, 0.38, 0.10, 0.00, 0.00, 0.00, 1.00, 0.00, 0.00, 1.00, 0.00, 0.00, 0.00, 1.00, 0.00, 1.00, 0.00, 0.00, 0.00, 0.00, 0.00, 0.00
1880,  0,  31.317,  0.98,  1, 0.05, 0.08, 1.08, 0.00, 0.94, 1.09, 0.00, 0.81, 0.82, 1.31, 0.11, 1.17, 0.19, 0.11, 0.35, 0.13, 0.00, 0.00, 0.00, 1.00, 0.00, 0.00, 1.00, 0.00, 0.00, 0.00, 1.00, 0.00, 1.00, 0.00, 0.00, 0.00, 0.00, 0.00, 0.00
1881,  0,  31.333,  0.98,  1, 0.08, 0.08, 0.99, 0.11, 0.88, 1.17, 0.00, 0.86, 0.80, 1.24, 0.11, 1.21, 0.15, 0.14, 0.28, 0.14, 0.00, 0.00, 0.00, 1.00, 0.00, 0.00, 1.00, 0.00, 0.00, 0.00, 1.00, 0.00, 1.00, 0.00, 0.00, 0.00, 0.00, 0.00, 0.00
1882,  0,  31.350,  0.98,  1, 0.03, 0.00, 0.98, 0.11, 0.92, 1.17, 0.00, 0.96, 0.86, 1.29, 0.06, 1.19, 0.09, 0.16, 0.18, 0.17, 0.00, 0.00, 0.00, 1.00, 0.00, 0.00, 1.00, 0.00, 0.00, 0.00, 1.00, 0.00, 1.00, 0.00, 0.00, 0.00, 0.00, 0.00, 0.00
1883,  0,  31.367,  0.98,  1, 0.03, 0.00, 1.03, 0.16, 0.92, 1.07, 0.00, 0.93, 0.90, 1.33, 0.06, 1.15, 0.08, 0.22, 0.07, 0.08, 0.00, 0.00, 0.00, 1.00, 0.00, 0.00, 1.00, 0.00, 0.00, 0.00, 1.00, 0.00, 1.00, 0.00, 0.00, 0.00, 0.00, 0.00, 0.00
1884,  0,  31.383,  0.98,  1, 0.00, 0.00, 1.08, 0.10, 0.95, 1.12, 0.00, 0.84, 0.87, 1.35, 0.01, 1.11, 0.31, 0.23, 0.10, 0.15, 0.00, 0.00, 0.00, 1.00, 0.00, 0.00, 1.00, 0.00, 0.00, 0.00, 1.00, 0.00, 1.00, 0.00, 0.00, 0.00, 0.00, 0.00, 0.00
1885,  0,  31.400,  0.98,  1, 0.00, 0.00, 1.03, 0.10, 0.94, 1.10, 0.00, 0.83, 0.86, 1.28, 0.00, 1.12, 0.26, 0.22, 0.15, 0.14, 0.00, 0.00, 0.00, 1.00, 0.00, 0.00, 1.00, 0.00, 0.00, 0.00, 1.00, 0.00, 1.00, 0.00, 0.00, 0.00, 0.00, 0.00, 0.00
1886,  0,  31.417,  0.98,  1, 0.00, 0.00, 1.07, 0.05, 0.91, 1.31, 0.00, 0.77, 0.81, 1.27, 0.00, 1.24, 0.25, 0.20, 0.22, 0.13, 0.00, 0.00, 0.00, 1.00, 0.00, 0.00, 1.00, 0.00, 0.00, 0.00, 1.00, 0.00, 1.00, 0.00, 0.00, 0.00, 0.00, 0.00, 0.00
1887,  0,  31.433,  0.98,  1, 0.00, 0.14, 0.99, 0.00, 0.89, 1.14, 0.00, 0.84, 0.89, 1.33, 0.02, 1.18, 0.13, 0.18, 0.16, 0.09, 0.00, 0.00, 0.00, 1.00, 0.00, 0.00, 1.00, 0.00, 0.00, 0.00, 1.00, 0.00, 1.00, 0.00, 0.00, 0.00, 0.00, 0.00, 0.00
1888,  0,  31.450,  0.98,  1, 0.00, 0.14, 0.91, 0.00, 0.90, 1.16, 0.00, 0.78, 0.82, 1.19, 0.02, 1.21, 0.18, 0.19, 0.12, 0.12, 0.00, 0.00, 0.00, 1.00, 0.00, 0.00, 1.00, 0.00, 0.00, 0.00, 1.00, 0.00, 1.00, 0.00, 0.00, 0.00, 0.00, 0.00, 0.00
1889,  0,  31.467,  0.98,  1, 0.00, 0.14, 0.80, 0.00, 0.94, 1.00, 0.00, 0.83, 0.84, 1.20, 0.03, 1.15, 0.26, 0.15, 0.11, 0.17, 0.00, 0.00, 0.00, 1.00, 0.00, 0.00, 1.00, 0.00, 0.00, 0.00, 1.00, 0.00, 1.00, 0.00, 0.00, 0.00, 0.00, 0.00, 0.00
1890,  0,  31.483,  0.98,  1, 0.00, 0.00, 0.79, 0.00, 0.95, 1.06, 0.00, 0.90, 0.80, 1.17, 0.01, 1.20, 0.15, 0.11, 0.27, 0.20, 0.00, 0.00, 0.00, 1.00, 0.00, 0.00, 1.00, 0.00, 0.00, 0.00, 1.00, 0.00, 1.00, 0.00, 0.00, 0.00, 0.00, 0.00, 0.00
1891,  0,  31.500,  0.98,  1, 0.02, 0.00, 0.91, 0.00, 0.93, 0.77, 0.00, 0.90, 0.83, 1.40, 0.01, 1.04, 0.17, 0.05, 0.47, 0.24, 0.00, 0.00, 0.00, 1.00, 0.00, 0.00, 1.00, 0.00, 0.00, 0.00, 1.00, 0.00, 1.00, 0.00, 0.00, 0.00, 0.00, 0.00, 0.00
1892,  0,  31.517,  0.98,  1, 0.02, 0.00, 0.92, 0.00, 0.87, 0.85, 0.00, 0.81, 0.81, 1.29, 0.06, 1.06, 0.09, 0.00, 0.46, 0.27, 0.00, 0.00, 0.00, 1.00, 0.00, 0.00, 1.00, 0.00, 0.00, 0.00, 1.00, 0.00, 1.00, 0.00, 0.00, 0.00, 0.00, 0.00, 0.00
1893,  0,  31.533,  0.98,  1, 0.02, 0.08, 1.06, 0.00, 0.91, 0.95, 0.00, 0.68, 0.84, 1.25, 0.08, 1.10, 0.08, 0.00, 0.45, 0.31, 0.00, 0.00, 0.00, 1.00, 0.00, 0.00, 1.00, 0.00, 0.00, 0.00, 1.00, 0.00, 1.00, 0.00, 0.00, 0.00, 0.00, 0.00, 0.00
1894,  0,  31.550,  0.98,  1, 0.00, 0.09, 1.12, 0.01, 0.88, 1.07, 0.00, 0.61, 0.75, 1.11, 0.08, 1.19, 0.05, 0.06, 0.36, 0.22, 0.00, 0.00, 0.00, 1.00, 0.00, 0.00, 1.00, 0.00, 0.00, 0.00, 1.00, 0.00, 0.00, 0.00, 0.00, 0.00, 0.00, 0.00, 0.00
1895,  0,  31.567,  0.98,  1, 0.03, 0.09, 1.02, 0.02, 0.92, 0.92, 0.00, 0.74, 0.79, 1.12, 0.03, 1.01, 0.06, 0.06, 0.31, 0.14, 0.00, 0.00, 0.00, 1.00, 0.00, 0.00, 1.00, 0.00, 0.00, 0.00, 1.00, 0.00, 1.00, 0.00, 0.00, 0.00, 0.00, 0.00, 0.00
1896,  0,  31.583,  0.98,  1, 0.05, 0.01, 0.96, 0.02, 0.90, 0.87, 0.00, 0.79, 0.74, 1.12, 0.03, 0.94, 0.07, 0.06, 0.28, 0.10, 0.00, 0.00, 0.00, 1.00, 0.00, 0.00, 1.00, 0.00, 0.00, 0.00, 1.00, 0.00, 1.00, 0.00, 0.00, 0.00, 0.00, 0.00, 0.00
1897,  0,  31.600,  0.98,  1, 0.13, 0.01, 0.95, 0.01, 0.94, 1.24, 0.00, 0.88, 0.80, 1.14, 0.08, 0.90, 0.01, 0.01, 0.22, 0.10, 0.04, 0.00, 0.00, 1.00, 0.00, 0.00, 1.00, 0.00, 0.00, 0.00, 1.00, 0.00, 0.00, 0.00, 0.00, 0.00, 0.00, 0.00, 0.00
1898,  0,  31.617,  0.98,  1, 0.22, 0.01, 1.11, 0.00, 0.97, 1.42, 0.00, 1.00, 0.84, 1.14, 0.13, 0.96, 0.14, 0.01, 0.34, 0.27, 0.06, 0.00, 1.00, 1.00, 0.00, 0.00, 1.00, 0.00, 0.00, 0.00, 1.00, 0.00, 0.00, 0.00, 0.00, 0.00, 0.00, 0.00, 0.00
1899,  0,  31.633,  0.98,  1, 0.31, 0.01, 1.07, 0.00, 1.01, 1.43, 0.00, 1.10, 0.95, 1.13, 0.13, 1.01, 0.28, 0.00, 0.41, 0.24, 0.17, 0.00, 1.00, 0.00, 0.00, 0.00, 1.00, 0.00, 0.00, 0.00, 1.00, 0.00, 0.00, 0.00, 0.00, 0.00, 0.00, 0.00, 0.00
1900,  0,  31.650,  0.98,  1, 0.58, 0.06, 0.94, 0.00, 1.00, 1.08, 0.00, 1.11, 1.05, 1.12, 0.11, 0.99, 0.34, 0.00, 0.45, 0.28, 0.52, 0.00, 1.00, 0.00, 0.00, 0.00, 1.00, 0.00, 0.00, 0.00, 1.00, 0.00, 0.00, 0.00, 0.00, 0.00, 0.00, 0.00, 1.00
1901,  0,  31.667,  0.98,  1, 0.81, 0.06, 0.95, 0.00, 0.94, 1.00, 0.00, 0.91, 1.06, 1.22, 0.10, 0.96, 0.21, 0.00, 0.50, 0.09, 0.90, 0.00, 1.00, 0.00, 0.00, 0.00, 1.00, 0.00, 0.00, 0.00, 1.00, 0.00, 0.00, 0.00, 0.00, 0.00, 0.00, 0.00, 1.00
1902,  0,  31.683,  0.98,  1, 1.00, 0.20, 0.85, 0.00, 0.81, 0.74, 0.00, 0.87, 1.03, 1.16, 0.19, 0.97, 0.06, 0.00, 0.50, 0.12, 0.98, 1.00, 1.00, 0.00, 0.00, 0.00, 1.00, 0.00, 0.00, 0.00, 1.00, 0.00, 0.00, 0.00, 0.00, 0.00, 0.00, 0.00, 1.00
1903,  0,  31.700,  0.98,  1, 0.90, 0.14, 0.93, 0.00, 0.80, 0.83, 0.00, 0.89, 1.04, 1.38, 0.24, 0.83, 0.00, 0.00, 0.60, 0.20, 0.74, 1.00, 0.00, 0.00, 0.00, 0.00, 1.00, 0.00, 0.00, 0.00, 1.00, 0.00, 0.00, 0.00, 0.00, 0.00, 0.00, 0.00, 1.00
1904,  0,  31.717,  0.98,  1, 0.83, 0.14, 0.96, 0.00, 0.95, 0.81, 0.00, 0.93, 1.02, 1.46, 0.31, 1.04, 0.09, 0.00, 0.41, 0.20, 0.50, 1.00, 0.00, 0.00, 0.00, 0.00, 1.00, 0.00, 0.00, 0.00, 1.00, 0.00, 0.00, 0.00, 0.00, 0.00, 0.00, 0.00, 1.00
1905,  0,  31.733,  0.98,  1, 0.62, 0.00, 1.13, 0.00, 1.07, 1.20, 0.00, 0.88, 1.06, 1.50, 0.26, 1.06, 0.20, 0.00, 0.30, 0.15, 0.64, 0.00, 0.00, 1.00, 0.00, 0.00, 1.00, 0.00, 0.00, 0.00, 1.00, 0.00, 0.00, 0.00, 0.00, 0.00, 0.00, 0.00, 1.00
1906,  0,  31.750,  0.98,  1, 0.46, 0.02, 1.25, 0.00, 1.20, 1.40, 0.00, 0.87, 1.02, 1.25, 0.19, 1.26, 0.27, 0.00, 0.18, 0.04, 0.80, 0.00, 0.00, 1.00, 0.00, 0.00, 1.00, 0.00, 0.00, 0.00, 1.00, 0.00, 0.00, 0.00, 0.00, 0.00, 0.00, 0.00, 1.00
1907,  0,  31.767,  0.98,  1, 0.25, 0.06, 1.42, 0.00, 1.22, 1.64, 0.00, 0.87, 1.03, 1.28, 0.08, 1.14, 0.20, 0.00, 0.23, 0.12, 0.83, 0.00, 0.00, 1.00, 0.00, 0.00, 1.00, 0.00, 0.00, 0.00, 1.00, 0.00, 0.00, 0.00, 0.00, 0.00, 0.00, 0.00, 1.00
1908,  0,  31.783,  0.98,  1, 0.23, 0.07, 1.36, 0.00, 1.24, 1.76, 0.00, 0.92, 1.01, 1.30, 0.00, 1.10, 0.12, 0.00, 0.28, 0.19, 0.50, 0.00, 0.00, 1.00, 0.00, 0.00, 1.00, 0.00, 0.00, 0.00, 1.00, 0.00, 1.00, 0.00, 0.00, 0.00, 0.00, 0.00, 1.00
1909,  0,  31.800,  0.98,  1, 0.18, 0.19, 1.25, 0.00, 1.17, 1.77, 0.00, 0.89, 1.01, 1.43, 0.04, 1.17, 0.05, 0.00, 0.21, 0.32, 0.24, 0.00, 0.00, 1.00, 0.00, 0.00, 1.00, 0.00, 0.00, 0.00, 1.00, 0.00, 1.00, 0.00, 0.00, 0.00, 0.00, 0.00, 1.00
1910,  0,  31.817,  0.98,  1, 0.19, 0.28, 1.17, 0.00, 1.09, 1.79, 0.00, 0.95, 1.02, 1.31, 0.04, 1.17, 0.08, 0.00, 0.23, 0.28, 0.08, 0.00, 0.00, 1.00, 0.00, 0.00, 1.00, 0.00, 0.00, 0.00, 1.00, 0.00, 1.00, 0.00, 0.00, 0.00, 0.00, 0.00, 1.00
1911,  0,  31.833,  0.98,  1, 0.12, 0.27, 1.17, 0.00, 1.01, 1.53, 0.00, 0.99, 0.97, 1.34, 0.04, 1.19, 0.05, 0.00, 0.12, 0.21, 0.16, 0.00, 0.00, 1.00, 0.00, 0.00, 1.00, 0.00, 0.00, 0.00, 1.00, 0.00, 1.00, 0.00, 0.00, 0.00, 0.00, 0.00, 1.00
1912,  0,  31.850,  0.98,  1, 0.09, 0.13, 1.09, 0.00, 0.91, 1.40, 0.00, 0.97, 0.89, 1.25, 0.04, 1.20, 0.05, 0.02, 0.19, 0.15, 0.11, 0.00, 0.00, 1.00, 0.00, 0.00, 1.00, 0.00, 0.00, 0.00, 1.00, 0.00, 1.00, 0.00, 0.00, 0.00, 0.00, 0.00, 0.00
1913,  0,  31.867,  0.98,  1, 0.00, 0.00, 0.94, 0.00, 0.89, 1.34, 0.00, 0.90, 0.85, 1.30, 0.05, 1.24, 0.00, 0.02, 0.16, 0.21, 0.08, 0.00, 0.00, 1.00, 0.00, 0.00, 1.00, 0.00, 0.00, 0.00, 1.00, 0.00, 1.00, 0.00, 0.00, 0.00, 0.00, 0.00, 0.00
1914,  0,  31.883,  0.98,  1, 0.00, 0.00, 1.00, 0.00, 0.93, 1.53, 0.00, 0.80, 0.84, 1.17, 0.10, 1.19, 0.16, 0.02, 0.22, 0.21, 0.01, 0.00, 0.00, 1.00, 0.00, 0.00, 1.00, 0.00, 0.00, 0.00, 1.00, 0.00, 0.00, 0.00, 0.00, 0.00, 0.00, 0.00, 0.00
1915,  0,  31.900,  0.98,  1, 0.00, 0.00, 1.06, 0.00, 1.02, 1.43, 0.00, 0.76, 0.85, 1.07, 0.06, 1.08, 0.16, 0.00, 0.13, 0.21, 0.02, 0.00, 0.00, 1.00, 0.00, 0.00, 1.00, 0.00, 0.00, 0.00, 1.00, 0.00, 0.00, 0.00, 0.00, 0.00, 0.00, 0.00, 0.00
1916,  0,  31.917,  0.98,  1, 0.00, 0.00, 1.02, 0.00, 0.97, 1.43, 0.00, 0.85, 0.86, 0.98, 0.05, 1.02, 0.16, 0.02, 0.19, 0.18, 0.02, 0.00, 0.00, 1.00, 0.00, 0.00, 1.00, 0.00, 0.00, 0.00, 1.00, 0.00, 0.00, 0.00, 0.00, 0.00, 0.00, 0.00, 0.00
1917,  0,  31.933,  0.98,  1, 0.00, 0.00, 0.85, 0.00, 0.94, 1.32, 0.00, 0.75, 0.88, 1.10, 0.00, 1.18, 0.00, 0.05, 0.12, 0.21, 0.02, 0.00, 0.00, 1.00, 0.00, 0.00, 1.00, 0.00, 0.00, 0.00, 1.00, 0.00, 0.00, 0.00, 0.00, 0.00, 0.00, 0.00, 0.00
1918,  0,  31.950,  0.98,  1, 0.00, 0.00, 0.89, 0.00, 0.92, 1.32, 0.00, 0.70, 0.87, 1.15, 0.00, 1.22, 0.00, 0.05, 0.25, 0.23, 0.00, 0.00, 0.00, 1.00, 0.00, 0.00, 1.00, 0.00, 0.00, 0.00, 1.00, 0.00, 0.00, 0.00, 0.00, 0.00, 0.00, 0.00, 0.00
1919,  0,  31.967,  0.98,  1, 0.00, 0.10, 0.92, 0.00, 0.92, 1.22, 0.00, 0.72, 0.88, 1.17, 0.03, 1.35, 0.00, 0.04, 0.22, 0.31, 0.00, 0.00, 0.00, 1.00, 0.00, 0.00, 1.00, 0.00, 0.00, 0.00, 1.00, 0.00, 1.00, 0.00, 0.00, 0.00, 0.00, 0.00, 0.00
1920,  0,  31.983,  0.98,  1, 0.09, 0.12, 0.99, 0.00, 0.98, 1.17, 0.00, 0.88, 0.83, 1.13, 0.03, 1.19, 0.00, 0.01, 0.29, 0.24, 0.00, 0.00, 0.00, 1.00, 0.00, 0.00, 1.00, 0.00, 0.00, 0.00, 1.00, 0.00, 1.00, 0.00, 0.00, 0.00, 0.00, 0.00, 0.00
1921,  0,  32.000,  0.98,  1, 0.09, 0.12, 0.95, 0.00, 0.95, 1.15, 0.00, 0.89, 0.84, 1.22, 0.10, 1.26, 0.07, 0.07, 0.20, 0.30, 0.00, 0.00, 0.00, 1.00, 0.00, 0.00, 1.00, 0.00, 0.00, 0.00, 1.00, 0.00, 1.00, 0.00, 0.00, 0.00, 0.00, 0.00, 0.00
1922,  0,  32.017,  0.98,  1, 0.09, 0.02, 0.94, 0.00, 0.91, 0.97, 0.00, 0.85, 0.89, 1.24, 0.08, 1.16, 0.07, 0.11, 0.21, 0.20, 0.00, 0.00, 0.00, 1.00, 0.00, 0.00, 1.00, 0.00, 0.00, 0.00, 1.00, 0.00, 1.00, 0.00, 0.00, 0.00, 0.00, 0.00, 0.00
1923,  0,  32.033,  0.98,  1, 0.00, 0.00, 0.96, 0.00, 0.83, 0.92, 0.00, 0.90, 0.95, 1.35, 0.14, 1.38, 0.07, 0.16, 0.31, 0.40, 0.00, 0.00, 0.00, 1.00, 0.00, 0.00, 1.00, 0.00, 0.00, 0.00, 1.00, 0.00, 1.00, 0.00, 0.00, 0.00, 0.00, 0.00, 0.00
1924,  0,  32.050,  0.98,  1, 0.01, 0.00, 0.87, 0.00, 0.84, 0.93, 0.00, 1.02, 0.96, 1.33, 0.07, 1.32, 0.00, 0.15, 0.36, 0.32, 0.00, 0.00, 0.00, 1.00, 0.00, 0.00, 1.00, 0.00, 0.00, 0.00, 1.00, 0.00, 1.00, 0.00, 0.00, 0.00, 0.00, 0.00, 0.00
1925,  0,  32.067,  0.98,  1, 0.01, 0.12, 0.90, 0.10, 0.86, 1.01, 0.00, 1.02, 0.96, 1.32, 0.07, 1.27, 0.00, 0.15, 0.30, 0.34, 0.00, 0.00, 0.00, 0.00, 0.00, 0.00, 1.00, 0.00, 0.00, 0.00, 1.00, 0.00, 1.00, 0.00, 0.00, 0.00, 0.00, 0.00, 0.00
1926,  0,  32.083,  0.98,  1, 0.01, 0.12, 0.90, 0.13, 0.91, 1.17, 0.00, 0.84, 0.89, 1.22, 0.00, 1.14, 0.00, 0.11, 0.20, 0.24, 0.00, 0.00, 0.00, 0.00, 0.00, 0.00, 1.00, 0.00, 0.00, 0.00, 1.00, 0.00, 1.00, 0.00, 0.00, 0.00, 0.00, 0.00, 0.00
1927,  0,  32.100,  0.98,  1, 0.00, 0.12, 0.88, 0.14, 0.88, 1.00, 0.00, 0.74, 0.88, 1.21, 0.00, 1.11, 0.10, 0.15, 0.24, 0.19, 0.00, 0.00, 0.00, 0.00, 0.00, 0.00, 1.00, 0.00, 0.00, 0.00, 1.00, 0.00, 1.00, 0.00, 0.00, 0.00, 0.00, 0.00, 0.00
1928,  0,  32.117,  0.98,  1, 0.00, 0.00, 0.73, 0.04, 0.82, 0.97, 0.00, 0.60, 0.83, 1.23, 0.00, 1.14, 0.10, 0.13, 0.30, 0.16, 0.00, 0.00, 0.00, 0.00, 0.00, 0.00, 1.00, 0.00, 0.00, 0.00, 1.00, 0.00, 1.00, 0.00, 0.00, 0.00, 0.00, 0.00, 0.00
1929,  0,  32.133,  0.98,  1, 0.00, 0.00, 0.61, 0.02, 0.77, 0.73, 0.00, 0.71, 0.83, 1.33, 0.02, 1.19, 0.10, 0.16, 0.35, 0.22, 0.01, 0.00, 0.00, 0.00, 0.00, 0.00, 1.00, 0.00, 0.00, 0.00, 1.00, 0.00, 1.00, 0.00, 0.00, 0.00, 0.00, 0.00, 0.00
1930,  0,  32.150,  0.98,  1, 0.07, 0.00, 0.72, 0.00, 0.75, 0.86, 0.00, 0.83, 0.84, 1.40, 0.02, 1.17, 0.00, 0.08, 0.38, 0.23, 0.01, 0.00, 0.00, 0.00, 0.00, 0.00, 1.00, 0.00, 0.00, 0.00, 1.00, 0.00, 1.00, 0.00, 0.00, 0.00, 0.00, 0.00, 0.00
1931,  0,  32.167,  0.98,  1, 0.07, 0.00, 0.85, 0.00, 0.76, 0.91, 0.00, 0.81, 0.81, 1.38, 0.08, 1.28, 0.00, 0.08, 0.36, 0.29, 0.01, 0.00, 0.00, 0.00, 0.00, 0.00, 1.00, 0.00, 0.00, 0.00, 1.00, 0.00, 1.00, 0.00, 0.00, 0.00, 0.00, 0.00, 0.00
1932,  0,  32.183,  0.98,  1, 0.07, 0.00, 0.98, 0.00, 0.73, 0.83, 0.00, 0.78, 0.83, 1.42, 0.06, 1.22, 0.05, 0.10, 0.25, 0.19, 0.00, 0.00, 0.00, 1.00, 0.00, 0.00, 1.00, 0.00, 0.00, 0.00, 1.00, 0.00, 1.00, 0.00, 0.00, 0.00, 0.00, 0.00, 0.00
1933,  0,  32.200,  0.98,  1, 0.00, 0.03, 1.03, 0.00, 0.76, 0.94, 0.00, 0.73, 0.85, 1.34, 0.06, 1.24, 0.12, 0.15, 0.25, 0.28, 0.00, 0.00, 0.00, 1.00, 0.00, 0.00, 1.00, 0.00, 0.00, 0.00, 1.00, 0.00, 1.00, 0.00, 0.00, 0.00, 0.00, 0.00, 0.00
1934,  0,  32.217,  0.98,  1, 0.00, 0.03, 1.09, 0.00, 0.75, 0.85, 0.00, 0.80, 0.86, 1.39, 0.00, 1.25, 0.19, 0.16, 0.19, 0.20, 0.00, 0.00, 0.00, 1.00, 0.00, 0.00, 1.00, 0.00, 0.00, 0.00, 1.00, 0.00, 1.00, 0.00, 0.00, 0.00, 0.00, 0.00, 0.00
1935,  0,  32.233,  0.98,  1, 0.01, 0.03, 1.03, 0.00, 0.81, 1.19, 0.00, 0.83, 0.84, 1.18, 0.00, 1.21, 0.13, 0.11, 0.26, 0.24, 0.00, 0.00, 0.00, 1.00, 0.00, 0.00, 1.00, 0.00, 0.00, 0.00, 1.00, 0.00, 1.00, 0.00, 0.00, 0.00, 0.00, 0.00, 0.00
1936,  0,  32.250,  0.98,  1, 0.01, 0.00, 0.95, 0.00, 0.82, 1.18, 0.00, 0.88, 0.84, 1.28, 0.01, 1.32, 0.07, 0.11, 0.12, 0.22, 0.00, 0.00, 0.00, 1.00, 0.00, 0.00, 1.00, 0.00, 0.00, 0.00, 1.00, 0.00, 1.00, 0.00, 0.00, 0.00, 0.00, 0.00, 0.00
1937,  0,  32.267,  0.98,  1, 0.01, 0.00, 0.91, 0.00, 0.88, 1.15, 0.00, 0.92, 0.83, 1.18, 0.01, 1.18, 0.00, 0.11, 0.19, 0.21, 0.00, 0.00, 0.00, 1.00, 0.00, 0.00, 1.00, 0.00, 0.00, 0.00, 1.00, 0.00, 1.00, 0.00, 0.00, 0.00, 0.00, 0.00, 0.00
1938,  0,  32.283,  0.98,  1, 0.01, 0.00, 1.01, 0.00, 0.79, 0.67, 0.00, 0.82, 0.86, 1.22, 0.01, 1.13, 0.01, 0.16, 0.19, 0.17, 0.00, 0.00, 0.00, 1.00, 0.00, 0.00, 1.00, 0.00, 0.00, 0.00, 1.00, 0.00, 1.00, 0.00, 0.00, 0.00, 0.00, 0.00, 0.00
1939,  0,  32.300,  0.98,  1, 0.03, 0.03, 1.11, 0.00, 0.73, 0.57, 0.00, 0.78, 0.82, 1.03, 0.02, 1.07, 0.01, 0.16, 0.32, 0.20, 0.00, 0.00, 0.00, 1.00, 0.00, 0.00, 1.00, 0.00, 0.00, 0.00, 1.00, 0.00, 1.00, 0.00, 0.00, 0.00, 0.00, 0.00, 0.00
1940,  0,  32.317,  0.98,  1, 0.07, 0.17, 1.08, 0.00, 0.74, 0.67, 0.00, 0.74, 0.78, 1.16, 0.02, 1.09, 0.04, 0.13, 0.28, 0.23, 0.00, 0.00, 0.00, 1.00, 0.00, 0.00, 1.00, 0.00, 0.00, 0.00, 1.00, 0.00, 0.00, 0.00, 0.00, 0.00, 0.00, 0.00, 0.00
1941,  0,  32.333,  0.98,  1, 0.06, 0.33, 1.04, 0.00, 0.82, 1.10, 0.00, 0.78, 0.70, 1.03, 0.02, 1.22, 0.02, 0.10, 0.19, 0.28, 0.00, 0.00, 0.00, 1.00, 0.00, 0.00, 1.00, 0.00, 0.00, 0.00, 1.00, 0.00, 0.00, 0.00, 0.00, 0.00, 0.00, 0.00, 0.00
1942,  0,  32.350,  0.98,  1, 0.04, 0.30, 0.92, 0.00, 0.85, 1.18, 0.00, 0.68, 0.68, 1.02, 0.00, 1.07, 0.05, 0.16, 0.20, 0.23, 0.00, 0.00, 0.00, 1.00, 0.00, 0.00, 1.00, 0.00, 0.00, 0.00, 1.00, 0.00, 1.00, 0.00, 0.00, 0.00, 0.00, 0.00, 0.00
1943,  0,  32.367,  0.98,  1, 0.02, 0.23, 0.99, 0.00, 0.82, 1.06, 0.00, 0.79, 0.73, 1.10, 0.00, 1.12, 0.03, 0.16, 0.15, 0.28, 0.00, 0.00, 0.00, 1.00, 0.00, 0.00, 1.00, 0.00, 0.00, 0.00, 1.00, 0.00, 1.00, 0.00, 0.00, 0.00, 0.00, 0.00, 0.00
1944,  0,  32.383,  0.98,  1, 0.02, 0.06, 0.98, 0.00, 0.86, 0.98, 0.00, 0.86, 0.81, 1.33, 0.01, 1.01, 0.03, 0.16, 0.16, 0.21, 0.00, 0.00, 0.00, 1.00, 0.00, 0.00, 1.00, 0.00, 0.00, 0.00, 1.00, 0.00, 1.00, 0.00, 0.00, 0.00, 0.00, 0.00, 0.00
1945,  0,  32.400,  0.98,  1, 0.06, 0.07, 1.13, 0.00, 0.85, 1.04, 0.00, 0.94, 0.88, 1.34, 0.01, 1.12, 0.00, 0.14, 0.04, 0.16, 0.00, 0.00, 0.00, 1.00, 0.00, 0.00, 1.00, 0.00, 0.00, 0.00, 1.00, 0.00, 1.00, 0.00, 0.00, 0.00, 0.00, 0.00, 0.00
1946,  0,  32.417,  0.98,  1, 0.09, 0.01, 1.07, 0.00, 0.97, 1.11, 0.00, 0.84, 0.88, 1.29, 0.01, 1.14, 0.02, 0.13, 0.18, 0.18, 0.00, 0.00, 0.00, 1.00, 0.00, 0.00, 1.00, 0.00, 0.00, 0.00, 1.00, 0.00, 1.00, 0.00, 0.00, 0.00, 0.00, 0.00, 0.00
1947,  0,  32.433,  0.98,  1, 0.18, 0.01, 1.17, 0.00, 1.03, 1.26, 0.00, 0.80, 0.85, 1.19, 0.01, 1.20, 0.08, 0.09, 0.25, 0.16, 0.18, 0.00, 0.00, 1.00, 0.00, 0.00, 1.00, 0.00, 0.00, 0.00, 1.00, 0.00, 1.00, 0.00, 0.00, 0.00, 0.00, 0.00, 0.00
1948,  0,  32.450,  0.98,  1, 0.35, 0.08, 1.09, 0.00, 1.14, 1.08, 0.00, 0.88, 0.96, 1.33, 0.07, 1.15, 0.08, 0.01, 0.43, 0.19, 0.45, 0.00, 1.00, 1.00, 0.00, 0.00, 1.00, 0.00, 0.00, 0.00, 1.00, 0.00, 1.00, 0.00, 0.00, 0.00, 0.00, 0.00, 1.00
1949,  0,  32.467,  0.98,  1, 0.63, 0.35, 1.16, 0.00, 1.01, 0.90, 0.00, 0.88, 1.02, 1.32, 0.07, 1.07, 0.10, 0.00, 0.36, 0.12, 0.76, 0.00, 1.00, 1.00, 0.00, 0.00, 1.00, 0.00, 0.00, 0.00, 1.00, 0.00, 1.00, 0.00, 0.00, 0.00, 0.00, 0.00, 1.00
1950,  0,  32.483,  0.98,  1, 0.83, 0.48, 0.97, 0.00, 0.92, 0.52, 0.00, 0.83, 1.09, 1.32, 0.15, 0.99, 0.05, 0.00, 0.37, 0.25, 1.01, 1.00, 1.00, 1.00, 0.00, 0.00, 1.00, 0.00, 0.00, 0.00, 1.00, 0.00, 0.00, 0.00, 0.00, 0.00, 0.00, 0.00, 1.00
1951,  0,  32.500,  0.98,  1, 0.94, 0.46, 0.98, 0.00, 0.90, 0.60, 0.00, 0.74, 1.00, 1.44, 0.09, 0.98, 0.12, 0.00, 0.26, 0.27, 1.02, 1.00, 1.00, 1.00, 0.00, 0.00, 1.00, 0.00, 0.00, 0.00, 1.00, 0.00, 0.00, 0.00, 0.00, 0.00, 0.00, 0.00, 1.00
1952,  0,  32.517,  0.98,  1, 0.85, 0.35, 1.01, 0.00, 0.93, 0.90, 0.00, 0.73, 1.02, 1.44, 0.16, 0.92, 0.07, 0.00, 0.23, 0.29, 0.90, 1.00, 1.00, 1.00, 0.00, 0.00, 1.00, 0.00, 0.00, 0.00, 1.00, 0.00, 0.00, 0.00, 0.00, 0.00, 0.00, 0.00, 1.00
1953,  0,  32.533,  0.98,  1, 0.68, 0.23, 1.21, 0.00, 1.04, 1.22, 0.00, 0.76, 1.01, 1.36, 0.18, 1.08, 0.15, 0.00, 0.23, 0.30, 0.67, 0.00, 1.00, 1.00, 0.00, 0.00, 1.00, 0.00, 0.00, 0.00, 1.00, 0.00, 0.00, 0.00, 0.00, 0.00, 0.00, 0.00, 1.00
1954,  0,  32.550,  0.98,  1, 0.43, 0.24, 1.29, 0.00, 1.05, 1.55, 0.00, 0.80, 0.99, 1.17, 0.20, 1.23, 0.14, 0.00, 0.24, 0.35, 0.59, 0.00, 1.00, 1.00, 0.00, 0.00, 1.00, 0.00, 0.00, 0.00, 1.00, 0.00, 0.00, 0.00, 0.00, 0.00, 0.00, 0.00, 1.00
1955,  0,  32.567,  0.98,  1, 0.19, 0.14, 1.26, 0.00, 1.05, 1.74, 0.00, 0.80, 0.94, 1.03, 0.16, 1.36, 0.19, 0.00, 0.24, 0.44, 0.42, 0.00, 1.00, 1.00, 0.00, 0.00, 1.00, 0.00, 0.00, 0.00, 1.00, 0.00, 0.00, 0.00, 0.00, 0.00, 0.00, 0.00, 1.00
1956,  0,  32.583,  0.98,  1, 0.07, 0.14, 1.14, 0.00, 0.98, 1.71, 0.00, 0.84, 0.91, 1.16, 0.09, 1.20, 0.16, 0.00, 0.16, 0.39, 0.22, 0.00, 1.00, 1.00, 0.00, 0.00, 1.00, 0.00, 0.00, 0.00, 1.00, 0.00, 1.00, 0.00, 0.00, 0.00, 0.00, 0.00, 1.00
1957,  0,  32.600,  0.98,  1, 0.01, 0.06, 1.14, 0.08, 0.98, 1.57, 0.00, 0.81, 0.87, 1.10, 0.10, 1.11, 0.14, 0.00, 0.12, 0.40, 0.01, 0.00, 0.00, 1.00, 0.00, 0.00, 1.00, 0.00, 0.00, 0.00, 1.00, 0.00, 1.00, 0.00, 0.00, 0.00, 0.00, 0.00, 0.00
1958,  0,  32.617,  0.98,  1, 0.01, 0.04, 1.12, 0.08, 0.97, 1.52, 0.00, 0.87, 0.85, 1.28, 0.08, 1.17, 0.13, 0.02, 0.07, 0.37, 0.12, 0.00, 0.00, 1.00, 0.00, 0.00, 1.00, 0.00, 0.00, 0.00, 1.00, 0.00, 1.00, 0.00, 0.00, 0.00, 0.00, 0.00, 0.00
1959,  0,  32.633,  0.98,  1, 0.05, 0.04, 1.16, 0.08, 0.92, 1.49, 0.00, 0.90, 0.86, 1.26, 0.12, 1.26, 0.10, 0.02, 0.08, 0.37, 0.19, 0.00, 0.00, 1.00, 0.00, 0.00, 1.00, 0.00, 0.00, 0.00, 1.00, 0.00, 1.00, 0.00, 0.00, 0.00, 0.00, 0.00, 0.00
1960,  0,  32.650,  0.98,  1, 0.04, 0.04, 1.05, 0.00, 0.87, 1.50, 0.00, 0.93, 0.88, 1.29, 0.14, 1.24, 0.09, 0.05, 0.16, 0.28, 0.19, 0.00, 0.00, 1.00, 0.00, 0.00, 1.00, 0.00, 0.00, 0.00, 1.00, 0.00, 0.00, 0.00, 0.00, 0.00, 0.00, 0.00, 0.00
1961,  0,  32.667,  0.98,  1, 0.04, 0.00, 0.89, 0.00, 0.80, 1.08, 0.00, 0.84, 0.88, 1.30, 0.18, 1.17, 0.08, 0.07, 0.38, 0.29, 0.07, 0.00, 0.00, 1.00, 0.00, 0.00, 1.00, 0.00, 0.00, 0.00, 1.00, 0.00, 1.00, 0.00, 0.00, 0.00, 0.00, 0.00, 0.00
1962,  0,  32.683,  0.98,  1, 0.00, 0.00, 0.74, 0.00, 0.82, 1.01, 0.00, 0.77, 0.83, 1.34, 0.09, 1.18, 0.07, 0.09, 0.42, 0.18, 0.00, 0.00, 0.00, 1.00, 0.00, 0.00, 1.00, 0.00, 0.00, 0.00, 1.00, 0.00, 1.00, 0.00, 0.00, 0.00, 0.00, 0.00, 0.00
1963,  0,  32.700,  0.98,  1, 0.00, 0.00, 0.69, 0.00, 0.77, 0.89, 0.00, 0.66, 0.79, 1.37, 0.04, 1.26, 0.05, 0.12, 0.31, 0.20, 0.00, 0.00, 0.00, 1.00, 0.00, 0.00, 1.00, 0.00, 0.00, 0.00, 1.00, 0.00, 1.00, 0.00, 0.00, 0.00, 0.00, 0.00, 0.00
1964,  0,  32.717,  0.98,  1, 0.00, 0.00, 0.91, 0.00, 0.81, 1.17, 0.00, 0.66, 0.77, 1.13, 0.13, 1.30, 0.03, 0.11, 0.15, 0.14, 0.00, 0.00, 0.00, 1.00, 0.00, 0.00, 1.00, 0.00, 0.00, 0.00, 1.00, 0.00, 1.00, 0.00, 0.00, 0.00, 0.00, 0.00, 0.00
1965,  0,  32.733,  0.98,  1, 0.00, 0.00, 1.04, 0.00, 0.78, 1.25, 0.00, 0.63, 0.79, 1.02, 0.18, 1.37, 0.03, 0.09, 0.15, 0.23, 0.00, 0.00, 0.00, 1.00, 0.00, 0.00, 1.00, 0.00, 0.00, 0.00, 1.00, 0.00, 1.00, 0.00, 0.00, 0.00, 0.00, 0.00, 0.00
1966,  0,  32.750,  0.98,  1, 0.00, 0.00, 1.10, 0.10, 0.81, 1.31, 0.00, 0.64, 0.80, 1.12, 0.18, 1.35, 0.00, 0.12, 0.17, 0.33, 0.00, 0.00, 0.00, 1.00, 0.00, 0.00, 1.00, 0.00, 0.00, 0.00, 1.00, 0.00, 1.00, 0.00, 0.00, 0.00, 0.00, 0.00, 0.00
1967,  0,  32.767,  0.98,  1, 0.00, 0.00, 0.99, 0.16, 0.94, 1.33, 0.00, 0.63, 0.79, 1.28, 0.05, 1.18, 0.00, 0.10, 0.20, 0.34, 0.00, 0.00, 0.00, 1.00, 0.00, 0.00, 1.00, 0.00, 0.00, 0.00, 1.00, 0.00, 1.00, 0.00, 0.00, 0.00, 0.00, 0.00, 0.00
1968,  0,  32.783,  0.98,  1, 0.00, 0.00, 0.98, 0.16, 1.02, 1.41, 0.00, 0.68, 0.76, 1.27, 0.00, 1.08, 0.00, 0.11, 0.14, 0.32, 0.00, 0.00, 0.00, 1.00, 0.00, 0.00, 1.00, 0.00, 0.00, 0.00, 1.00, 0.00, 1.00, 0.00, 0.00, 0.00, 0.00, 0.00, 0.00
1969,  0,  32.800,  0.98,  1, 0.06, 0.00, 1.09, 0.06, 1.01, 1.16, 0.00, 0.74, 0.75, 1.18, 0.00, 1.07, 0.08, 0.09, 0.10, 0.31, 0.00, 0.00, 0.00, 1.00, 0.00, 0.00, 1.00, 0.00, 0.00, 0.00, 1.00, 0.00, 1.00, 0.00, 0.00, 0.00, 0.00, 0.00, 0.00
1970,  0,  32.817,  0.98,  1, 0.06, 0.00, 1.21, 0.00, 0.89, 0.99, 0.00, 0.83, 0.80, 1.08, 0.10, 1.02, 0.08, 0.08, 0.07, 0.34, 0.00, 0.00, 0.00, 1.00, 0.00, 0.00, 1.00, 0.00, 0.00, 0.00, 1.00, 0.00, 1.00, 0.00, 0.00, 0.00, 0.00, 0.00, 0.00
1971,  0,  32.833,  0.98,  1, 0.06, 0.00, 1.18, 0.00, 0.83, 0.75, 0.00, 0.83, 0.81, 1.14, 0.13, 1.00, 0.08, 0.08, 0.16, 0.33, 0.00, 0.00, 0.00, 1.00, 0.00, 0.00, 1.00, 0.00, 0.00, 0.00, 1.00, 0.00, 0.00, 0.00, 0.00, 0.00, 0.00, 0.00, 0.00
1972,  0,  32.850,  0.98,  1, 0.00, 0.00, 1.06, 0.00, 0.93, 1.02, 0.00, 0.84, 0.87, 1.12, 0.17, 1.07, 0.05, 0.05, 0.17, 0.33, 0.00, 0.00, 0.00, 1.00, 0.00, 0.00, 1.00, 0.00, 0.00, 0.00, 1.00, 0.00, 1.00, 0.00, 0.00, 0.00, 0.00, 0.00, 0.00
1973,  0,  32.867,  0.98,  1, 0.00, 0.00, 0.86, 0.00, 0.93, 1.07, 0.00, 0.76, 0.84, 1.24, 0.16, 1.18, 0.12, 0.05, 0.12, 0.29, 0.00, 0.00, 0.00, 1.00, 0.00, 0.00, 1.00, 0.00, 0.00, 0.00, 1.00, 0.00, 1.00, 0.00, 0.00, 0.00, 0.00, 0.00, 0.00
1974,  0,  32.883,  0.98,  1, 0.00, 0.00, 0.91, 0.00, 0.95, 1.26, 0.00, 0.77, 0.88, 1.33, 0.13, 1.26, 0.12, 0.05, 0.07, 0.33, 0.00, 0.00, 0.00, 1.00, 0.00, 0.00, 1.00, 0.00, 0.00, 0.00, 1.00, 0.00, 1.00, 0.00, 0.00, 0.00, 0.00, 0.00, 0.00
1975,  0,  32.900,  0.98,  1, 0.00, 0.00, 0.90, 0.00, 0.91, 1.20, 0.00, 0.74, 0.83, 1.20, 0.09, 1.19, 0.07, 0.05, 0.13, 0.34, 0.00, 0.00, 0.00, 0.00, 0.00, 0.00, 1.00, 0.00, 0.00, 0.00, 1.00, 0.00, 1.00, 0.00, 0.00, 0.00, 0.00, 0.00, 0.00
1976,  0,  32.917,  0.98,  1, 0.00, 0.00, 1.08, 0.00, 0.92, 1.08, 0.00, 0.72, 0.82, 1.14, 0.01, 1.29, 0.02, 0.13, 0.11, 0.29, 0.00, 0.00, 0.00, 0.00, 0.00, 0.00, 1.00, 0.00, 0.00, 0.00, 1.00, 0.00, 1.00, 0.00, 0.00, 0.00, 0.00, 0.00, 0.00
1977,  0,  32.933,  0.98,  1, 0.00, 0.00, 1.00, 0.00, 0.89, 0.77, 0.00, 0.69, 0.78, 1.02, 0.01, 1.27, 0.09, 0.13, 0.18, 0.33, 0.00, 0.00, 0.00, 1.00, 0.00, 0.00, 1.00, 0.00, 0.00, 0.00, 1.00, 0.00, 1.00, 0.00, 0.00, 0.00, 0.00, 0.00, 0.00
1978,  0,  32.950,  0.98,  1, 0.00, 0.05, 0.98, 0.00, 0.84, 0.56, 0.00, 0.64, 0.78, 1.10, 0.09, 1.34, 0.08, 0.13, 0.24, 0.31, 0.00, 0.00, 0.00, 1.00, 0.00, 0.00, 1.00, 0.00, 0.00, 0.00, 1.00, 0.00, 1.00, 0.00, 0.00, 0.00, 0.00, 0.00, 0.00
1979,  0,  32.967,  0.98,  1, 0.01, 0.05, 0.89, 0.00, 0.86, 0.73, 0.00, 0.61, 0.71, 1.01, 0.21, 1.29, 0.12, 0.13, 0.24, 0.28, 0.00, 0.00, 0.00, 1.00, 0.00, 0.00, 1.00, 0.00, 0.00, 0.00, 1.00, 0.00, 1.00, 0.00, 0.00, 0.00, 0.00, 0.00, 0.00
1980,  0,  32.983,  0.98,  1, 0.01, 0.04, 0.96, 0.00, 0.84, 0.81, 0.00, 0.60, 0.71, 1.12, 0.21, 1.26, 0.09, 0.16, 0.21, 0.20, 0.00, 0.00, 0.00, 1.00, 0.00, 0.00, 1.00, 0.00, 0.00, 0.00, 1.00, 0.00, 1.00, 0.00, 0.00, 0.00, 0.00, 0.00, 0.00
1981,  0,  33.000,  0.98,  1, 0.06, 0.07, 1.05, 0.00, 0.87, 0.98, 0.00, 0.73, 0.73, 1.24, 0.13, 1.21, 0.12, 0.13, 0.24, 0.18, 0.02, 0.00, 0.00, 1.00, 0.00, 0.00, 1.00, 0.00, 0.00, 0.00, 1.00, 0.00, 1.00, 0.00, 0.00, 0.00, 0.00, 0.00, 0.00
1982,  0,  33.017,  0.98,  1, 0.06, 0.09, 1.21, 0.00, 0.99, 1.35, 0.00, 0.79, 0.83, 1.32, 0.16, 1.20, 0.11, 0.06, 0.27, 0.32, 0.12, 0.00, 0.00, 1.00, 0.00, 0.00, 1.00, 0.00, 0.00, 0.00, 1.00, 0.00, 1.00, 0.00, 0.00, 0.00, 0.00, 0.00, 0.00
1983,  0,  33.033,  0.98,  1, 0.34, 0.25, 1.28, 0.00, 1.04, 1.45, 0.00, 0.96, 0.84, 1.27, 0.17, 1.09, 0.07, 0.00, 0.35, 0.32, 0.34, 0.00, 0.00, 1.00, 0.00, 0.00, 1.00, 0.00, 0.00, 0.00, 1.00, 0.00, 1.00, 0.00, 0.00, 0.00, 0.00, 0.00, 1.00
1984,  0,  33.050,  0.98,  1, 0.57, 0.20, 1.24, 0.00, 1.04, 1.32, 0.00, 0.80, 0.88, 1.19, 0.17, 1.03, 0.12, 0.00, 0.22, 0.22, 0.63, 1.00, 1.00, 1.00, 0.00, 0.00, 1.00, 0.00, 0.00, 0.00, 1.00, 0.00, 1.00, 0.00, 0.00, 0.00, 0.00, 0.00, 1.00
1985,  0,  33.067,  0.98,  1, 0.85, 0.37, 1.13, 0.00, 0.87, 0.81, 0.00, 0.82, 0.90, 1.18, 0.15, 1.07, 0.08, 0.00, 0.27, 0.17, 0.80, 1.00, 1.00, 1.00, 0.00, 0.00, 1.00, 0.00, 0.00, 0.00, 1.00, 0.00, 0.00, 0.00, 0.00, 0.00, 0.00, 0.00, 1.00
1986,  0,  33.083,  0.98,  1, 0.90, 0.30, 0.92, 0.00, 0.77, 0.61, 0.00, 0.79, 0.99, 1.14, 0.14, 1.08, 0.19, 0.00, 0.28, 0.25, 0.74, 1.00, 1.00, 1.00, 0.00, 0.00, 1.00, 0.00, 0.00, 0.00, 1.00, 0.00, 0.00, 0.00, 0.00, 0.00, 0.00, 0.00, 1.00
1987,  0,  33.100,  0.98,  1, 0.92, 0.60, 0.98, 0.00, 0.81, 0.63, 0.00, 0.94, 0.99, 1.04, 0.28, 1.11, 0.11, 0.00, 0.30, 0.35, 0.56, 1.00, 1.00, 1.00, 0.00, 0.00, 1.00, 0.00, 0.00, 0.00, 1.00, 0.00, 0.00, 0.00, 0.00, 0.00, 0.00, 0.00, 1.00
1988,  0,  33.117,  0.98,  1, 0.71, 0.43, 1.04, 0.00, 0.88, 0.72, 0.00, 0.98, 0.96, 0.96, 0.22, 1.20, 0.10, 0.00, 0.21, 0.26, 0.52, 1.00, 1.00, 1.00, 0.00, 0.00, 1.00, 0.00, 0.00, 0.00, 1.00, 0.00, 1.00, 0.00, 0.00, 0.00, 0.00, 0.00, 1.00
1989,  0,  33.133,  0.98,  1, 0.53, 0.42, 1.40, 0.00, 1.00, 1.14, 0.00, 0.86, 0.87, 1.03, 0.22, 1.37, 0.01, 0.00, 0.06, 0.20, 0.47, 0.00, 0.00, 1.00, 0.00, 0.00, 1.00, 0.00, 0.00, 0.00, 1.00, 0.00, 1.00, 0.00, 0.00, 0.00, 0.00, 0.00, 1.00
1990,  0,  33.150,  0.98,  1, 0.21, 0.10, 1.52, 0.00, 1.03, 1.34, 0.00, 0.91, 0.90, 1.12, 0.15, 1.40, 0.01, 0.00, 0.12, 0.30, 0.58, 0.00, 0.00, 1.00, 0.00, 0.00, 1.00, 0.00, 0.00, 0.00, 1.00, 0.00, 1.00, 0.00, 0.00, 0.00, 0.00, 0.00, 1.00
1991,  0,  33.167,  0.98,  1, 0.14, 0.08, 1.43, 0.00, 1.07, 1.42, 0.00, 0.97, 0.90, 1.24, 0.07, 1.20, 0.01, 0.00, 0.16, 0.37, 0.57, 0.00, 0.00, 1.00, 0.00, 0.00, 1.00, 0.00, 0.00, 0.00, 1.00, 0.00, 1.00, 0.00, 0.00, 0.00, 0.00, 0.00, 1.00
1992,  0,  33.183,  0.98,  1, 0.01, 0.00, 1.38, 0.00, 0.99, 1.46, 0.00, 1.08, 0.90, 1.21, 0.07, 1.10, 0.00, 0.01, 0.16, 0.41, 0.61, 0.00, 0.00, 1.00, 0.00, 0.00, 1.00, 0.00, 0.00, 0.00, 1.00, 0.00, 1.00, 0.00, 0.00, 0.00, 0.00, 0.00, 1.00
1993,  0,  33.200,  0.98,  1, 0.01, 0.00, 1.30, 0.00, 0.97, 1.19, 0.00, 1.00, 0.82, 1.18, 0.04, 1.13, 0.00, 0.03, 0.04, 0.34, 0.38, 0.00, 0.00, 1.00, 0.00, 0.00, 1.00, 0.00, 0.00, 0.00, 1.00, 0.00, 1.00, 0.00, 0.00, 0.00, 0.00, 0.00, 1.00
1994,  0,  33.217,  0.98,  1, 0.01, 0.00, 1.22, 0.00, 0.84, 1.26, 0.00, 0.91, 0.83, 1.05, 0.05, 1.21, 0.00, 0.05, 0.10, 0.49, 0.15, 0.00, 0.00, 1.00, 0.00, 0.00, 1.00, 0.00, 0.00, 0.00, 1.00, 0.00, 1.00, 0.00, 0.00, 0.00, 0.00, 0.00, 0.00
1995,  0,  33.233,  0.98,  1, 0.00, 0.00, 1.06, 0.00, 0.89, 1.16, 0.00, 0.81, 0.84, 1.18, 0.05, 1.25, 0.00, 0.09, 0.16, 0.50, 0.00, 0.00, 0.00, 1.00, 0.00, 0.00, 1.00, 0.00, 0.00, 0.00, 1.00, 0.00, 1.00, 0.00, 0.00, 0.00, 0.00, 0.00, 0.00
1996,  0,  33.250,  0.98,  1, 0.00, 0.00, 1.11, 0.00, 0.87, 1.29, 0.00, 0.73, 0.81, 1.17, 0.04, 1.16, 0.00, 0.07, 0.23, 0.40, 0.00, 0.00, 0.00, 1.00, 0.00, 0.00, 1.00, 0.00, 0.00, 0.00, 1.00, 0.00, 1.00, 0.00, 0.00, 0.00, 0.00, 0.00, 0.00
1997,  0,  33.267,  0.98,  1, 0.00, 0.00, 1.21, 0.00, 0.89, 1.42, 0.00, 0.64, 0.76, 1.13, 0.03, 1.08, 0.00, 0.06, 0.19, 0.32, 0.00, 0.00, 0.00, 1.00, 0.00, 0.00, 1.00, 0.00, 0.00, 0.00, 1.00, 0.00, 1.00, 0.00, 0.00, 0.00, 0.00, 0.00, 0.00
1998,  0,  33.283,  0.98,  1, 0.00, 0.00, 1.27, 0.00, 0.86, 1.27, 0.00, 0.62, 0.75, 1.01, 0.03, 1.09, 0.00, 0.01, 0.20, 0.18, 0.00, 0.00, 0.00, 1.00, 0.00, 0.00, 1.00, 0.00, 0.00, 0.00, 1.00, 0.00, 1.00, 0.00, 0.00, 0.00, 0.00, 0.00, 0.00
1999,  0,  33.300,  0.98,  1, 0.00, 0.00, 1.10, 0.00, 0.79, 1.14, 0.00, 0.65, 0.78, 1.05, 0.03, 1.21, 0.04, 0.05, 0.14, 0.15, 0.00, 0.00, 0.00, 1.00, 0.00, 0.00, 1.00, 0.00, 0.00, 0.00, 1.00, 0.00, 1.00, 0.00, 0.00, 0.00, 0.00, 0.00, 0.00
2000,  0,  33.317,  0.98,  1, 0.00, 0.00, 1.12, 0.00, 0.90, 0.99, 0.00, 0.73, 0.82, 1.13, 0.03, 1.22, 0.04, 0.03, 0.10, 0.02, 0.00, 0.00, 0.00, 1.00, 0.00, 0.00, 1.00, 0.00, 0.00, 0.00, 1.00, 0.00, 1.00, 0.00, 0.00, 0.00, 0.00, 0.00, 0.00
2001,  0,  33.333,  0.98,  1, 0.00, 0.00, 0.98, 0.00, 0.89, 1.13, 0.00, 0.72, 0.80, 1.13, 0.03, 1.20, 0.13, 0.11, 0.02, 0.19, 0.00, 0.00, 0.00, 1.00, 0.00, 0.00, 1.00, 0.00, 0.00, 0.00, 1.00, 0.00, 1.00, 0.00, 0.00, 0.00, 0.00, 0.00, 0.00
2002,  0,  33.350,  0.98,  1, 0.00, 0.00, 1.06, 0.00, 0.91, 1.08, 0.00, 0.74, 0.84, 1.13, 0.00, 1.15, 0.09, 0.13, 0.16, 0.25, 0.00, 0.00, 0.00, 1.00, 0.00, 0.00, 1.00, 0.00, 0.00, 0.00, 1.00, 0.00, 1.00, 0.00, 0.00, 0.00, 0.00, 0.00, 0.00
2003,  0,  33.367,  0.98,  1, 0.00, 0.00, 0.99, 0.00, 0.76, 0.75, 0.00, 0.77, 0.78, 1.15, 0.06, 1.32, 0.09, 0.22, 0.28, 0.34, 0.00, 0.00, 0.00, 1.00, 0.00, 0.00, 1.00, 0.00, 0.00, 0.00, 1.00, 0.00, 1.00, 0.00, 0.00, 0.00, 0.00, 0.00, 0.00
2004,  0,  33.383,  0.98,  1, 0.00, 0.00, 1.05, 0.00, 0.72, 0.60, 0.00, 0.84, 0.82, 1.18, 0.06, 1.37, 0.00, 0.19, 0.28, 0.20, 0.00, 0.00, 0.00, 1.00, 0.00, 0.00, 1.00, 0.00, 0.00, 0.00, 1.00, 0.00, 1.00, 0.00, 0.00, 0.00, 0.00, 0.00, 0.00
2005,  0,  33.400,  0.98,  1, 0.00, 0.00, 1.02, 0.00, 0.73, 0.81, 0.00, 0.81, 0.78, 1.29, 0.09, 1.32, 0.06, 0.14, 0.14, 0.14, 0.00, 0.00, 0.00, 1.00, 0.00, 0.00, 1.00, 0.00, 0.00, 0.00, 1.00, 0.00, 1.00, 0.00, 0.00, 0.00, 0.00, 0.00, 0.00
2006,  0,  33.417,  0.98,  1, 0.02, 0.06, 1.06, 0.00, 0.81, 0.92, 0.00, 0.83, 0.81, 1.37, 0.03, 1.36, 0.14, 0.14, 0.05, 0.22, 0.00, 0.00, 0.00, 1.00, 0.00, 0.00, 1.00, 0.00, 0.00, 0.00, 1.00, 0.00, 1.00, 0.00, 0.00, 0.00, 0.00, 0.00, 0.00
2007,  0,  33.433,  0.98,  1, 0.06, 0.11, 1.08, 0.00, 0.86, 1.02, 0.00, 0.67, 0.79, 1.24, 0.05, 1.23, 0.14, 0.14, 0.05, 0.21, 0.00, 0.00, 0.00, 1.00, 0.00, 0.00, 1.00, 0.00, 0.00, 0.00, 1.00, 0.00, 1.00, 0.00, 0.00, 0.00, 0.00, 0.00, 0.00
2008,  0,  33.450,  0.98,  1, 0.06, 0.11, 1.05, 0.00, 0.83, 0.99, 0.00, 0.66, 0.86, 1.24, 0.02, 1.20, 0.11, 0.17, 0.05, 0.26, 0.00, 0.00, 0.00, 1.00, 0.00, 0.00, 1.00, 0.00, 0.00, 0.00, 1.00, 0.00, 1.00, 0.00, 0.00, 0.00, 0.00, 0.00, 0.00
2009,  0,  33.467,  0.98,  1, 0.04, 0.05, 1.00, 0.00, 0.83, 1.08, 0.00, 0.47, 0.84, 1.14, 0.02, 1.07, 0.05, 0.12, 0.07, 0.10, 0.00, 0.00, 0.00, 1.00, 0.00, 0.00, 1.00, 0.00, 0.00, 0.00, 1.00, 0.00, 1.00, 0.00, 0.00, 0.00, 0.00, 0.00, 0.00
2010,  0,  33.483,  0.98,  1, 0.00, 0.00, 0.88, 0.00, 0.78, 0.83, 0.00, 0.57, 0.85, 1.24, 0.00, 1.10, 0.10, 0.10, 0.15, 0.20, 0.00, 0.00, 0.00, 1.00, 0.00, 0.00, 1.00, 0.00, 0.00, 0.00, 1.00, 0.00, 1.00, 0.00, 0.00, 0.00, 0.00, 0.00, 0.00
2011,  0,  33.500,  0.98,  1, 0.01, 0.00, 1.00, 0.00, 0.84, 1.10, 0.00, 0.57, 0.78, 1.21, 0.00, 1.09, 0.07, 0.10, 0.20, 0.16, 0.00, 0.00, 0.00, 1.00, 0.00, 0.00, 1.00, 0.00, 0.00, 0.00, 1.00, 0.00, 1.00, 0.00, 0.00, 0.00, 0.00, 0.00, 0.00
2012,  0,  33.517,  0.98,  1, 0.02, 0.00, 1.11, 0.00, 0.79, 0.91, 0.00, 0.72, 0.80, 1.30, 0.08, 1.08, 0.06, 0.09, 0.23, 0.32, 0.00, 0.00, 0.00, 1.00, 0.00, 0.00, 1.00, 0.00, 0.00, 0.00, 1.00, 0.00, 1.00, 0.00, 0.00, 0.00, 0.00, 0.00, 0.00
2013,  0,  33.533,  0.98,  1, 0.02, 0.00, 1.20, 0.04, 0.80, 0.97, 0.00, 0.74, 0.79, 1.45, 0.08, 1.12, 0.01, 0.10, 0.31, 0.26, 0.00, 0.00, 0.00, 1.00, 0.00, 0.00, 1.00, 0.00, 0.00, 0.00, 1.00, 0.00, 1.00, 0.00, 0.00, 0.00, 0.00, 0.00, 0.00
2014,  0,  33.550,  0.98,  1, 0.05, 0.00, 1.08, 0.04, 0.69, 0.81, 0.00, 0.73, 0.76, 1.48, 0.08, 1.18, 0.01, 0.12, 0.28, 0.30, 0.00, 0.00, 0.00, 1.00, 0.00, 0.00, 1.00, 0.00, 0.00, 0.00, 1.00, 0.00, 1.00, 0.00, 0.00, 0.00, 0.00, 0.00, 0.00
2015,  0,  33.567,  0.98,  1, 0.04, 0.09, 1.02, 0.04, 0.70, 0.99, 0.00, 0.69, 0.74, 1.55, 0.00, 1.22, 0.00, 0.21, 0.30, 0.19, 0.00, 0.00, 0.00, 1.00, 0.00, 0.00, 1.00, 0.00, 0.00, 0.00, 1.00, 0.00, 1.00, 0.00, 0.00, 0.00, 0.00, 0.00, 0.00
2016,  0,  33.583,  0.98,  1, 0.04, 0.16, 1.06, 0.00, 0.69, 1.09, 0.00, 0.52, 0.69, 1.55, 0.01, 1.09, 0.05, 0.25, 0.23, 0.10, 0.00, 0.00, 0.00, 1.00, 0.00, 0.00, 1.00, 0.00, 0.00, 0.00, 1.00, 0.00, 1.00, 0.00, 0.00, 0.00, 0.00, 0.00, 0.00
2017,  0,  33.600,  0.98,  1, 0.00, 0.17, 1.02, 0.02, 0.74, 0.81, 0.00, 0.54, 0.72, 1.45, 0.01, 1.14, 0.05, 0.27, 0.37, 0.09, 0.00, 0.00, 0.00, 1.00, 0.00, 0.00, 1.00, 0.00, 0.00, 0.00, 1.00, 0.00, 1.00, 0.00, 0.00, 0.00, 0.00, 0.00, 0.00
2018,  0,  33.617,  0.98,  1, 0.00, 0.08, 0.96, 0.11, 0.76, 0.69, 0.00, 0.35, 0.74, 1.37, 0.01, 1.08, 0.10, 0.28, 0.35, 0.17, 0.00, 0.00, 0.00, 1.00, 0.00, 0.00, 1.00, 0.00, 0.00, 0.00, 1.00, 0.00, 1.00, 0.00, 0.00, 0.00, 0.00, 0.00, 0.00
2019,  0,  33.633,  0.98,  1, 0.00, 0.00, 0.86, 0.13, 0.70, 0.72, 0.00, 0.48, 0.77, 1.25, 0.00, 1.15, 0.05, 0.31, 0.27, 0.21, 0.00, 0.00, 0.00, 1.00, 0.00, 0.00, 1.00, 0.00, 0.00, 0.00, 1.00, 0.00, 1.00, 0.00, 0.00, 0.00, 0.00, 0.00, 0.00
2020,  0,  33.650,  0.98,  1, 0.00, 0.00, 0.84, 0.11, 0.71, 0.82, 0.00, 0.47, 0.77, 1.17, 0.01, 1.18, 0.05, 0.32, 0.19, 0.33, 0.00, 0.00, 0.00, 1.00, 0.00, 0.00, 1.00, 0.00, 0.00, 0.00, 1.00, 0.00, 1.00, 0.00, 0.00, 0.00, 0.00, 0.00, 0.00
2021,  0,  33.667,  0.98,  1, 0.04, 0.00, 0.91, 0.02, 0.71, 1.04, 0.00, 0.68, 0.74, 1.17, 0.01, 1.30, 0.00, 0.33, 0.19, 0.29, 0.00, 0.00, 0.00, 1.00, 0.00, 0.00, 1.00, 0.00, 0.00, 0.00, 1.00, 0.00, 1.00, 0.00, 0.00, 0.00, 0.00, 0.00, 0.00
2022,  0,  33.683,  0.98,  1, 0.04, 0.00, 1.07, 0.00, 0.71, 0.93, 0.00, 0.63, 0.70, 1.06, 0.05, 1.39, 0.00, 0.30, 0.27, 0.28, 0.00, 0.00, 0.00, 1.00, 0.00, 0.00, 1.00, 0.00, 0.00, 0.00, 1.00, 0.00, 1.00, 0.00, 0.00, 0.00, 0.00, 0.00, 0.00
2023,  0,  33.700,  0.98,  1, 0.08, 0.00, 1.12, 0.00, 0.63, 0.96, 0.00, 0.65, 0.67, 1.18, 0.03, 1.24, 0.00, 0.30, 0.25, 0.16, 0.00, 0.00, 0.00, 1.00, 0.00, 0.00, 1.00, 0.00, 0.00, 0.00, 1.00, 0.00, 1.00, 0.00, 0.00, 0.00, 0.00, 0.00, 0.00
2024,  0,  33.717,  0.98,  1, 0.04, 0.00, 1.09, 0.00, 0.59, 0.79, 0.00, 0.66, 0.65, 1.22, 0.12, 1.03, 0.09, 0.31, 0.15, 0.12, 0.00, 0.00, 0.00, 1.00, 0.00, 0.00, 1.00, 0.00, 0.00, 0.00, 1.00, 0.00, 1.00, 0.00, 0.00, 0.00, 0.00, 0.00, 0.00
2025,  0,  33.733,  0.98,  1, 0.11, 0.05, 1.15, 0.03, 0.66, 0.77, 0.00, 0.69, 0.69, 1.43, 0.11, 1.11, 0.09, 0.35, 0.17, 0.15, 0.00, 0.00, 0.00, 1.00, 0.00, 0.00, 1.00, 0.00, 0.00, 0.00, 1.00, 0.00, 1.00, 0.00, 0.00, 0.00, 0.00, 0.00, 0.00
2026,  0,  33.750,  0.98,  1, 0.08, 0.05, 1.19, 0.04, 0.76, 0.74, 0.00, 0.59, 0.63, 1.41, 0.11, 1.29, 0.10, 0.34, 0.12, 0.18, 0.00, 0.00, 0.00, 1.00, 0.00, 0.00, 1.00, 0.00, 0.00, 0.00, 1.00, 0.00, 1.00, 0.00, 0.00, 0.00, 0.00, 0.00, 0.00
2027,  0,  33.767,  0.98,  1, 0.08, 0.05, 1.22, 0.04, 0.79, 0.80, 0.00, 0.61, 0.67, 1.19, 0.07, 1.33, 0.01, 0.25, 0.14, 0.15, 0.00, 0.00, 0.00, 1.00, 0.00, 0.00, 1.00, 0.00, 0.00, 0.00, 1.00, 0.00, 1.00, 0.00, 0.00, 0.00, 0.00, 0.00, 0.00
2028,  0,  33.783,  0.98,  1, 0.05, 0.03, 1.22, 0.00, 0.72, 0.83, 0.00, 0.59, 0.66, 0.99, 0.16, 1.26, 0.01, 0.22, 0.12, 0.13, 0.00, 0.00, 0.00, 1.00, 0.00, 0.00, 1.00, 0.00, 0.00, 0.00, 1.00, 0.00, 1.00, 0.00, 0.00, 0.00, 0.00, 0.00, 0.00
2029,  0,  33.800,  0.98,  1, 0.16, 0.03, 1.36, 0.05, 0.66, 0.92, 0.00, 0.62, 0.68, 0.98, 0.20, 1.13, 0.00, 0.19, 0.19, 0.07, 0.00, 0.00, 0.00, 1.00, 0.00, 0.00, 1.00, 0.00, 0.00, 0.00, 1.00, 0.00, 1.00, 0.00, 0.00, 0.00, 0.00, 0.00, 0.00
2030,  0,  33.817,  0.98,  1, 0.17, 0.12, 1.37, 0.25, 0.60, 0.91, 0.00, 0.47, 0.68, 1.22, 0.22, 1.26, 0.00, 0.24, 0.17, 0.25, 0.00, 0.00, 0.00, 1.00, 0.00, 0.00, 1.00, 0.00, 0.00, 0.00, 1.00, 0.00, 1.00, 0.00, 0.00, 0.00, 0.00, 0.00, 0.00
2031,  0,  33.833,  0.98,  1, 0.13, 0.09, 1.40, 0.36, 0.61, 1.02, 0.00, 0.44, 0.64, 1.28, 0.10, 1.20, 0.00, 0.21, 0.14, 0.21, 0.00, 0.00, 0.00, 1.00, 0.00, 0.00, 1.00, 0.00, 0.00, 0.00, 1.00, 0.00, 1.00, 0.00, 0.00, 0.00, 0.00, 0.00, 0.00
2032,  0,  33.850,  0.98,  1, 0.01, 0.09, 1.28, 0.31, 0.68, 0.91, 0.00, 0.42, 0.69, 1.20, 0.19, 1.19, 0.00, 0.26, 0.12, 0.27, 0.00, 0.00, 0.00, 1.00, 0.00, 0.00, 1.00, 0.00, 0.00, 0.00, 1.00, 0.00, 1.00, 0.00, 0.00, 0.00, 0.00, 0.00, 0.00
2033,  0,  33.867,  0.98,  1, 0.01, 0.00, 1.36, 0.11, 0.71, 0.97, 0.00, 0.59, 0.68, 1.16, 0.19, 1.31, 0.03, 0.26, 0.18, 0.12, 0.00, 0.00, 0.00, 1.00, 0.00, 0.00, 1.00, 0.00, 0.00, 0.00, 1.00, 0.00, 1.00, 0.00, 0.00, 0.00, 0.00, 0.00, 0.00
2034,  0,  33.883,  0.98,  1, 0.03, 0.00, 1.23, 0.03, 0.68, 1.00, 0.00, 0.69, 0.75, 1.21, 0.21, 1.40, 0.03, 0.31, 0.13, 0.12, 0.00, 0.00, 0.00, 1.00, 0.00, 0.00, 1.00, 0.00, 0.00, 0.00, 1.00, 0.00, 1.00, 0.00, 0.00, 0.00, 0.00, 0.00, 0.00
2035,  0,  33.900,  0.98,  1, 0.03, 0.00, 1.15, 0.05, 0.64, 1.20, 0.00, 0.72, 0.73, 1.26, 0.09, 1.42, 0.03, 0.31, 0.15, 0.12, 0.00, 0.00, 0.00, 1.00, 0.00, 0.00, 1.00, 0.00, 0.00, 0.00, 1.00, 0.00, 1.00, 0.00, 0.00, 0.00, 0.00, 0.00, 0.00
2036,  0,  33.917,  0.98,  1, 0.03, 0.04, 1.05, 0.21, 0.60, 0.95, 0.00, 0.55, 0.68, 1.24, 0.03, 1.20, 0.00, 0.25, 0.20, 0.16, 0.00, 0.00, 0.00, 1.00, 0.00, 0.00, 1.00, 0.00, 0.00, 0.00, 1.00, 0.00, 1.00, 0.00, 0.00, 0.00, 0.00, 0.00, 0.00
2037,  0,  33.933,  0.98,  1, 0.01, 0.04, 1.07, 0.18, 0.63, 1.13, 0.00, 0.53, 0.65, 1.24, 0.07, 1.16, 0.03, 0.28, 0.28, 0.18, 0.00, 0.00, 0.00, 1.00, 0.00, 0.00, 1.00, 0.00, 0.00, 0.00, 1.00, 0.00, 1.00, 0.00, 0.00, 0.00, 0.00, 0.00, 0.00
2038,  0,  33.950,  0.98,  1, 0.01, 0.06, 1.02, 0.16, 0.67, 0.95, 0.00, 0.52, 0.63, 1.30, 0.05, 1.15, 0.03, 0.23, 0.26, 0.19, 0.00, 0.00, 0.00, 1.00, 0.00, 0.00, 1.00, 0.00, 0.00, 0.00, 1.00, 0.00, 1.00, 0.00, 0.00, 0.00, 0.00, 0.00, 0.00
2039,  0,  33.967,  0.98,  1, 0.00, 0.07, 1.01, 0.12, 0.69, 1.26, 0.00, 0.59, 0.65, 1.29, 0.05, 1.20, 0.10, 0.25, 0.17, 0.15, 0.00, 0.00, 0.00, 0.00, 0.00, 0.00, 1.00, 0.00, 0.00, 0.00, 1.00, 0.00, 0.00, 0.00, 0.00, 0.00, 0.00, 0.00, 0.00
2040,  0,  33.983,  0.98,  1, 0.00, 0.07, 0.97, 0.16, 0.69, 1.02, 0.00, 0.51, 0.66, 1.36, 0.10, 1.19, 0.08, 0.23, 0.13, 0.12, 0.00, 0.00, 0.00, 1.00, 0.00, 0.00, 1.00, 0.00, 0.00, 0.00, 1.00, 0.00, 0.00, 0.00, 0.00, 0.00, 0.00, 0.00, 0.00
2041,  0,  34.000,  0.98,  1, 0.00, 0.04, 0.97, 0.16, 0.65, 0.95, 0.00, 0.45, 0.64, 1.34, 0.10, 1.05, 0.08, 0.23, 0.06, 0.09, 0.00, 0.00, 0.00, 1.00, 0.00, 0.00, 1.00, 0.00, 0.00, 0.00, 1.00, 0.00, 1.00, 0.00, 0.00, 0.00, 0.00, 0.00, 0.00
2042,  0,  34.017,  0.98,  1, 0.00, 0.00, 0.88, 0.04, 0.67, 0.74, 0.00, 0.47, 0.62, 1.26, 0.12, 1.07, 0.00, 0.22, 0.08, 0.17, 0.00, 0.00, 0.00, 1.00, 0.00, 0.00, 1.00, 0.00, 0.00, 0.00, 1.00, 0.00, 1.00, 0.00, 0.00, 0.00, 0.00, 0.00, 0.00
2043,  0,  34.033,  0.98,  1, 0.00, 0.00, 0.93, 0.04, 0.69, 0.78, 0.00, 0.53, 0.61, 1.17, 0.02, 1.03, 0.05, 0.22, 0.11, 0.31, 0.00, 0.00, 0.00, 1.00, 0.00, 0.00, 1.00, 0.00, 0.00, 0.00, 1.00, 0.00, 1.00, 0.00, 0.00, 0.00, 0.00, 0.00, 0.00
2044,  0,  34.050,  0.98,  1, 0.00, 0.00, 1.06, 0.26, 0.81, 0.96, 0.00, 0.68, 0.61, 1.14, 0.02, 1.30, 0.16, 0.24, 0.21, 0.31, 0.00, 0.00, 0.00, 1.00, 0.00, 0.00, 1.00, 0.00, 0.00, 0.00, 1.00, 0.00, 1.00, 0.00, 0.00, 0.00, 0.00, 0.00, 0.00
2045,  0,  34.067,  0.98,  1, 0.00, 0.00, 1.16, 0.30, 0.83, 1.10, 0.00, 0.66, 0.62, 1.19, 0.00, 1.20, 0.16, 0.28, 0.24, 0.21, 0.00, 0.00, 0.00, 1.00, 0.00, 0.00, 1.00, 0.00, 0.00, 0.00, 1.00, 0.00, 0.00, 0.00, 0.00, 0.00, 0.00, 0.00, 0.00
2046,  0,  34.083,  0.98,  1, 0.00, 0.00, 1.23, 0.34, 0.86, 1.10, 0.00, 0.70, 0.68, 1.11, 0.03, 1.14, 0.12, 0.23, 0.20, 0.18, 0.00, 0.00, 0.00, 1.00, 0.00, 0.00, 1.00, 0.00, 0.00, 0.00, 1.00, 0.00, 1.00, 0.00, 0.00, 0.00, 0.00, 0.00, 0.00
2047,  0,  34.100,  0.98,  1, 0.04, 0.06, 1.24, 0.20, 0.76, 1.18, 0.00, 0.61, 0.74, 1.19, 0.08, 0.98, 0.00, 0.22, 0.23, 0.20, 0.00, 0.00, 0.00, 1.00, 0.00, 0.00, 1.00, 0.00, 0.00, 0.00, 1.00, 0.00, 0.00, 0.00, 0.00, 0.00, 0.00, 0.00, 0.00
2048,  0,  34.117,  0.98,  1, 0.04, 0.06, 1.19, 0.15, 0.82, 1.09, 0.00, 0.69, 0.78, 1.18, 0.08, 1.09, 0.00, 0.17, 0.19, 0.33, 0.00, 0.00, 0.00, 1.00, 0.00, 0.00, 1.00, 0.00, 0.00, 0.00, 1.00, 0.00, 0.00, 0.00, 0.00, 0.00, 0.00, 0.00, 0.00
2049,  0,  34.133,  0.98,  1, 0.06, 0.06, 1.08, 0.15, 0.82, 1.18, 0.00, 0.70, 0.76, 1.19, 0.05, 1.13, 0.03, 0.16, 0.29, 0.32, 0.00, 0.00, 1.00, 1.00, 0.00, 0.00, 1.00, 0.00, 0.00, 0.00, 1.00, 0.00, 0.00, 0.00, 0.00, 0.00, 0.00, 0.00, 0.00
2050,  0,  34.150,  0.98,  1, 0.02, 0.00, 0.91, 0.12, 0.78, 0.99, 0.00, 0.68, 0.78, 1.21, 0.10, 1.14, 0.03, 0.15, 0.16, 0.33, 0.00, 0.00, 1.00, 1.00, 0.00, 0.00, 1.00, 0.00, 0.00, 0.00, 1.00, 0.00, 0.00, 0.00, 0.00, 0.00, 0.00, 0.00, 0.00
2051,  0,  34.167,  0.98,  1, 0.02, 0.00, 0.93, 0.13, 0.65, 1.07, 0.00, 0.65, 0.77, 1.22, 0.10, 1.20, 0.14, 0.18, 0.12, 0.25, 0.00, 0.00, 0.00, 1.00, 0.00, 0.00, 1.00, 0.00, 0.00, 0.00, 1.00, 0.00, 0.00, 0.00, 0.00, 0.00, 0.00, 0.00, 0.00
2052,  0,  34.183,  0.98,  1, 0.00, 0.00, 0.96, 0.11, 0.69, 0.97, 0.00, 0.65, 0.70, 1.30, 0.10, 1.23, 0.11, 0.20, 0.12, 0.24, 0.00, 0.00, 0.00, 1.00, 0.00, 0.00, 1.00, 0.00, 0.00, 0.00, 1.00, 0.00, 0.00, 0.00, 0.00, 0.00, 0.00, 0.00, 0.00
2053,  0,  34.200,  0.98,  1, 0.00, 0.00, 0.92, 0.20, 0.72, 1.02, 0.00, 0.67, 0.65, 1.13, 0.00, 1.18, 0.11, 0.19, 0.23, 0.16, 0.00, 0.00, 0.00, 1.00, 0.00, 0.00, 1.00, 0.00, 0.00, 0.00, 1.00, 0.00, 0.00, 0.00, 0.00, 0.00, 0.00, 0.00, 0.00
2054,  0,  34.217,  0.98,  1, 0.00, 0.00, 1.03, 0.31, 0.83, 1.11, 0.00, 0.64, 0.64, 1.06, 0.02, 1.12, 0.05, 0.21, 0.25, 0.09, 0.00, 0.00, 0.00, 1.00, 0.00, 0.00, 1.00, 0.00, 0.00, 0.00, 1.00, 0.00, 0.00, 0.00, 0.00, 0.00, 0.00, 0.00, 0.00
2055,  0,  34.233,  0.98,  1, 0.00, 0.00, 0.97, 0.33, 0.76, 1.13, 0.00, 0.54, 0.70, 0.97, 0.05, 1.03, 0.05, 0.21, 0.13, 0.05, 0.00, 0.00, 0.00, 1.00, 0.00, 0.00, 1.00, 0.00, 0.00, 0.00, 1.00, 0.00, 1.00, 0.00, 0.00, 0.00, 0.00, 0.00, 0.00
2056,  0,  34.250,  0.98,  1, 0.00, 0.00, 1.22, 0.22, 0.77, 1.26, 0.00, 0.61, 0.68, 1.17, 0.05, 1.09, 0.05, 0.28, 0.03, 0.08, 0.00, 0.00, 0.00, 1.00, 0.00, 0.00, 1.00, 0.00, 0.00, 0.00, 1.00, 0.00, 1.00, 0.00, 0.00, 0.00, 0.00, 0.00, 0.00
2057,  0,  34.267,  0.98,  1, 0.00, 0.00, 1.12, 0.16, 0.77, 1.25, 0.00, 0.66, 0.71, 1.26, 0.03, 1.10, 0.00, 0.27, 0.03, 0.10, 0.00, 0.00, 0.00, 1.00, 0.00, 0.00, 1.00, 0.00, 0.00, 0.00, 1.00, 0.00, 0.00, 0.00, 0.00, 0.00, 0.00, 0.00, 0.00
2058,  0,  34.283,  0.98,  1, 0.00, 0.00, 1.25, 0.15, 0.83, 1.39, 0.00, 0.72, 0.72, 1.34, 0.00, 1.14, 0.00, 0.31, 0.05, 0.24, 0.00, 0.00, 0.00, 1.00, 0.00, 0.00, 1.00, 0.00, 0.00, 0.00, 1.00, 0.00, 0.00, 0.00, 0.00, 0.00, 0.00, 0.00, 0.00
2059,  0,  34.300,  0.98,  1, 0.00, 0.00, 1.23, 0.24, 0.83, 1.32, 0.00, 0.58, 0.73, 1.27, 0.00, 1.13, 0.00, 0.28, 0.04, 0.22, 0.00, 0.00, 0.00, 1.00, 0.00, 0.00, 1.00, 0.00, 0.00, 0.00, 1.00, 0.00, 0.00, 0.00, 0.00, 0.00, 0.00, 0.00, 0.00
2060,  0,  34.317,  0.98,  1, 0.00, 0.00, 1.32, 0.18, 0.75, 1.12, 0.00, 0.55, 0.72, 1.29, 0.05, 1.11, 0.05, 0.37, 0.05, 0.32, 0.00, 0.00, 0.00, 1.00, 0.00, 0.00, 1.00, 0.00, 0.00, 0.00, 1.00, 0.00, 0.00, 0.00, 0.00, 0.00, 0.00, 0.00, 0.00
2061,  0,  34.333,  0.98,  1, 0.00, 0.00, 1.21, 0.12, 0.68, 0.77, 0.00, 0.51, 0.71, 1.32, 0.05, 1.09, 0.09, 0.39, 0.10, 0.20, 0.00, 0.00, 0.00, 1.00, 0.00, 0.00, 1.00, 0.00, 0.00, 0.00, 1.00, 0.00, 0.00, 0.00, 0.00, 0.00, 0.00, 0.00, 0.00
2062,  0,  34.350,  0.98,  1, 0.00, 0.00, 1.13, 0.04, 0.68, 0.66, 0.00, 0.51, 0.67, 1.20, 0.05, 1.10, 0.09, 0.39, 0.10, 0.18, 0.00, 0.00, 0.00, 1.00, 0.00, 0.00, 1.00, 0.00, 0.00, 0.00, 1.00, 0.00, 0.00, 0.00, 0.00, 0.00, 0.00, 0.00, 0.00
2063,  0,  34.367,  0.98,  1, 0.00, 0.07, 1.04, 0.04, 0.68, 0.65, 0.00, 0.43, 0.70, 1.18, 0.03, 1.09, 0.12, 0.32, 0.07, 0.11, 0.00, 0.00, 0.00, 1.00, 0.00, 0.00, 1.00, 0.00, 0.00, 0.00, 1.00, 0.00, 0.00, 0.00, 0.00, 0.00, 0.00, 0.00, 0.00
2064,  0,  34.383,  0.98,  1, 0.01, 0.07, 1.18, 0.03, 0.80, 0.81, 0.00, 0.48, 0.73, 1.29, 0.03, 1.07, 0.09, 0.29, 0.04, 0.23, 0.00, 0.00, 0.00, 1.00, 0.00, 0.00, 1.00, 0.00, 0.00, 0.00, 1.00, 0.00, 0.00, 0.00, 0.00, 0.00, 0.00, 0.00, 0.00
2065,  0,  34.400,  0.98,  1, 0.01, 0.07, 1.17, 0.00, 0.95, 1.12, 0.00, 0.63, 0.78, 1.45, 0.03, 1.02, 0.14, 0.18, 0.11, 0.23, 0.00, 0.00, 0.00, 1.00, 0.00, 0.00, 1.00, 0.00, 0.00, 0.00, 1.00, 0.00, 0.00, 0.00, 0.00, 0.00, 0.00, 0.00, 0.00
2066,  0,  34.417,  0.98,  1, 0.01, 0.12, 1.31, 0.00, 1.08, 1.51, 0.00, 0.74, 0.78, 1.48, 0.00, 1.08, 0.06, 0.09, 0.14, 0.22, 0.27, 0.00, 0.00, 1.00, 0.00, 0.00, 1.00, 0.00, 0.00, 0.00, 1.00, 0.00, 1.00, 0.00, 0.00, 0.00, 0.00, 0.00, 0.00
2067,  0,  34.433,  0.98,  1, 0.14, 0.12, 1.14, 0.00, 1.09, 1.60, 0.00, 0.75, 0.83, 1.29, 0.00, 1.26, 0.06, 0.00, 0.13, 0.12, 0.53, 0.00, 0.00, 1.00, 0.00, 0.00, 1.00, 0.00, 0.00, 0.00, 1.00, 0.00, 1.00, 0.00, 0.00, 0.00, 0.00, 0.00, 1.00
2068,  0,  34.450,  0.98,  1, 0.28, 0.13, 1.04, 0.00, 1.00, 1.34, 0.00, 0.68, 0.91, 1.34, 0.06, 1.32, 0.18, 0.00, 0.07, 0.28, 0.76, 0.00, 1.00, 1.00, 0.00, 0.00, 1.00, 0.00, 0.00, 0.00, 1.00, 0.00, 1.00, 0.00, 0.00, 0.00, 0.00, 0.00, 1.00
2069,  0,  34.467,  0.98,  1, 0.61, 0.05, 0.93, 0.00, 0.95, 0.87, 0.00, 0.71, 0.95, 1.31, 0.06, 1.22, 0.26, 0.00, 0.17, 0.36, 0.63, 0.00, 1.00, 1.00, 0.00, 0.00, 1.00, 0.00, 0.00, 0.00, 1.00, 0.00, 1.00, 0.00, 0.00, 0.00, 0.00, 0.00, 1.00
2070,  0,  34.483,  0.98,  1, 0.61, 0.10, 0.91, 0.00, 0.97, 0.91, 0.00, 0.71, 0.92, 1.41, 0.11, 1.11, 0.24, 0.00, 0.17, 0.38, 0.46, 0.00, 1.00, 1.00, 0.00, 0.00, 1.00, 0.00, 0.00, 0.00, 1.00, 0.00, 1.00, 0.00, 0.00, 0.00, 0.00, 0.00, 1.00
2071,  0,  34.500,  0.98,  1, 0.73, 0.28, 1.24, 0.00, 1.02, 0.89, 0.00, 0.80, 0.89, 1.34, 0.08, 1.20, 0.20, 0.00, 0.25, 0.30, 0.49, 0.00, 1.00, 1.00, 0.00, 0.00, 1.00, 0.00, 0.00, 0.00, 1.00, 0.00, 1.00, 0.00, 0.00, 0.00, 0.00, 0.00, 1.00
2072,  0,  34.517,  0.98,  1, 0.47, 0.29, 1.31, 0.00, 1.05, 1.10, 0.00, 0.75, 0.86, 1.29, 0.08, 1.21, 0.16, 0.00, 0.25, 0.28, 0.62, 0.00, 1.00, 1.00, 0.00, 0.00, 1.00, 0.00, 0.00, 0.00, 1.00, 0.00, 1.00, 0.00, 0.00, 0.00, 0.00, 0.00, 1.00
2073,  0,  34.533,  0.98,  1, 0.37, 0.24, 1.35, 0.00, 1.00, 0.97, 0.00, 0.77, 0.84, 1.31, 0.07, 1.22, 0.16, 0.00, 0.22, 0.32, 0.53, 0.00, 1.00, 1.00, 0.00, 0.00, 1.00, 0.00, 0.00, 0.00, 1.00, 0.00, 1.00, 0.00, 0.00, 0.00, 0.00, 0.00, 1.00
2074,  0,  34.550,  0.98,  1, 0.12, 0.06, 1.20, 0.00, 0.96, 1.34, 0.00, 0.68, 0.82, 1.31, 0.04, 1.11, 0.04, 0.02, 0.15, 0.36, 0.43, 0.00, 0.00, 1.00, 0.00, 0.00, 1.00, 0.00, 0.00, 0.00, 1.00, 0.00, 1.00, 0.00, 0.00, 0.00, 0.00, 0.00, 1.00
2075,  0,  34.567,  0.98,  1, 0.04, 0.00, 1.17, 0.00, 0.98, 1.65, 0.00, 0.80, 0.81, 1.43, 0.04, 1.15, 0.00, 0.04, 0.05, 0.51, 0.18, 0.00, 0.00, 1.00, 0.00, 0.00, 1.00, 0.00, 0.00, 0.00, 1.00, 0.00, 1.00, 0.00, 0.00, 0.00, 0.00, 0.00, 1.00
2076,  0,  34.583,  0.98,  1, 0.00, 0.00, 1.18, 0.00, 0.99, 1.75, 0.00, 0.81, 0.82, 1.39, 0.08, 1.28, 0.00, 0.04, 0.05, 0.45, 0.25, 0.00, 0.00, 1.00, 0.00, 0.00, 1.00, 0.00, 0.00, 0.00, 1.00, 0.00, 0.00, 0.00, 0.00, 0.00, 0.00, 0.00, 1.00
2077,  0,  34.600,  0.98,  1, 0.00, 0.00, 1.00, 0.00, 0.96, 1.46, 0.00, 0.91, 0.78, 1.33, 0.08, 1.30, 0.00, 0.04, 0.02, 0.35, 0.09, 0.00, 0.00, 1.00, 0.00, 0.00, 1.00, 0.00, 0.00, 0.00, 1.00, 0.00, 1.00, 0.00, 0.00, 0.00, 0.00, 0.00, 0.00
2078,  0,  34.617,  0.98,  1, 0.00, 0.00, 0.85, 0.00, 0.95, 1.18, 0.00, 0.89, 0.75, 1.34, 0.08, 1.22, 0.12, 0.05, 0.12, 0.18, 0.07, 0.00, 0.00, 1.00, 0.00, 0.00, 1.00, 0.00, 0.00, 0.00, 1.00, 0.00, 0.00, 0.00, 0.00, 0.00, 0.00, 0.00, 0.00
2079,  0,  34.633,  0.98,  1, 0.00, 0.00, 0.82, 0.00, 0.95, 1.26, 0.00, 0.87, 0.72, 1.36, 0.02, 1.04, 0.31, 0.05, 0.26, 0.11, 0.00, 0.00, 0.00, 1.00, 0.00, 0.00, 1.00, 0.00, 0.00, 0.00, 1.00, 0.00, 0.00, 0.00, 0.00, 0.00, 0.00, 0.00, 0.00
2080,  0,  34.650,  0.98,  1, 0.00, 0.00, 0.95, 0.00, 0.99, 1.28, 0.00, 0.81, 0.77, 1.27, 0.02, 0.92, 0.33, 0.07, 0.35, 0.09, 0.00, 0.00, 0.00, 1.00, 0.00, 0.00, 1.00, 0.00, 0.00, 0.00, 1.00, 0.00, 0.00, 0.00, 0.00, 0.00, 0.00, 0.00, 0.00
2081,  0,  34.667,  0.98,  1, 0.00, 0.00, 1.12, 0.00, 0.98, 1.33, 0.00, 0.74, 0.80, 1.13, 0.02, 0.99, 0.20, 0.12, 0.27, 0.05, 0.00, 0.00, 0.00, 1.00, 0.00, 0.00, 1.00, 0.00, 0.00, 0.00, 1.00, 0.00, 0.00, 0.00, 0.00, 0.00, 0.00, 0.00, 0.00
2082,  0,  34.683,  0.98,  1, 0.00, 0.00, 1.11, 0.00, 0.96, 1.20, 0.00, 0.76, 0.81, 1.20, 0.07, 1.00, 0.10, 0.17, 0.13, 0.19, 0.00, 0.00, 0.00, 1.00, 0.00, 0.00, 1.00, 0.00, 0.00, 0.00, 1.00, 0.00, 0.00, 0.00, 0.00, 0.00, 0.00, 0.00, 0.00
2083,  0,  34.700,  0.98,  1, 0.00, 0.00, 1.10, 0.12, 0.90, 0.97, 0.00, 0.68, 0.74, 1.38, 0.07, 1.10, 0.09, 0.25, 0.12, 0.23, 0.00, 0.00, 0.00, 1.00, 0.00, 0.00, 1.00, 0.00, 0.00, 0.00, 1.00, 0.00, 0.00, 0.00, 0.00, 0.00, 0.00, 0.00, 0.00
2084,  0,  34.717,  0.98,  1, 0.00, 0.00, 1.11, 0.18, 0.82, 1.11, 0.00, 0.59, 0.69, 1.36, 0.07, 1.15, 0.21, 0.26, 0.13, 0.24, 0.00, 0.00, 0.00, 1.00, 0.00, 0.00, 1.00, 0.00, 0.00, 0.00, 1.00, 0.00, 0.00, 0.00, 0.00, 0.00, 0.00, 0.00, 0.00
2085,  0,  34.733,  0.98,  1, 0.01, 0.00, 1.26, 0.18, 0.75, 1.08, 0.00, 0.53, 0.62, 1.22, 0.04, 1.30, 0.12, 0.28, 0.18, 0.19, 0.00, 0.00, 0.00, 1.00, 0.00, 0.00, 1.00, 0.00, 0.00, 0.00, 1.00, 0.00, 1.00, 0.00, 0.00, 0.00, 0.00, 0.00, 0.00
2086,  0,  34.750,  0.98,  1, 0.01, 0.00, 1.25, 0.06, 0.79, 1.29, 0.00, 0.59, 0.68, 1.17, 0.04, 1.43, 0.12, 0.26, 0.11, 0.33, 0.00, 0.00, 0.00, 1.00, 0.00, 0.00, 1.00, 0.00, 0.00, 0.00, 1.00, 0.00, 1.00, 0.00, 0.00, 0.00, 0.00, 0.00, 0.00
2087,  0,  34.767,  0.98,  1, 0.01, 0.00, 1.14, 0.05, 0.81, 1.06, 0.00, 0.72, 0.75, 1.16, 0.04, 1.39, 0.00, 0.25, 0.09, 0.42, 0.00, 0.00, 0.00, 1.00, 0.00, 0.00, 1.00, 0.00, 0.00, 0.00, 1.00, 0.00, 1.00, 0.00, 0.00, 0.00, 0.00, 0.00, 0.00
2088,  0,  34.783,  0.98,  1, 0.00, 0.00, 1.06, 0.05, 0.84, 0.95, 0.00, 0.73, 0.78, 1.13, 0.01, 1.23, 0.00, 0.24, 0.03, 0.33, 0.00, 0.00, 0.00, 1.00, 0.00, 0.00, 1.00, 0.00, 0.00, 0.00, 1.00, 0.00, 1.00, 0.00, 0.00, 0.00, 0.00, 0.00, 0.00
2089,  0,  34.800,  0.98,  1, 0.00, 0.14, 1.09, 0.05, 0.80, 0.98, 0.00, 0.70, 0.78, 1.02, 0.01, 1.15, 0.00, 0.24, 0.10, 0.30, 0.00, 0.00, 0.00, 1.00, 0.00, 0.00, 1.00, 0.00, 0.00, 0.00, 1.00, 0.00, 1.00, 0.00, 0.00, 0.00, 0.00, 0.00, 0.00
2090,  0,  34.817,  0.98,  1, 0.02, 0.28, 1.13, 0.00, 0.76, 0.91, 0.00, 0.55, 0.71, 1.01, 0.01, 1.04, 0.11, 0.23, 0.17, 0.22, 0.00, 0.00, 0.00, 1.00, 0.00, 0.00, 1.00, 0.00, 0.00, 0.00, 1.00, 0.00, 1.00, 0.00, 0.00, 0.00, 0.00, 0.00, 0.00
2091,  0,  34.833,  0.98,  1, 0.03, 0.28, 1.20, 0.00, 0.79, 1.00, 0.00, 0.60, 0.76, 1.09, 0.04, 1.17, 0.17, 0.24, 0.17, 0.33, 0.00, 0.00, 0.00, 1.00, 0.00, 0.00, 1.00, 0.00, 0.00, 0.00, 1.00, 0.00, 1.00, 0.00, 0.00, 0.00, 0.00, 0.00, 0.00
2092,  0,  34.850,  0.98,  1, 0.03, 0.14, 1.17, 0.13, 0.79, 1.04, 0.00, 0.60, 0.69, 1.16, 0.11, 1.15, 0.26, 0.18, 0.14, 0.19, 0.00, 0.00, 0.00, 1.00, 0.00, 0.00, 1.00, 0.00, 0.00, 0.00, 1.00, 0.00, 1.00, 0.00, 0.00, 0.00, 0.00, 0.00, 0.00
2093,  0,  34.867,  0.98,  1, 0.01, 0.00, 1.17, 0.13, 0.80, 1.19, 0.00, 0.73, 0.70, 1.20, 0.11, 1.23, 0.15, 0.23, 0.11, 0.22, 0.00, 0.00, 0.00, 1.00, 0.00, 0.00, 1.00, 0.00, 0.00, 0.00, 1.00, 0.00, 1.00, 0.00, 0.00, 0.00, 0.00, 0.00, 0.00
2094,  0,  34.883,  0.98,  1, 0.05, 0.00, 1.00, 0.13, 0.77, 1.12, 0.00, 0.61, 0.59, 1.21, 0.06, 1.18, 0.10, 0.22, 0.24, 0.20, 0.00, 0.00, 0.00, 1.00, 0.00, 0.00, 1.00, 0.00, 0.00, 0.00, 1.00, 0.00, 1.00, 0.00, 0.00, 0.00, 0.00, 0.00, 0.00
2095,  0,  34.900,  0.98,  1, 0.05, 0.08, 0.97, 0.00, 0.79, 0.82, 0.00, 0.51, 0.55, 1.26, 0.00, 1.35, 0.03, 0.23, 0.26, 0.36, 0.00, 0.00, 0.00, 1.00, 0.00, 0.00, 1.00, 0.00, 0.00, 0.00, 1.00, 0.00, 1.00, 0.00, 0.00, 0.00, 0.00, 0.00, 0.00
2096,  0,  34.917,  0.98,  1, 0.08, 0.08, 0.94, 0.00, 0.86, 0.67, 0.00, 0.50, 0.52, 1.26, 0.00, 1.24, 0.07, 0.12, 0.27, 0.31, 0.05, 0.00, 0.00, 1.00, 0.00, 0.00, 1.00, 0.00, 0.00, 0.00, 1.00, 0.00, 1.00, 0.00, 0.00, 0.00, 0.00, 0.00, 0.00
2097,  0,  34.933,  0.98,  1, 0.16, 0.08, 1.07, 0.00, 0.99, 0.87, 0.00, 0.69, 0.65, 1.25, 0.02, 1.24, 0.07, 0.05, 0.14, 0.43, 0.12, 0.00, 0.00, 1.00, 0.00, 0.00, 1.00, 0.00, 0.00, 0.00, 1.00, 0.00, 1.00, 0.00, 0.00, 0.00, 0.00, 0.00, 0.00
2098,  0,  34.950,  0.98,  1, 0.29, 0.04, 1.11, 0.00, 1.02, 1.01, 0.00, 0.86, 0.78, 1.28, 0.02, 1.09, 0.11, 0.00, 0.24, 0.54, 0.26, 0.00, 1.00, 1.00, 0.00, 0.00, 1.00, 0.00, 0.00, 0.00, 1.00, 0.00, 1.00, 0.00, 0.00, 0.00, 0.00, 0.00, 1.00
2099,  0,  34.967,  0.98,  1, 0.65, 0.23, 1.14, 0.00, 1.05, 0.76, 0.00, 0.91, 0.89, 1.22, 0.03, 1.05, 0.06, 0.00, 0.27, 0.53, 0.61, 0.00, 1.00, 1.00, 0.00, 0.00, 1.00, 0.00, 0.00, 0.00, 1.00, 0.00, 0.00, 0.00, 0.00, 0.00, 0.00, 0.00, 1.00
2100,  0,  34.983,  0.98,  1, 0.86, 0.34, 1.23, 0.00, 0.95, 0.56, 0.00, 0.84, 0.93, 1.12, 0.01, 0.95, 0.14, 0.00, 0.32, 0.43, 0.72, 0.00, 0.00, 1.00, 0.00, 0.00, 1.00, 0.00, 0.00, 0.00, 1.00, 0.00, 0.00, 0.00, 0.00, 0.00, 0.00, 0.00, 1.00
2101,  0,  35.000,  0.98,  1, 0.93, 0.30, 1.12, 0.00, 0.97, 0.50, 0.00, 0.87, 0.96, 1.05, 0.01, 0.89, 0.09, 0.00, 0.31, 0.23, 0.84, 0.00, 0.00, 1.00, 0.00, 0.00, 1.00, 0.00, 0.00, 0.00, 1.00, 0.00, 1.00, 0.00, 0.00, 0.00, 0.00, 0.00, 1.00
2102,  0,  35.017,  0.98,  1, 0.70, 0.11, 1.19, 0.00, 0.93, 0.93, 0.00, 0.79, 0.97, 1.09, 0.07, 1.11, 0.09, 0.00, 0.31, 0.39, 0.66, 0.00, 0.00, 1.00, 0.00, 0.00, 1.00, 0.00, 0.00, 0.00, 1.00, 0.00, 0.00, 0.00, 0.00, 0.00, 0.00, 0.00, 1.00
2103,  0,  35.033,  0.98,  1, 0.41, 0.00, 1.06, 0.00, 0.94, 1.08, 0.00, 0.70, 0.90, 1.18, 0.13, 1.14, 0.04, 0.00, 0.40, 0.41, 0.61, 0.00, 0.00, 1.00, 0.00, 0.00, 1.00, 0.00, 0.00, 0.00, 1.00, 0.00, 1.00, 0.00, 0.00, 0.00, 0.00, 0.00, 1.00
2104,  0,  35.050,  0.98,  1, 0.21, 0.00, 1.17, 0.00, 0.97, 1.49, 0.00, 0.61, 0.87, 1.10, 0.13, 1.01, 0.05, 0.00, 0.26, 0.46, 0.66, 0.00, 0.00, 1.00, 0.00, 0.00, 1.00, 0.00, 0.00, 0.00, 1.00, 0.00, 1.00, 0.00, 0.00, 0.00, 0.00, 0.00, 1.00
2105,  0,  35.067,  0.98,  1, 0.06, 0.03, 1.23, 0.00, 1.04, 1.51, 0.00, 0.53, 0.86, 1.15, 0.09, 0.97, 0.04, 0.00, 0.26, 0.37, 0.66, 0.00, 0.00, 1.00, 0.00, 0.00, 1.00, 0.00, 0.00, 0.00, 1.00, 0.00, 1.00, 0.00, 0.00, 0.00, 0.00, 0.00, 1.00
2106,  0,  35.083,  0.98,  1, 0.00, 0.03, 1.26, 0.01, 1.10, 1.58, 0.00, 0.58, 0.93, 1.10, 0.02, 0.98, 0.07, 0.00, 0.10, 0.39, 0.56, 0.00, 0.00, 1.00, 0.00, 0.00, 1.00, 0.00, 0.00, 0.00, 1.00, 0.00, 1.00, 0.00, 0.00, 0.00, 0.00, 0.00, 1.00
2107,  0,  35.100,  0.98,  1, 0.00, 0.03, 1.32, 0.01, 1.07, 1.56, 0.00, 0.60, 0.85, 1.22, 0.06, 1.21, 0.06, 0.00, 0.10, 0.43, 0.42, 0.00, 0.00, 1.00, 0.00, 0.00, 1.00, 0.00, 0.00, 0.00, 1.00, 0.00, 1.00, 0.00, 0.00, 0.00, 0.00, 0.00, 1.00
2108,  0,  35.117,  0.98,  1, 0.02, 0.00, 1.23, 0.01, 1.05, 1.47, 0.00, 0.70, 0.83, 1.28, 0.09, 1.22, 0.06, 0.00, 0.05, 0.52, 0.18, 0.00, 0.00, 1.00, 0.00, 0.00, 1.00, 0.00, 0.00, 0.00, 1.00, 0.00, 1.00, 0.00, 0.00, 0.00, 0.00, 0.00, 1.00
2109,  0,  35.133,  0.98,  1, 0.02, 0.00, 1.26, 0.00, 1.00, 1.26, 0.00, 0.74, 0.74, 1.42, 0.14, 1.21, 0.02, 0.04, 0.22, 0.54, 0.26, 0.00, 0.00, 1.00, 0.00, 0.00, 1.00, 0.00, 0.00, 0.00, 1.00, 0.00, 1.00, 0.00, 0.00, 0.00, 0.00, 0.00, 0.00
2110,  0,  35.150,  0.98,  1, 0.11, 0.07, 1.32, 0.06, 0.96, 1.21, 0.00, 0.66, 0.74, 1.42, 0.10, 1.15, 0.02, 0.04, 0.29, 0.37, 0.10, 0.00, 0.00, 1.00, 0.00, 0.00, 1.00, 0.00, 0.00, 0.00, 1.00, 0.00, 1.00, 0.00, 0.00, 0.00, 0.00, 0.00, 0.00
2111,  0,  35.167,  0.98,  1, 0.10, 0.07, 1.31, 0.06, 0.89, 1.22, 0.00, 0.65, 0.72, 1.38, 0.09, 1.11, 0.09, 0.06, 0.31, 0.23, 0.11, 0.00, 0.00, 1.00, 0.00, 0.00, 1.00, 0.00, 0.00, 0.00, 1.00, 0.00, 1.00, 0.00, 0.00, 0.00, 0.00, 0.00, 0.00
2112,  0,  35.183,  0.98,  1, 0.10, 0.08, 1.19, 0.06, 0.88, 1.08, 0.00, 0.61, 0.73, 1.11, 0.04, 1.10, 0.21, 0.12, 0.22, 0.06, 0.01, 0.00, 0.00, 1.00, 0.00, 0.00, 1.00, 0.00, 0.00, 0.00, 1.00, 0.00, 1.00, 0.00, 0.00, 0.00, 0.00, 0.00, 0.00
2113,  0,  35.200,  0.98,  1, 0.01, 0.01, 0.96, 0.09, 0.91, 0.97, 0.00, 0.58, 0.75, 0.98, 0.04, 1.19, 0.21, 0.15, 0.15, 0.15, 0.01, 0.00, 0.00, 1.00, 0.00, 0.00, 1.00, 0.00, 0.00, 0.00, 1.00, 0.00, 1.00, 0.00, 0.00, 0.00, 0.00, 0.00, 0.00
2114,  0,  35.217,  0.98,  1, 0.01, 0.01, 1.06, 0.09, 0.96, 1.12, 0.00, 0.62, 0.78, 1.02, 0.04, 1.27, 0.18, 0.14, 0.11, 0.15, 0.01, 0.00, 0.00, 1.00, 0.00, 0.00, 1.00, 0.00, 0.00, 0.00, 1.00, 0.00, 1.00, 0.00, 0.00, 0.00, 0.00, 0.00, 0.00
2115,  0,  35.233,  0.98,  1, 0.05, 0.10, 1.11, 0.15, 0.96, 1.41, 0.00, 0.54, 0.80, 1.34, 0.14, 1.30, 0.04, 0.12, 0.14, 0.37, 0.10, 0.00, 0.00, 1.00, 0.00, 0.00, 1.00, 0.00, 0.00, 0.00, 1.00, 0.00, 1.00, 0.00, 0.00, 0.00, 0.00, 0.00, 0.00
2116,  0,  35.250,  0.98,  1, 0.05, 0.10, 1.23, 0.06, 0.91, 1.44, 0.00, 0.57, 0.79, 1.35, 0.14, 1.28, 0.04, 0.15, 0.26, 0.37, 0.10, 0.00, 0.00, 1.00, 0.00, 0.00, 1.00, 0.00, 0.00, 0.00, 1.00, 0.00, 1.00, 0.00, 0.00, 0.00, 0.00, 0.00, 0.00
2117,  0,  35.267,  0.98,  1, 0.05, 0.10, 1.18, 0.06, 0.87, 1.48, 0.00, 0.51, 0.77, 1.32, 0.09, 1.16, 0.06, 0.17, 0.25, 0.31, 0.08, 0.00, 0.00, 1.00, 0.00, 0.00, 1.00, 0.00, 0.00, 0.00, 1.00, 0.00, 1.00, 0.00, 0.00, 0.00, 0.00, 0.00, 0.00
2118,  0,  35.283,  0.98,  1, 0.01, 0.00, 1.17, 0.00, 0.85, 1.47, 0.00, 0.57, 0.80, 1.26, 0.00, 1.01, 0.06, 0.14, 0.16, 0.17, 0.00, 0.00, 0.00, 1.00, 0.00, 0.00, 1.00, 0.00, 0.00, 0.00, 1.00, 0.00, 1.00, 0.00, 0.00, 0.00, 0.00, 0.00, 0.00
2119,  0,  35.300,  0.98,  1, 0.02, 0.02, 1.23, 0.00, 0.85, 1.40, 0.00, 0.69, 0.85, 1.28, 0.00, 0.96, 0.07, 0.15, 0.10, 0.22, 0.00, 0.00, 0.00, 1.00, 0.00, 0.00, 1.00, 0.00, 0.00, 0.00, 1.00, 0.00, 1.00, 0.00, 0.00, 0.00, 0.00, 0.00, 0.00
2120,  0,  35.317,  0.98,  1, 0.02, 0.02, 1.07, 0.00, 0.80, 0.97, 0.00, 0.73, 0.84, 1.28, 0.00, 0.99, 0.02, 0.19, 0.26, 0.35, 0.00, 0.00, 0.00, 1.00, 0.00, 0.00, 1.00, 0.00, 0.00, 0.00, 1.00, 0.00, 1.00, 0.00, 0.00, 0.00, 0.00, 0.00, 0.00
2121,  0,  35.333,  0.98,  1, 0.02, 0.09, 1.05, 0.00, 0.80, 0.76, 0.00, 0.69, 0.79, 1.24, 0.00, 1.09, 0.11, 0.22, 0.41, 0.43, 0.00, 0.00, 0.00, 1.00, 0.00, 0.00, 1.00, 0.00, 0.00, 0.00, 1.00, 0.00, 0.00, 0.00, 0.00, 0.00, 0.00, 0.00, 0.00
2122,  0,  35.350,  0.98,  1, 0.00, 0.07, 0.97, 0.00, 0.77, 0.68, 0.00, 0.62, 0.72, 1.32, 0.02, 1.28, 0.17, 0.26, 0.36, 0.34, 0.00, 0.00, 0.00, 1.00, 0.00, 0.00, 1.00, 0.00, 0.00, 0.00, 1.00, 0.00, 0.00, 0.00, 0.00, 0.00, 0.00, 0.00, 0.00
2123,  0,  35.367,  0.98,  1, 0.01, 0.07, 1.14, 0.00, 0.81, 0.84, 0.00, 0.62, 0.71, 1.40, 0.02, 1.27, 0.17, 0.26, 0.18, 0.44, 0.00, 0.00, 0.00, 1.00, 0.00, 0.00, 1.00, 0.00, 0.00, 0.00, 1.00, 0.00, 0.00, 0.00, 0.00, 0.00, 0.00, 0.00, 0.00
2124,  0,  35.383,  0.98,  1, 0.01, 0.00, 1.14, 0.13, 0.82, 0.95, 0.00, 0.72, 0.71, 1.37, 0.02, 1.25, 0.09, 0.26, 0.03, 0.40, 0.00, 0.00, 0.00, 1.00, 0.00, 0.00, 1.00, 0.00, 0.00, 0.00, 1.00, 0.00, 0.00, 0.00, 0.00, 0.00, 0.00, 0.00, 0.00
2125,  0,  35.400,  0.98,  1, 0.01, 0.00, 1.06, 0.13, 0.86, 0.89, 0.00, 0.70, 0.76, 1.19, 0.00, 1.02, 0.03, 0.18, 0.10, 0.46, 0.00, 0.00, 0.00, 1.00, 0.00, 0.00, 1.00, 0.00, 0.00, 0.00, 1.00, 0.00, 0.00, 0.00, 0.00, 0.00, 0.00, 0.00, 0.00
2126,  0,  35.417,  0.98,  1, 0.00, 0.00, 1.01, 0.13, 0.89, 0.95, 0.00, 0.67, 0.77, 1.06, 0.00, 1.08, 0.03, 0.17, 0.17, 0.31, 0.00, 0.00, 0.00, 1.00, 0.00, 0.00, 1.00, 0.00, 0.00, 0.00, 1.00, 0.00, 0.00, 0.00, 0.00, 0.00, 0.00, 0.00, 0.00
2127,  0,  35.433,  0.98,  1, 0.00, 0.00, 1.06, 0.00, 0.89, 0.96, 0.00, 0.62, 0.79, 1.10, 0.00, 1.06, 0.07, 0.20, 0.19, 0.20, 0.00, 0.00, 0.00, 1.00, 0.00, 0.00, 1.00, 0.00, 0.00, 0.00, 1.00, 0.00, 0.00, 0.00, 0.00, 0.00, 0.00, 0.00, 0.00
2128,  0,  35.450,  0.98,  1, 0.04, 0.00, 1.04, 0.00, 0.83, 1.00, 0.00, 0.62, 0.77, 1.27, 0.00, 1.04, 0.10, 0.18, 0.20, 0.17, 0.00, 0.00, 0.00, 1.00, 0.00, 0.00, 1.00, 0.00, 0.00, 0.00, 1.00, 0.00, 0.00, 0.00, 0.00, 0.00, 0.00, 0.00, 0.00
2129,  0,  35.467,  0.98,  1, 0.04, 0.02, 1.02, 0.00, 0.77, 1.10, 0.00, 0.63, 0.73, 1.34, 0.00, 1.00, 0.23, 0.16, 0.14, 0.19, 0.00, 0.00, 0.00, 1.00, 0.00, 0.00, 1.00, 0.00, 0.00, 0.00, 1.00, 0.00, 0.00, 0.00, 0.00, 0.00, 0.00, 0.00, 0.00
2130,  0,  35.483,  0.98,  1, 0.08, 0.12, 1.05, 0.08, 0.73, 0.94, 0.00, 0.66, 0.75, 1.30, 0.00, 1.12, 0.17, 0.11, 0.23, 0.23, 0.00, 0.00, 0.00, 1.00, 0.00, 0.00, 1.00, 0.00, 0.00, 0.00, 1.00, 0.00, 0.00, 0.00, 0.00, 0.00, 0.00, 0.00, 0.00
2131,  0,  35.500,  0.98,  1, 0.05, 0.15, 1.13, 0.08, 0.83, 1.12, 0.00, 0.70, 0.73, 1.28, 0.00, 1.24, 0.30, 0.13, 0.15, 0.29, 0.00, 0.00, 0.00, 1.00, 0.00, 0.00, 1.00, 0.00, 0.00, 0.00, 1.00, 0.00, 0.00, 0.00, 0.00, 0.00, 0.00, 0.00, 0.00
2132,  0,  35.517,  0.98,  1, 0.05, 0.14, 1.10, 0.12, 0.86, 1.04, 0.00, 0.66, 0.75, 1.25, 0.00, 1.20, 0.17, 0.17, 0.19, 0.21, 0.00, 0.00, 0.00, 1.00, 0.00, 0.00, 1.00, 0.00, 0.00, 0.00, 1.00, 0.00, 0.00, 0.00, 0.00, 0.00, 0.00, 0.00, 0.00
2133,  0,  35.533,  0.98,  1, 0.00, 0.04, 1.08, 0.04, 0.93, 1.33, 0.00, 0.66, 0.71, 1.16, 0.02, 1.20, 0.28, 0.17, 0.06, 0.19, 0.00, 0.00, 0.00, 1.00, 0.00, 0.00, 1.00, 0.00, 0.00, 0.00, 1.00, 0.00, 0.00, 0.00, 0.00, 0.00, 0.00, 0.00, 0.00
2134,  0,  35.550,  0.98,  1, 0.04, 0.17, 1.15, 0.04, 0.83, 1.21, 0.00, 0.71, 0.67, 1.29, 0.02, 1.01, 0.17, 0.22, 0.14, 0.21, 0.00, 0.00, 0.00, 1.00, 0.00, 0.00, 1.00, 0.00, 0.00, 0.00, 1.00, 0.00, 1.00, 0.00, 0.00, 0.00, 0.00, 0.00, 0.00
2135,  0,  35.567,  0.98,  1, 0.05, 0.33, 1.11, 0.00, 0.86, 1.22, 0.00, 0.78, 0.71, 1.39, 0.02, 1.10, 0.22, 0.23, 0.15, 0.35, 0.00, 0.00, 0.00, 1.00, 0.00, 0.00, 1.00, 0.00, 0.00, 0.00, 1.00, 0.00, 1.00, 0.00, 0.00, 0.00, 0.00, 0.00, 0.00
2136,  0,  35.583,  0.98,  1, 0.05, 0.33, 0.98, 0.08, 0.86, 1.10, 0.00, 0.69, 0.75, 1.38, 0.00, 1.04, 0.12, 0.24, 0.27, 0.43, 0.00, 0.00, 0.00, 1.00, 0.00, 0.00, 1.00, 0.00, 0.00, 0.00, 1.00, 0.00, 0.00, 0.00, 0.00, 0.00, 0.00, 0.00, 0.00
2137,  0,  35.600,  0.98,  1, 0.01, 0.16, 0.93, 0.08, 0.86, 1.13, 0.00, 0.61, 0.78, 1.27, 0.00, 1.26, 0.06, 0.25, 0.37, 0.46, 0.00, 0.00, 0.00, 1.00, 0.00, 0.00, 1.00, 0.00, 0.00, 0.00, 1.00, 0.00, 1.00, 0.00, 0.00, 0.00, 0.00, 0.00, 0.00
2138,  0,  35.617,  0.98,  1, 0.00, 0.00, 1.00, 0.18, 0.86, 1.07, 0.00, 0.53, 0.72, 1.20, 0.00, 1.15, 0.01, 0.20, 0.42, 0.42, 0.00, 0.00, 0.00, 1.00, 0.00, 0.00, 1.00, 0.00, 0.00, 0.00, 1.00, 0.00, 1.00, 0.00, 0.00, 0.00, 0.00, 0.00, 0.00
2139,  0,  35.633,  0.98,  1, 0.00, 0.07, 1.15, 0.10, 0.75, 1.08, 0.00, 0.55, 0.73, 1.27, 0.00, 1.19, 0.00, 0.22, 0.28, 0.39, 0.00, 0.00, 0.00, 1.00, 0.00, 0.00, 1.00, 0.00, 0.00, 0.00, 1.00, 0.00, 1.00, 0.00, 0.00, 0.00, 0.00, 0.00, 0.00
2140,  0,  35.650,  0.98,  1, 0.00, 0.09, 1.07, 0.12, 0.78, 1.20, 0.00, 0.49, 0.73, 1.27, 0.00, 1.08, 0.00, 0.17, 0.25, 0.32, 0.00, 0.00, 0.00, 1.00, 0.00, 0.00, 1.00, 0.00, 0.00, 0.00, 1.00, 0.00, 1.00, 0.00, 0.00, 0.00, 0.00, 0.00, 0.00
2141,  0,  35.667,  0.98,  1, 0.00, 0.09, 1.01, 0.03, 0.71, 1.27, 0.00, 0.60, 0.75, 1.30, 0.01, 1.13, 0.00, 0.17, 0.26, 0.37, 0.00, 0.00, 0.00, 1.00, 0.00, 0.00, 1.00, 0.00, 0.00, 0.00, 1.00, 0.00, 1.00, 0.00, 0.00, 0.00, 0.00, 0.00, 0.00
2142,  0,  35.683,  0.98,  1, 0.03, 0.06, 0.97, 0.03, 0.81, 1.12, 0.00, 0.68, 0.76, 1.23, 0.01, 1.08, 0.00, 0.13, 0.30, 0.27, 0.00, 0.00, 0.00, 1.00, 0.00, 0.00, 1.00, 0.00, 0.00, 0.00, 1.00, 0.00, 0.00, 0.00, 0.00, 0.00, 0.00, 0.00, 0.00
2143,  0,  35.700,  0.98,  1, 0.03, 0.04, 1.00, 0.01, 0.83, 0.96, 0.00, 0.76, 0.78, 1.27, 0.01, 1.08, 0.00, 0.15, 0.20, 0.18, 0.00, 0.00, 0.00, 1.00, 0.00, 0.00, 1.00, 0.00, 0.00, 0.00, 1.00, 0.00, 1.00, 0.00, 0.00, 0.00, 0.00, 0.00, 0.00
2144,  0,  35.717,  0.98,  1, 0.03, 0.04, 1.11, 0.00, 0.86, 0.79, 0.00, 0.68, 0.81, 1.26, 0.00, 1.02, 0.00, 0.19, 0.19, 0.16, 0.00, 0.00, 0.00, 1.00, 0.00, 0.00, 1.00, 0.00, 0.00, 0.00, 1.00, 0.00, 0.00, 0.00, 0.00, 0.00, 0.00, 0.00, 0.00
2145,  0,  35.733,  0.98,  1, 0.01, 0.10, 1.12, 0.00, 0.83, 0.74, 0.00, 0.65, 0.78, 1.38, 0.03, 1.04, 0.08, 0.18, 0.22, 0.36, 0.00, 0.00, 0.00, 1.00, 0.00, 0.00, 1.00, 0.00, 0.00, 0.00, 1.00, 0.00, 0.00, 0.00, 0.00, 0.00, 0.00, 0.00, 0.00
2146,  0,  35.750,  0.98,  1, 0.07, 0.17, 1.24, 0.00, 0.80, 0.82, 0.00, 0.57, 0.77, 1.43, 0.06, 1.07, 0.11, 0.16, 0.19, 0.48, 0.00, 0.00, 0.00, 1.00, 0.00, 0.00, 1.00, 0.00, 0.00, 0.00, 1.00, 0.00, 0.00, 0.00, 0.00, 0.00, 0.00, 0.00, 0.00
2147,  0,  35.767,  0.98,  1, 0.07, 0.17, 1.20, 0.06, 0.84, 1.04, 0.00, 0.60, 0.74, 1.34, 0.06, 1.15, 0.11, 0.16, 0.07, 0.35, 0.00, 0.00, 0.00, 1.00, 0.00, 0.00, 1.00, 0.00, 0.00, 0.00, 1.00, 0.00, 0.00, 0.00, 0.00, 0.00, 0.00, 0.00, 0.00
2148,  0,  35.783,  0.98,  1, 0.14, 0.07, 1.40, 0.06, 0.78, 1.42, 0.00, 0.56, 0.76, 1.36, 0.05, 1.18, 0.03, 0.23, 0.12, 0.17, 0.00, 0.00, 0.00, 1.00, 0.00, 0.00, 1.00, 0.00, 0.00, 0.00, 1.00, 0.00, 0.00, 0.00, 0.00, 0.00, 0.00, 0.00, 0.00
2149,  0,  35.800,  0.98,  1, 0.07, 0.00, 1.43, 0.17, 0.79, 1.47, 0.00, 0.59, 0.73, 1.33, 0.02, 1.20, 0.00, 0.29, 0.13, 0.14, 0.00, 0.00, 0.00, 1.00, 0.00, 0.00, 1.00, 0.00, 0.00, 0.00, 1.00, 0.00, 1.00, 0.00, 0.00, 0.00, 0.00, 0.00, 0.00
2150,  0,  35.817,  0.98,  1, 0.13, 0.01, 1.47, 0.10, 0.75, 1.40, 0.00, 0.49, 0.74, 1.32, 0.02, 1.11, 0.01, 0.32, 0.21, 0.21, 0.00, 0.00, 0.00, 1.00, 0.00, 0.00, 1.00, 0.00, 0.00, 0.00, 1.00, 0.00, 1.00, 0.00, 0.00, 0.00, 0.00, 0.00, 0.00
2151,  0,  35.833,  0.98,  1, 0.06, 0.01, 1.31, 0.18, 0.81, 1.29, 0.00, 0.43, 0.75, 1.15, 0.01, 1.17, 0.01, 0.31, 0.11, 0.28, 0.00, 0.00, 0.00, 1.00, 0.00, 0.00, 1.00, 0.00, 0.00, 0.00, 1.00, 0.00, 1.00, 0.00, 0.00, 0.00, 0.00, 0.00, 0.00
2152,  0,  35.850,  0.98,  1, 0.09, 0.01, 1.14, 0.08, 0.79, 1.29, 0.00, 0.51, 0.80, 1.06, 0.01, 1.16, 0.01, 0.30, 0.14, 0.28, 0.00, 0.00, 0.00, 1.00, 0.00, 0.00, 1.00, 0.00, 0.00, 0.00, 1.00, 0.00, 1.00, 0.00, 0.00, 0.00, 0.00, 0.00, 0.00
2153,  0,  35.867,  0.98,  1, 0.03, 0.00, 1.02, 0.08, 0.79, 1.26, 0.00, 0.55, 0.80, 1.14, 0.01, 1.10, 0.00, 0.27, 0.19, 0.28, 0.00, 0.00, 0.00, 1.00, 0.00, 0.00, 1.00, 0.00, 0.00, 0.00, 1.00, 0.00, 0.00, 0.00, 0.00, 0.00, 0.00, 0.00, 0.00
2154,  0,  35.883,  0.98,  1, 0.03, 0.00, 1.01, 0.00, 0.75, 1.17, 0.00, 0.71, 0.76, 1.39, 0.00, 0.95, 0.00, 0.24, 0.24, 0.23, 0.00, 0.00, 0.00, 1.00, 0.00, 0.00, 1.00, 0.00, 0.00, 0.00, 1.00, 0.00, 0.00, 0.00, 0.00, 0.00, 0.00, 0.00, 0.00
2155,  0,  35.900,  0.98,  1, 0.00, 0.00, 1.27, 0.00, 0.73, 0.92, 0.00, 0.61, 0.70, 1.37, 0.00, 0.91, 0.00, 0.24, 0.28, 0.23, 0.00, 0.00, 0.00, 1.00, 0.00, 0.00, 1.00, 0.00, 0.00, 0.00, 1.00, 0.00, 0.00, 0.00, 0.00, 0.00, 0.00, 0.00, 0.00
2156,  0,  35.917,  0.98,  1, 0.00, 0.00, 1.32, 0.11, 0.75, 1.03, 0.00, 0.65, 0.70, 1.39, 0.00, 0.93, 0.00, 0.26, 0.21, 0.24, 0.00, 0.00, 0.00, 1.00, 0.00, 0.00, 1.00, 0.00, 0.00, 0.00, 1.00, 0.00, 0.00, 0.00, 0.00, 0.00, 0.00, 0.00, 0.00
2157,  0,  35.933,  0.98,  1, 0.00, 0.00, 1.44, 0.11, 0.80, 1.05, 0.00, 0.57, 0.76, 1.30, 0.07, 1.03, 0.00, 0.25, 0.14, 0.28, 0.00, 0.00, 0.00, 1.00, 0.00, 0.00, 1.00, 0.00, 0.00, 0.00, 1.00, 0.00, 0.00, 0.00, 0.00, 0.00, 0.00, 0.00, 0.00
2158,  0,  35.950,  0.98,  1, 0.02, 0.00, 1.33, 0.11, 0.80, 1.08, 0.00, 0.58, 0.74, 1.35, 0.07, 0.97, 0.03, 0.22, 0.18, 0.30, 0.00, 0.00, 0.00, 1.00, 0.00, 0.00, 1.00, 0.00, 0.00, 0.00, 1.00, 0.00, 0.00, 0.00, 0.00, 0.00, 0.00, 0.00, 0.00
2159,  0,  35.967,  0.98,  1, 0.02, 0.00, 1.37, 0.16, 0.82, 0.95, 0.00, 0.62, 0.77, 1.42, 0.08, 1.12, 0.03, 0.20, 0.23, 0.34, 0.00, 0.00, 0.00, 1.00, 0.00, 0.00, 1.00, 0.00, 0.00, 0.00, 1.00, 0.00, 0.00, 0.00, 0.00, 0.00, 0.00, 0.00, 0.00
2160,  0,  35.983,  0.98,  1, 0.02, 0.00, 1.36, 0.16, 0.77, 0.73, 0.00, 0.63, 0.69, 1.50, 0.01, 1.21, 0.04, 0.24, 0.23, 0.33, 0.00, 0.00, 0.00, 1.00, 0.00, 0.00, 1.00, 0.00, 0.00, 0.00, 1.00, 0.00, 0.00, 0.00, 0.00, 0.00, 0.00, 0.00, 0.00
2161,  0,  36.000,  0.98,  1, 0.00, 0.02, 1.33, 0.16, 0.82, 0.74, 0.00, 0.65, 0.72, 1.52, 0.01, 1.35, 0.01, 0.26, 0.10, 0.21, 0.00, 0.00, 0.00, 1.00, 0.00, 0.00, 1.00, 0.00, 0.00, 0.00, 1.00, 0.00, 1.00, 0.00, 0.00, 0.00, 0.00, 0.00, 0.00
2162,  0,  36.017,  0.98,  1, 0.00, 0.02, 1.33, 0.00, 0.79, 0.86, 0.00, 0.47, 0.62, 1.34, 0.00, 1.27, 0.01, 0.22, 0.14, 0.10, 0.00, 0.00, 0.00, 1.00, 0.00, 0.00, 1.00, 0.00, 0.00, 0.00, 1.00, 0.00, 1.00, 0.00, 0.00, 0.00, 0.00, 0.00, 0.00
2163,  0,  36.033,  0.98,  1, 0.00, 0.13, 1.30, 0.06, 0.82, 1.26, 0.00, 0.59, 0.60, 1.43, 0.02, 1.15, 0.00, 0.19, 0.18, 0.05, 0.00, 0.00, 0.00, 1.00, 0.00, 0.00, 1.00, 0.00, 0.00, 0.00, 1.00, 0.00, 1.00, 0.00, 0.00, 0.00, 0.00, 0.00, 0.00
2164,  0,  36.050,  0.98,  1, 0.00, 0.11, 1.32, 0.06, 0.82, 1.41, 0.00, 0.60, 0.57, 1.43, 0.02, 1.06, 0.00, 0.23, 0.28, 0.11, 0.00, 0.00, 0.00, 1.00, 0.00, 0.00, 1.00, 0.00, 0.00, 0.00, 1.00, 0.00, 1.00, 0.00, 0.00, 0.00, 0.00, 0.00, 0.00
2165,  0,  36.067,  0.98,  1, 0.01, 0.24, 1.30, 0.06, 0.81, 1.05, 0.00, 0.78, 0.67, 1.53, 0.02, 1.20, 0.00, 0.30, 0.17, 0.14, 0.00, 0.00, 0.00, 1.00, 0.00, 0.00, 1.00, 0.00, 0.00, 0.00, 1.00, 0.00, 1.00, 0.00, 0.00, 0.00, 0.00, 0.00, 0.00
2166,  0,  36.083,  0.98,  1, 0.01, 0.13, 1.13, 0.09, 0.80, 0.66, 0.00, 0.62, 0.67, 1.22, 0.02, 1.24, 0.01, 0.31, 0.17, 0.25, 0.00, 0.00, 0.00, 1.00, 0.00, 0.00, 1.00, 0.00, 0.00, 0.00, 1.00, 0.00, 1.00, 0.00, 0.00, 0.00, 0.00, 0.00, 0.00
2167,  0,  36.100,  0.98,  1, 0.01, 0.13, 0.97, 0.09, 0.79, 0.43, 0.00, 0.55, 0.73, 1.18, 0.02, 1.21, 0.01, 0.25, 0.09, 0.19, 0.00, 0.00, 0.00, 1.00, 0.00, 0.00, 1.00, 0.00, 0.00, 0.00, 1.00, 0.00, 1.00, 0.00, 0.00, 0.00, 0.00, 0.00, 0.00
2168,  0,  36.117,  0.98,  1, 0.00, 0.00, 0.99, 0.09, 0.85, 0.74, 0.00, 0.49, 0.73, 1.05, 0.02, 1.15, 0.03, 0.21, 0.23, 0.22, 0.00, 0.00, 0.00, 1.00, 0.00, 0.00, 1.00, 0.00, 0.00, 0.00, 1.00, 0.00, 1.00, 0.00, 0.00, 0.00, 0.00, 0.00, 0.00
2169,  0,  36.133,  0.98,  1, 0.03, 0.00, 1.11, 0.00, 0.89, 0.96, 0.00, 0.56, 0.75, 1.11, 0.00, 1.21, 0.05, 0.24, 0.21, 0.19, 0.00, 0.00, 0.00, 1.00, 0.00, 0.00, 1.00, 0.00, 0.00, 0.00, 1.00, 0.00, 1.00, 0.00, 0.00, 0.00, 0.00, 0.00, 0.00
2170,  0,  36.150,  0.98,  1, 0.03, 0.08, 1.20, 0.15, 0.86, 0.90, 0.00, 0.58, 0.76, 1.07, 0.00, 1.29, 0.07, 0.27, 0.22, 0.22, 0.00, 0.00, 0.00, 1.00, 0.00, 0.00, 1.00, 0.00, 0.00, 0.00, 1.00, 0.00, 1.00, 0.00, 0.00, 0.00, 0.00, 0.00, 0.00
2171,  0,  36.167,  0.98,  1, 0.03, 0.08, 1.21, 0.20, 0.80, 0.76, 0.00, 0.63, 0.74, 1.29, 0.00, 1.33, 0.13, 0.31, 0.12, 0.32, 0.00, 0.00, 0.00, 1.00, 0.00, 0.00, 1.00, 0.00, 0.00, 0.00, 1.00, 0.00, 0.00, 0.00, 0.00, 0.00, 0.00, 0.00, 0.00
2172,  0,  36.183,  0.98,  1, 0.00, 0.08, 1.03, 0.24, 0.80, 0.66, 0.00, 0.60, 0.74, 1.26, 0.00, 1.14, 0.10, 0.26, 0.22, 0.26, 0.00, 0.00, 0.00, 1.00, 0.00, 0.00, 1.00, 0.00, 0.00, 0.00, 1.00, 0.00, 1.00, 0.00, 0.00, 0.00, 0.00, 0.00, 0.00
2173,  0,  36.200,  0.98,  1, 0.00, 0.00, 0.98, 0.17, 0.80, 0.90, 0.00, 0.66, 0.75, 1.27, 0.00, 1.06, 0.22, 0.26, 0.19, 0.37, 0.00, 0.00, 0.00, 1.00, 0.00, 0.00, 1.00, 0.00, 0.00, 0.00, 1.00, 0.00, 1.00, 0.00, 0.00, 0.00, 0.00, 0.00, 0.00
2174,  0,  36.217,  0.98,  1, 0.00, 0.05, 1.07, 0.12, 0.83, 0.98, 0.00, 0.57, 0.77, 1.17, 0.00, 1.01, 0.13, 0.21, 0.15, 0.24, 0.00, 0.00, 0.00, 1.00, 0.00, 0.00, 1.00, 0.00, 0.00, 0.00, 1.00, 0.00, 1.00, 0.00, 0.00, 0.00, 0.00, 0.00, 0.00
2175,  0,  36.233,  0.98,  1, 0.04, 0.05, 1.14, 0.08, 0.80, 0.96, 0.00, 0.50, 0.74, 1.25, 0.06, 1.12, 0.17, 0.27, 0.06, 0.37, 0.00, 0.00, 0.00, 1.00, 0.00, 0.00, 1.00, 0.00, 0.00, 0.00, 1.00, 0.00, 1.00, 0.00, 0.00, 0.00, 0.00, 0.00, 0.00
2176,  0,  36.250,  0.98,  1, 0.05, 0.08, 1.24, 0.00, 0.77, 0.88, 0.00, 0.48, 0.75, 1.32, 0.06, 1.14, 0.06, 0.30, 0.25, 0.44, 0.00, 0.00, 0.00, 1.00, 0.00, 0.00, 1.00, 0.00, 0.00, 0.00, 1.00, 0.00, 0.00, 0.00, 0.00, 0.00, 0.00, 0.00, 0.00
2177,  0,  36.267,  0.98,  1, 0.12, 0.03, 1.20, 0.10, 0.76, 0.88, 0.00, 0.64, 0.72, 1.38, 0.06, 1.11, 0.06, 0.37, 0.23, 0.41, 0.00, 0.00, 0.00, 1.00, 0.00, 0.00, 1.00, 0.00, 0.00, 0.00, 1.00, 0.00, 1.00, 0.00, 0.00, 0.00, 0.00, 0.00, 0.00
2178,  0,  36.283,  0.98,  1, 0.10, 0.03, 1.39, 0.10, 0.83, 0.87, 0.00, 0.68, 0.78, 1.37, 0.00, 0.98, 0.03, 0.30, 0.30, 0.36, 0.00, 0.00, 0.00, 1.00, 0.00, 0.00, 1.00, 0.00, 0.00, 0.00, 1.00, 0.00, 1.00, 0.00, 0.00, 0.00, 0.00, 0.00, 0.00
2179,  0,  36.300,  0.98,  1, 0.09, 0.00, 1.34, 0.12, 0.89, 1.07, 0.00, 0.77, 0.71, 1.26, 0.05, 1.08, 0.00, 0.28, 0.10, 0.24, 0.00, 0.00, 0.00, 1.00, 0.00, 0.00, 1.00, 0.00, 0.00, 0.00, 1.00, 0.00, 1.00, 0.00, 0.00, 0.00, 0.00, 0.00, 0.00
2180,  0,  36.317,  0.98,  1, 0.02, 0.00, 1.35, 0.01, 0.87, 1.08, 0.00, 0.57, 0.75, 1.19, 0.05, 1.16, 0.03, 0.29, 0.12, 0.35, 0.00, 0.00, 0.00, 1.00, 0.00, 0.00, 1.00, 0.00, 0.00, 0.00, 1.00, 0.00, 0.00, 0.00, 0.00, 0.00, 0.00, 0.00, 0.00
2181,  0,  36.333,  0.98,  1, 0.00, 0.00, 1.20, 0.10, 0.81, 0.94, 0.00, 0.57, 0.69, 1.05, 0.05, 1.27, 0.04, 0.32, 0.06, 0.35, 0.00, 0.00, 0.00, 1.00, 0.00, 0.00, 1.00, 0.00, 0.00, 0.00, 1.00, 0.00, 0.00, 0.00, 0.00, 0.00, 0.00, 0.00, 0.00
2182,  0,  36.350,  0.98,  1, 0.00, 0.00, 1.14, 0.14, 0.75, 0.59, 0.00, 0.49, 0.70, 1.13, 0.00, 1.15, 0.04, 0.30, 0.17, 0.41, 0.00, 0.00, 0.00, 1.00, 0.00, 0.00, 1.00, 0.00, 0.00, 0.00, 1.00, 0.00, 0.00, 0.00, 0.00, 0.00, 0.00, 0.00, 0.00
2183,  0,  36.367,  0.98,  1, 0.00, 0.00, 1.20, 0.21, 0.77, 0.80, 0.00, 0.50, 0.70, 1.07, 0.00, 1.06, 0.02, 0.27, 0.26, 0.41, 0.00, 0.00, 0.00, 1.00, 0.00, 0.00, 1.00, 0.00, 0.00, 0.00, 1.00, 0.00, 0.00, 0.00, 0.00, 0.00, 0.00, 0.00, 0.00
2184,  0,  36.383,  0.98,  1, 0.00, 0.00, 1.27, 0.12, 0.76, 0.92, 0.00, 0.42, 0.75, 1.24, 0.00, 1.07, 0.01, 0.29, 0.23, 0.27, 0.00, 0.00, 0.00, 1.00, 0.00, 0.00, 1.00, 0.00, 0.00, 0.00, 1.00, 0.00, 0.00, 0.00, 0.00, 0.00, 0.00, 0.00, 0.00
2185,  0,  36.400,  0.98,  1, 0.00, 0.00, 1.28, 0.18, 0.83, 1.30, 0.00, 0.29, 0.77, 1.16, 0.00, 1.09, 0.01, 0.32, 0.16, 0.18, 0.00, 0.00, 0.00, 1.00, 0.00, 0.00, 1.00, 0.00, 0.00, 0.00, 1.00, 0.00, 0.00, 0.00, 0.00, 0.00, 0.00, 0.00, 0.00
2186,  0,  36.417,  0.98,  1, 0.00, 0.00, 1.16, 0.13, 0.87, 1.17, 0.00, 0.33, 0.71, 1.29, 0.08, 1.09, 0.00, 0.33, 0.06, 0.11, 0.00, 0.00, 0.00, 1.00, 0.00, 0.00, 1.00, 0.00, 0.00, 0.00, 1.00, 0.00, 0.00, 0.00, 0.00, 0.00, 0.00, 0.00, 0.00
2187,  0,  36.433,  0.98,  1, 0.00, 0.00, 1.07, 0.23, 0.91, 1.45, 0.00, 0.46, 0.68, 1.20, 0.08, 1.06, 0.01, 0.36, 0.19, 0.27, 0.00, 0.00, 0.00, 1.00, 0.00, 0.00, 1.00, 0.00, 0.00, 0.00, 1.00, 0.00, 0.00, 0.00, 0.00, 0.00, 0.00, 0.00, 0.00
2188,  0,  36.450,  0.98,  1, 0.00, 0.00, 1.22, 0.11, 0.89, 1.20, 0.00, 0.57, 0.63, 1.26, 0.08, 1.21, 0.01, 0.32, 0.15, 0.28, 0.00, 0.00, 0.00, 1.00, 0.00, 0.00, 1.00, 0.00, 0.00, 0.00, 1.00, 0.00, 1.00, 0.00, 0.00, 0.00, 0.00, 0.00, 0.00
2189,  0,  36.467,  0.98,  1, 0.00, 0.00, 1.27, 0.28, 0.84, 0.89, 0.00, 0.59, 0.67, 1.13, 0.00, 1.22, 0.01, 0.24, 0.16, 0.39, 0.00, 0.00, 0.00, 1.00, 0.00, 0.00, 1.00, 0.00, 0.00, 0.00, 1.00, 0.00, 1.00, 0.00, 0.00, 0.00, 0.00, 0.00, 0.00
2190,  0,  36.483,  0.98,  1, 0.00, 0.00, 1.22, 0.27, 0.80, 0.70, 0.00, 0.46, 0.63, 1.16, 0.00, 1.21, 0.00, 0.22, 0.06, 0.28, 0.00, 0.00, 0.00, 1.00, 0.00, 0.00, 1.00, 0.00, 0.00, 0.00, 1.00, 0.00, 1.00, 0.00, 0.00, 0.00, 0.00, 0.00, 0.00
2191,  0,  36.500,  0.98,  1, 0.03, 0.00, 1.01, 0.28, 0.78, 0.61, 0.00, 0.49, 0.65, 1.14, 0.00, 1.16, 0.00, 0.23, 0.06, 0.36, 0.00, 0.00, 0.00, 1.00, 0.00, 0.00, 1.00, 0.00, 0.00, 0.00, 1.00, 0.00, 1.00, 0.00, 0.00, 0.00, 0.00, 0.00, 0.00
2192,  0,  36.517,  0.98,  1, 0.03, 0.00, 0.97, 0.13, 0.76, 0.76, 0.00, 0.51, 0.68, 1.20, 0.02, 1.08, 0.00, 0.33, 0.07, 0.29, 0.00, 0.00, 0.00, 1.00, 0.00, 0.00, 1.00, 0.00, 0.00, 0.00, 1.00, 0.00, 1.00, 0.00, 0.00, 0.00, 0.00, 0.00, 0.00
2193,  0,  36.533,  0.98,  1, 0.03, 0.00, 1.04, 0.04, 0.79, 0.73, 0.00, 0.64, 0.67, 1.18, 0.05, 1.18, 0.00, 0.34, 0.18, 0.24, 0.00, 0.00, 0.00, 1.00, 0.00, 0.00, 1.00, 0.00, 0.00, 0.00, 1.00, 0.00, 1.00, 0.00, 0.00, 0.00, 0.00, 0.00, 0.00
2194,  0,  36.550,  0.98,  1, 0.00, 0.00, 1.03, 0.13, 0.82, 0.87, 0.00, 0.59, 0.68, 1.35, 0.05, 1.09, 0.00, 0.32, 0.31, 0.13, 0.00, 0.00, 0.00, 1.00, 0.00, 0.00, 1.00, 0.00, 0.00, 0.00, 1.00, 0.00, 1.00, 0.00, 0.00, 0.00, 0.00, 0.00, 0.00
2195,  0,  36.567,  0.98,  1, 0.00, 0.00, 0.87, 0.37, 0.76, 0.81, 0.00, 0.63, 0.62, 1.35, 0.03, 1.22, 0.07, 0.31, 0.27, 0.12, 0.00, 0.00, 0.00, 1.00, 0.00, 0.00, 1.00, 0.00, 0.00, 0.00, 1.00, 0.00, 1.00, 0.00, 0.00, 0.00, 0.00, 0.00, 0.00
2196,  0,  36.583,  0.98,  1, 0.00, 0.00, 1.00, 0.37, 0.70, 0.72, 0.00, 0.62, 0.65, 1.43, 0.00, 1.17, 0.07, 0.30, 0.30, 0.19, 0.00, 0.00, 0.00, 1.00, 0.00, 0.00, 1.00, 0.00, 0.00, 0.00, 1.00, 0.00, 0.00, 0.00, 0.00, 0.00, 0.00, 0.00, 0.00
2197,  0,  36.600,  0.98,  1, 0.04, 0.00, 1.04, 0.27, 0.69, 0.69, 0.00, 0.67, 0.69, 1.37, 0.00, 1.17, 0.07, 0.39, 0.26, 0.23, 0.00, 0.00, 0.00, 1.00, 0.00, 0.00, 1.00, 0.00, 0.00, 0.00, 1.00, 0.00, 0.00, 0.00, 0.00, 0.00, 0.00, 0.00, 0.00
2198,  0,  36.617,  0.98,  1, 0.04, 0.00, 1.18, 0.06, 0.88, 0.79, 0.00, 0.71, 0.76, 1.31, 0.00, 1.05, 0.00, 0.25, 0.35, 0.27, 0.00, 0.00, 0.00, 1.00, 0.00, 0.00, 1.00, 0.00, 0.00, 0.00, 1.00, 0.00, 0.00, 0.00, 0.00, 0.00, 0.00, 0.00, 0.00
2199,  0,  36.633,  0.98,  1, 0.04, 0.00, 1.12, 0.06, 1.01, 0.97, 0.00, 0.71, 0.76, 1.36, 0.04, 0.97, 0.08, 0.15, 0.20, 0.27, 0.16, 0.00, 0.00, 1.00, 0.00, 0.00, 1.00, 0.00, 0.00, 0.00, 1.00, 0.00, 1.00, 0.00, 0.00, 0.00, 0.00, 0.00, 0.00
2200,  0,  36.650,  0.98,  1, 0.13, 0.00, 1.22, 0.06, 1.09, 0.97, 0.00, 0.78, 0.85, 1.42, 0.04, 0.98, 0.14, 0.01, 0.17, 0.36, 0.33, 0.00, 0.00, 1.00, 0.00, 0.00, 1.00, 0.00, 0.00, 0.00, 1.00, 0.00, 1.00, 0.00, 0.00, 0.00, 0.00, 0.00, 1.00
2201,  0,  36.667,  0.98,  1, 0.28, 0.00, 1.15, 0.00, 1.02, 0.95, 0.00, 0.80, 0.88, 1.38, 0.04, 1.08, 0.13, 0.00, 0.15, 0.35, 0.40, 0.00, 0.00, 1.00, 0.00, 0.00, 1.00, 0.00, 0.00, 0.00, 1.00, 0.00, 1.00, 0.00, 0.00, 0.00, 0.00, 0.00, 1.00
2202,  0,  36.683,  0.98,  1, 0.42, 0.00, 1.04, 0.00, 1.02, 0.87, 0.00, 0.83, 0.98, 1.35, 0.03, 1.22, 0.15, 0.00, 0.12, 0.42, 0.34, 0.00, 0.00, 1.00, 0.00, 0.00, 1.00, 0.00, 0.00, 0.00, 1.00, 0.00, 1.00, 0.00, 0.00, 0.00, 0.00, 0.00, 1.00
2203,  0,  36.700,  0.98,  1, 0.44, 0.10, 1.17, 0.00, 0.96, 0.92, 0.00, 0.65, 0.92, 1.12, 0.10, 1.22, 0.10, 0.00, 0.23, 0.45, 0.17, 0.00, 0.00, 1.00, 0.00, 0.00, 1.00, 0.00, 0.00, 0.00, 1.00, 0.00, 1.00, 0.00, 0.00, 0.00, 0.00, 0.00, 1.00
2204,  0,  36.717,  0.98,  1, 0.35, 0.10, 1.22, 0.00, 0.94, 1.03, 0.00, 0.52, 0.90, 1.16, 0.21, 1.20, 0.28, 0.00, 0.16, 0.39, 0.27, 0.00, 0.00, 1.00, 0.00, 0.00, 1.00, 0.00, 0.00, 0.00, 1.00, 0.00, 1.00, 0.00, 0.00, 0.00, 0.00, 0.00, 1.00
2205,  0,  36.733,  0.98,  1, 0.22, 0.10, 1.38, 0.00, 0.94, 1.44, 0.00, 0.64, 0.90, 1.08, 0.24, 1.16, 0.22, 0.00, 0.26, 0.28, 0.35, 0.00, 0.00, 1.00, 0.00, 0.00, 1.00, 0.00, 0.00, 0.00, 1.00, 0.00, 1.00, 0.00, 0.00, 0.00, 0.00, 0.00, 1.00
2206,  0,  36.750,  0.98,  1, 0.07, 0.00, 1.23, 0.00, 0.99, 1.68, 0.00, 0.75, 0.86, 1.08, 0.18, 1.09, 0.21, 0.01, 0.24, 0.11, 0.39, 0.00, 0.00, 1.00, 0.00, 0.00, 1.00, 0.00, 0.00, 0.00, 1.00, 0.00, 1.00, 0.00, 0.00, 0.00, 0.00, 0.00, 1.00
2207,  0,  36.767,  0.98,  1, 0.09, 0.06, 1.33, 0.00, 1.03, 1.72, 0.00, 0.82, 0.78, 1.12, 0.10, 1.16, 0.06, 0.03, 0.27, 0.27, 0.21, 0.00, 0.00, 1.00, 0.00, 0.00, 1.00, 0.00, 0.00, 0.00, 1.00, 0.00, 1.00, 0.00, 0.00, 0.00, 0.00, 0.00, 1.00
2208,  0,  36.783,  0.98,  1, 0.09, 0.06, 1.27, 0.00, 0.95, 1.35, 0.00, 0.63, 0.73, 1.14, 0.14, 1.23, 0.02, 0.09, 0.18, 0.37, 0.10, 0.00, 0.00, 1.00, 0.00, 0.00, 1.00, 0.00, 0.00, 0.00, 1.00, 0.00, 1.00, 0.00, 0.00, 0.00, 0.00, 0.00, 0.00
2209,  0,  36.800,  0.98,  1, 0.14, 0.06, 1.30, 0.00, 0.89, 1.20, 0.00, 0.70, 0.78, 1.28, 0.14, 1.26, 0.02, 0.10, 0.04, 0.49, 0.06, 0.00, 0.00, 1.00, 0.00, 0.00, 1.00, 0.00, 0.00, 0.00, 1.00, 0.00, 1.00, 0.00, 0.00, 0.00, 0.00, 0.00, 0.00
2210,  0,  36.817,  0.98,  1, 0.05, 0.00, 1.12, 0.06, 0.84, 0.97, 0.00, 0.68, 0.80, 1.29, 0.11, 1.26, 0.03, 0.16, 0.09, 0.33, 0.06, 0.00, 0.00, 1.00, 0.00, 0.00, 1.00, 0.00, 0.00, 0.00, 1.00, 0.00, 1.00, 0.00, 0.00, 0.00, 0.00, 0.00, 0.00
2211,  0,  36.833,  0.98,  1, 0.08, 0.11, 1.12, 0.06, 0.88, 1.03, 0.00, 0.73, 0.80, 1.15, 0.10, 1.25, 0.04, 0.18, 0.15, 0.36, 0.00, 0.00, 0.00, 1.00, 0.00, 0.00, 1.00, 0.00, 0.00, 0.00, 1.00, 0.00, 1.00, 0.00, 0.00, 0.00, 0.00, 0.00, 0.00
2212,  0,  36.850,  0.98,  1, 0.03, 0.11, 1.04, 0.06, 0.82, 0.91, 0.00, 0.66, 0.78, 1.07, 0.10, 1.36, 0.04, 0.26, 0.14, 0.40, 0.00, 0.00, 0.00, 1.00, 0.00, 0.00, 1.00, 0.00, 0.00, 0.00, 1.00, 0.00, 1.00, 0.00, 0.00, 0.00, 0.00, 0.00, 0.00
2213,  0,  36.867,  0.98,  1, 0.03, 0.12, 1.02, 0.00, 0.79, 0.95, 0.00, 0.67, 0.78, 1.09, 0.10, 1.30, 0.01, 0.30, 0.09, 0.52, 0.00, 0.00, 0.00, 1.00, 0.00, 0.00, 1.00, 0.00, 0.00, 0.00, 1.00, 0.00, 1.00, 0.00, 0.00, 0.00, 0.00, 0.00, 0.00
2214,  0,  36.883,  0.98,  1, 0.00, 0.01, 0.99, 0.00, 0.71, 0.87, 0.00, 0.83, 0.81, 1.13, 0.00, 1.15, 0.00, 0.29, 0.18, 0.43, 0.00, 0.00, 0.00, 1.00, 0.00, 0.00, 1.00, 0.00, 0.00, 0.00, 1.00, 0.00, 1.00, 0.00, 0.00, 0.00, 0.00, 0.00, 0.00
2215,  0,  36.900,  0.98,  1, 0.00, 0.01, 1.05, 0.00, 0.75, 0.93, 0.00, 0.88, 0.78, 1.18, 0.07, 1.17, 0.00, 0.34, 0.18, 0.34, 0.00, 0.00, 0.00, 1.00, 0.00, 0.00, 1.00, 0.00, 0.00, 0.00, 1.00, 0.00, 1.00, 0.00, 0.00, 0.00, 0.00, 0.00, 0.00
2216,  0,  36.917,  0.98,  1, 0.00, 0.00, 1.13, 0.00, 0.80, 1.01, 0.00, 0.87, 0.82, 1.17, 0.07, 1.27, 0.00, 0.31, 0.18, 0.31, 0.00, 0.00, 0.00, 1.00, 0.00, 0.00, 1.00, 0.00, 0.00, 0.00, 1.00, 0.00, 1.00, 0.00, 0.00, 0.00, 0.00, 0.00, 0.00
2217,  0,  36.933,  0.98,  1, 0.00, 0.04, 1.01, 0.00, 0.78, 0.99, 0.00, 0.73, 0.84, 1.29, 0.17, 1.35, 0.08, 0.36, 0.14, 0.40, 0.00, 0.00, 0.00, 1.00, 0.00, 0.00, 1.00, 0.00, 0.00, 0.00, 1.00, 0.00, 1.00, 0.00, 0.00, 0.00, 0.00, 0.00, 0.00
2218,  0,  36.950,  0.98,  1, 0.00, 0.04, 1.03, 0.00, 0.82, 1.23, 0.00, 0.59, 0.85, 1.26, 0.09, 1.33, 0.08, 0.31, 0.14, 0.42, 0.00, 0.00, 0.00, 1.00, 0.00, 0.00, 1.00, 0.00, 0.00, 0.00, 1.00, 0.00, 1.00, 0.00, 0.00, 0.00, 0.00, 0.00, 0.00
2219,  0,  36.967,  0.98,  1, 0.00, 0.04, 0.96, 0.00, 0.80, 1.14, 0.00, 0.60, 0.82, 1.32, 0.11, 1.30, 0.08, 0.29, 0.18, 0.44, 0.00, 0.00, 0.00, 1.00, 0.00, 0.00, 1.00, 0.00, 0.00, 0.00, 1.00, 0.00, 1.00, 0.00, 0.00, 0.00, 0.00, 0.00, 0.00
2220,  0,  36.983,  0.98,  1, 0.00, 0.00, 1.09, 0.00, 0.82, 1.27, 0.00, 0.48, 0.77, 1.22, 0.02, 1.26, 0.05, 0.25, 0.06, 0.39, 0.00, 0.00, 0.00, 1.00, 0.00, 0.00, 1.00, 0.00, 0.00, 0.00, 1.00, 0.00, 1.00, 0.00, 0.00, 0.00, 0.00, 0.00, 0.00
2221,  0,  37.000,  0.98,  1, 0.00, 0.00, 0.94, 0.00, 0.81, 0.98, 0.00, 0.54, 0.78, 1.21, 0.02, 1.29, 0.18, 0.23, 0.13, 0.31, 0.00, 0.00, 0.00, 1.00, 0.00, 0.00, 1.00, 0.00, 0.00, 0.00, 1.00, 0.00, 1.00, 0.00, 0.00, 0.00, 0.00, 0.00, 0.00
2222,  0,  37.017,  0.98,  1, 0.00, 0.00, 0.96, 0.00, 0.75, 0.87, 0.00, 0.66, 0.80, 1.17, 0.02, 1.12, 0.18, 0.28, 0.12, 0.21, 0.00, 0.00, 0.00, 1.00, 0.00, 0.00, 1.00, 0.00, 0.00, 0.00, 1.00, 0.00, 1.00, 0.00, 0.00, 0.00, 0.00, 0.00, 0.00
2223,  0,  37.033,  0.98,  1, 0.00, 0.00, 0.95, 0.00, 0.77, 0.69, 0.00, 0.77, 0.81, 1.30, 0.04, 1.26, 0.14, 0.29, 0.17, 0.28, 0.00, 0.00, 0.00, 1.00, 0.00, 0.00, 1.00, 0.00, 0.00, 0.00, 1.00, 0.00, 1.00, 0.00, 0.00, 0.00, 0.00, 0.00, 0.00
2224,  0,  37.050,  0.98,  1, 0.02, 0.00, 1.01, 0.00, 0.75, 0.74, 0.00, 0.81, 0.80, 1.44, 0.21, 1.28, 0.00, 0.32, 0.17, 0.42, 0.00, 0.00, 0.00, 1.00, 0.00, 0.00, 1.00, 0.00, 0.00, 0.00, 1.00, 0.00, 1.00, 0.00, 0.00, 0.00, 0.00, 0.00, 0.00
2225,  0,  37.067,  0.98,  1, 0.02, 0.05, 0.94, 0.00, 0.75, 1.05, 0.00, 0.59, 0.76, 1.45, 0.19, 1.38, 0.15, 0.29, 0.16, 0.47, 0.00, 0.00, 0.00, 1.00, 0.00, 0.00, 1.00, 0.00, 0.00, 0.00, 1.00, 0.00, 1.00, 0.00, 0.00, 0.00, 0.00, 0.00, 0.00
2226,  0,  37.083,  0.98,  1, 0.02, 0.05, 0.91, 0.00, 0.79, 1.39, 0.00, 0.56, 0.77, 1.30, 0.19, 1.27, 0.14, 0.38, 0.20, 0.42, 0.00, 0.00, 0.00, 1.00, 0.00, 0.00, 1.00, 0.00, 0.00, 0.00, 1.00, 0.00, 1.00, 0.00, 0.00, 0.00, 0.00, 0.00, 0.00
2227,  0,  37.100,  0.98,  1, 0.00, 0.05, 1.00, 0.00, 0.82, 1.36, 0.00, 0.66, 0.83, 1.12, 0.04, 1.21, 0.14, 0.30, 0.14, 0.41, 0.00, 0.00, 0.00, 1.00, 0.00, 0.00, 1.00, 0.00, 0.00, 0.00, 1.00, 0.00, 1.00, 0.00, 0.00, 0.00, 0.00, 0.00, 0.00
2228,  0,  37.117,  0.98,  1, 0.00, 0.07, 1.17, 0.04, 0.90, 1.28, 0.00, 0.80, 0.88, 1.07, 0.07, 1.24, 0.01, 0.24, 0.14, 0.46, 0.00, 0.00, 0.00, 1.00, 0.00, 0.00, 1.00, 0.00, 0.00, 0.00, 1.00, 0.00, 1.00, 0.00, 0.00, 0.00, 0.00, 0.00, 0.00
2229,  0,  37.133,  0.98,  1, 0.00, 0.07, 1.23, 0.16, 0.93, 0.97, 0.00, 0.93, 0.89, 1.07, 0.10, 1.22, 0.13, 0.15, 0.24, 0.44, 0.00, 0.00, 0.00, 1.00, 0.00, 0.00, 1.00, 0.00, 0.00, 0.00, 1.00, 0.00, 1.00, 0.00, 0.00, 0.00, 0.00, 0.00, 0.00
2230,  0,  37.150,  0.98,  1, 0.00, 0.07, 1.04, 0.16, 0.98, 1.06, 0.00, 0.95, 0.88, 1.19, 0.07, 1.26, 0.27, 0.23, 0.25, 0.40, 0.00, 0.00, 0.00, 1.00, 0.00, 0.00, 1.00, 0.00, 0.00, 0.00, 1.00, 0.00, 1.00, 0.00, 0.00, 0.00, 0.00, 0.00, 0.00
2231,  0,  37.167,  0.98,  1, 0.00, 0.00, 0.94, 0.16, 1.01, 0.99, 0.00, 0.92, 0.90, 1.26, 0.06, 1.23, 0.25, 0.29, 0.29, 0.29, 0.00, 0.00, 0.00, 1.00, 0.00, 0.00, 1.00, 0.00, 0.00, 0.00, 1.00, 0.00, 1.00, 0.00, 0.00, 0.00, 0.00, 0.00, 0.00
2232,  0,  37.183,  0.98,  1, 0.00, 0.00, 0.81, 0.04, 0.92, 0.92, 0.00, 0.82, 0.90, 1.27, 0.02, 1.21, 0.14, 0.34, 0.20, 0.28, 0.00, 0.00, 0.00, 1.00, 0.00, 0.00, 1.00, 0.00, 0.00, 0.00, 1.00, 0.00, 0.00, 0.00, 0.00, 0.00, 0.00, 0.00, 0.00
2233,  0,  37.200,  0.98,  1, 0.00, 0.00, 0.90, 0.10, 0.86, 0.88, 0.00, 0.67, 0.88, 1.22, 0.02, 1.12, 0.00, 0.32, 0.33, 0.26, 0.00, 0.00, 0.00, 1.00, 0.00, 0.00, 1.00, 0.00, 0.00, 0.00, 1.00, 0.00, 0.00, 0.00, 0.00, 0.00, 0.00, 0.00, 0.00
2234,  0,  37.217,  0.98,  1, 0.00, 0.11, 0.84, 0.06, 0.80, 0.64, 0.00, 0.59, 0.94, 1.09, 0.07, 1.10, 0.00, 0.29, 0.28, 0.24, 0.00, 0.00, 0.00, 1.00, 0.00, 0.00, 1.00, 0.00, 0.00, 0.00, 1.00, 0.00, 0.00, 0.00, 0.00, 0.00, 0.00, 0.00, 0.00
2235,  0,  37.233,  0.98,  1, 0.00, 0.11, 0.88, 0.06, 0.87, 0.62, 0.00, 0.71, 0.96, 1.15, 0.07, 1.06, 0.00, 0.29, 0.34, 0.36, 0.00, 0.00, 0.00, 1.00, 0.00, 0.00, 1.00, 0.00, 0.00, 0.00, 1.00, 0.00, 0.00, 0.00, 0.00, 0.00, 0.00, 0.00, 0.00
2236,  0,  37.250,  0.98,  1, 0.00, 0.11, 0.92, 0.00, 0.87, 0.60, 0.00, 0.81, 0.96, 1.18, 0.07, 1.00, 0.05, 0.28, 0.37, 0.32, 0.00, 0.00, 0.00, 1.00, 0.00, 0.00, 1.00, 0.00, 0.00, 0.00, 1.00, 0.00, 0.00, 0.00, 0.00, 0.00, 0.00, 0.00, 0.00
2237,  0,  37.267,  0.98,  1, 0.00, 0.00, 1.02, 0.00, 0.90, 1.04, 0.00, 0.92, 0.92, 1.35, 0.00, 1.02, 0.17, 0.27, 0.36, 0.43, 0.00, 0.00, 0.00, 1.00, 0.00, 0.00, 1.00, 0.00, 0.00, 0.00, 1.00, 0.00, 0.00, 0.00, 0.00, 0.00, 0.00, 0.00, 0.00
2238,  0,  37.283,  0.98,  1, 0.00, 0.00, 1.04, 0.00, 0.90, 1.23, 0.00, 0.96, 0.91, 1.38, 0.06, 1.02, 0.17, 0.30, 0.20, 0.40, 0.00, 0.00, 0.00, 1.00, 0.00, 0.00, 1.00, 0.00, 0.00, 0.00, 1.00, 0.00, 0.00, 0.00, 0.00, 0.00, 0.00, 0.00, 0.00
2239,  0,  37.300,  0.98,  1, 0.00, 0.00, 1.00, 0.00, 0.93, 1.34, 0.00, 1.00, 0.97, 1.39, 0.06, 1.01, 0.13, 0.29, 0.13, 0.52, 0.00, 0.00, 0.00, 1.00, 0.00, 0.00, 1.00, 0.00, 0.00, 0.00, 1.00, 0.00, 1.00, 0.00, 0.00, 0.00, 0.00, 0.00, 0.00
2240,  0,  37.317,  0.98,  1, 0.00, 0.00, 0.95, 0.00, 1.00, 1.37, 0.00, 0.86, 1.03, 1.26, 0.06, 1.08, 0.00, 0.34, 0.17, 0.51, 0.00, 0.00, 0.00, 1.00, 0.00, 0.00, 1.00, 0.00, 0.00, 0.00, 1.00, 0.00, 1.00, 0.00, 0.00, 0.00, 0.00, 0.00, 0.00
2241,  0,  37.333,  0.98,  1, 0.00, 0.00, 1.02, 0.00, 1.08, 1.43, 0.00, 0.69, 1.03, 1.18, 0.00, 1.18, 0.11, 0.28, 0.23, 0.32, 0.00, 0.00, 0.00, 1.00, 0.00, 0.00, 1.00, 0.00, 0.00, 0.00, 1.00, 0.00, 1.00, 0.00, 0.00, 0.00, 0.00, 0.00, 0.00
2242,  0,  37.350,  0.98,  1, 0.06, 0.00, 1.09, 0.00, 1.12, 1.48, 0.00, 0.69, 1.04, 1.23, 0.01, 1.31, 0.11, 0.21, 0.23, 0.27, 0.09, 0.00, 0.00, 1.00, 0.00, 0.00, 1.00, 0.00, 0.00, 0.00, 1.00, 0.00, 1.00, 0.00, 0.00, 0.00, 0.00, 0.00, 0.00
2243,  0,  37.367,  0.98,  1, 0.23, 0.09, 1.20, 0.00, 1.19, 1.39, 0.00, 0.93, 1.07, 1.28, 0.01, 1.16, 0.16, 0.10, 0.34, 0.25, 0.17, 0.00, 0.00, 1.00, 0.00, 0.00, 1.00, 0.00, 0.00, 0.00, 1.00, 0.00, 1.00, 0.00, 0.00, 0.00, 0.00, 0.00, 1.00
2244,  0,  37.383,  0.98,  1, 0.53, 0.29, 1.18, 0.00, 1.13, 1.32, 0.00, 0.95, 1.14, 1.39, 0.11, 1.28, 0.18, 0.02, 0.37, 0.38, 0.32, 0.00, 0.00, 1.00, 0.00, 0.00, 1.00, 0.00, 0.00, 0.00, 1.00, 0.00, 1.00, 0.00, 0.00, 0.00, 0.00, 0.00, 1.00
2245,  0,  37.400,  0.98,  1, 0.65, 0.45, 1.12, 0.00, 1.10, 1.10, 0.00, 0.91, 1.17, 1.38, 0.10, 1.24, 0.18, 0.00, 0.49, 0.28, 0.62, 0.00, 0.00, 1.00, 0.00, 0.00, 1.00, 0.00, 0.00, 0.00, 1.00, 0.00, 1.00, 0.00, 0.00, 0.00, 0.00, 0.00, 1.00
2246,  0,  37.417,  0.98,  1, 0.70, 0.40, 1.10, 0.00, 1.05, 0.84, 0.00, 0.81, 1.17, 1.30, 0.13, 1.20, 0.24, 0.00, 0.47, 0.15, 0.79, 0.00, 1.00, 1.00, 0.00, 0.00, 1.00, 0.00, 0.00, 0.00, 1.00, 0.00, 0.00, 0.00, 0.00, 0.00, 0.00, 0.00, 1.00
2247,  0,  37.433,  0.98,  1, 0.52, 0.20, 1.08, 0.00, 1.10, 0.68, 0.00, 0.96, 1.26, 1.21, 0.04, 0.95, 0.11, 0.00, 0.47, 0.03, 0.91, 0.00, 1.00, 1.00, 0.00, 0.00, 1.00, 0.00, 0.00, 0.00, 1.00, 0.00, 0.00, 0.00, 0.00, 0.00, 0.00, 0.00, 1.00
2248,  0,  37.450,  0.98,  1, 0.52, 0.04, 1.10, 0.00, 1.16, 0.68, 0.00, 0.95, 1.27, 1.21, 0.04, 0.91, 0.15, 0.00, 0.43, 0.11, 0.79, 0.00, 1.00, 1.00, 0.00, 0.00, 1.00, 0.00, 0.00, 0.00, 1.00, 0.00, 0.00, 0.00, 0.00, 0.00, 0.00, 0.00, 1.00
2249,  0,  37.467,  0.98,  1, 0.34, 0.02, 1.10, 0.00, 1.14, 1.04, 0.00, 0.90, 1.27, 1.44, 0.10, 1.09, 0.04, 0.00, 0.36, 0.17, 0.69, 0.00, 1.00, 1.00, 0.00, 0.00, 1.00, 0.00, 0.00, 0.00, 1.00, 0.00, 0.00, 0.00, 0.00, 0.00, 0.00, 0.00, 1.00
2250,  0,  37.483,  0.98,  1, 0.26, 0.02, 1.17, 0.00, 1.11, 1.28, 0.00, 0.85, 1.19, 1.56, 0.10, 1.06, 0.04, 0.00, 0.30, 0.32, 0.61, 0.00, 1.00, 1.00, 0.00, 0.00, 1.00, 0.00, 0.00, 0.00, 1.00, 0.00, 0.00, 0.00, 0.00, 0.00, 0.00, 0.00, 1.00
2251,  0,  37.500,  0.98,  1, 0.11, 0.07, 1.22, 0.00, 1.09, 1.49, 0.00, 0.82, 1.20, 1.53, 0.10, 1.08, 0.08, 0.02, 0.26, 0.28, 0.54, 0.00, 1.00, 1.00, 0.00, 0.00, 1.00, 0.00, 0.00, 0.00, 1.00, 0.00, 0.00, 0.00, 0.00, 0.00, 0.00, 0.00, 1.00
2252,  0,  37.517,  0.98,  1, 0.06, 0.12, 1.11, 0.00, 1.13, 1.54, 0.00, 0.92, 1.17, 1.49, 0.06, 1.06, 0.11, 0.03, 0.22, 0.26, 0.51, 0.00, 1.00, 1.00, 0.00, 1.00, 1.00, 0.00, 0.00, 0.00, 1.00, 0.00, 0.00, 0.00, 0.00, 0.00, 0.00, 0.00, 1.00
2253,  0,  37.533,  0.98,  1, 0.04, 0.12, 1.04, 0.00, 1.19, 1.67, 0.00, 0.87, 1.17, 1.42, 0.14, 1.22, 0.11, 0.05, 0.21, 0.10, 0.32, 0.00, 0.00, 1.00, 0.00, 0.00, 1.00, 0.00, 0.00, 0.00, 1.00, 0.00, 1.00, 0.00, 0.00, 0.00, 0.00, 0.00, 1.00
2254,  0,  37.550,  0.98,  1, 0.02, 0.08, 1.01, 0.00, 1.20, 1.80, 0.00, 0.88, 1.09, 1.53, 0.14, 1.12, 0.04, 0.05, 0.08, 0.17, 0.14, 0.00, 0.00, 1.00, 0.00, 0.00, 1.00, 0.00, 0.00, 0.00, 1.00, 0.00, 0.00, 0.00, 0.00, 0.00, 0.00, 0.00, 0.00
2255,  0,  37.567,  0.98,  1, 0.02, 0.01, 1.26, 0.01, 1.18, 1.57, 0.00, 0.87, 1.11, 1.42, 0.13, 1.24, 0.10, 0.12, 0.18, 0.16, 0.02, 0.00, 0.00, 1.00, 0.00, 0.00, 1.00, 0.00, 0.00, 0.00, 1.00, 0.00, 1.00, 0.00, 0.00, 0.00, 0.00, 0.00, 0.00
2256,  0,  37.583,  0.98,  1, 0.00, 0.00, 1.38, 0.01, 1.10, 1.42, 0.00, 0.87, 1.10, 1.58, 0.04, 1.12, 0.10, 0.18, 0.17, 0.22, 0.02, 0.00, 0.00, 1.00, 0.00, 0.00, 1.00, 0.00, 0.00, 0.00, 1.00, 0.00, 1.00, 0.00, 0.00, 0.00, 0.00, 0.00, 0.00
2257,  0,  37.600,  0.98,  1, 0.00, 0.00, 1.39, 0.01, 1.04, 1.11, 0.00, 0.94, 1.13, 1.59, 0.04, 1.25, 0.15, 0.23, 0.25, 0.10, 0.00, 0.00, 0.00, 1.00, 0.00, 0.00, 1.00, 0.00, 0.00, 0.00, 1.00, 0.00, 0.00, 0.00, 0.00, 0.00, 0.00, 0.00, 0.00
2258,  0,  37.617,  0.98,  1, 0.00, 0.00, 1.21, 0.00, 1.01, 1.10, 0.00, 0.88, 1.12, 1.57, 0.00, 0.99, 0.19, 0.19, 0.17, 0.17, 0.00, 0.00, 0.00, 1.00, 0.00, 0.00, 1.00, 0.00, 0.00, 0.00, 1.00, 0.00, 0.00, 0.00, 0.00, 0.00, 0.00, 0.00, 0.00
2259,  0,  37.633,  0.98,  1, 0.00, 0.00, 1.05, 0.00, 1.01, 0.88, 0.00, 0.82, 1.08, 1.38, 0.00, 1.05, 0.31, 0.18, 0.27, 0.21, 0.02, 0.00, 0.00, 1.00, 0.00, 0.00, 1.00, 0.00, 0.00, 0.00, 1.00, 0.00, 1.00, 0.00, 0.00, 0.00, 0.00, 0.00, 0.00
2260,  0,  37.650,  0.98,  1, 0.00, 0.00, 0.95, 0.00, 0.96, 0.96, 0.00, 0.77, 1.09, 1.31, 0.00, 1.06, 0.24, 0.25, 0.18, 0.28, 0.02, 0.00, 0.00, 1.00, 0.00, 0.00, 1.00, 0.00, 0.00, 0.00, 1.00, 0.00, 1.00, 0.00, 0.00, 0.00, 0.00, 0.00, 0.00
2261,  0,  37.667,  0.98,  1, 0.00, 0.00, 0.87, 0.02, 0.97, 0.82, 0.00, 0.87, 1.10, 1.41, 0.00, 1.15, 0.12, 0.28, 0.12, 0.25, 0.02, 0.00, 0.00, 1.00, 0.00, 0.00, 1.00, 0.00, 0.00, 0.00, 1.00, 0.00, 1.00, 0.00, 0.00, 0.00, 0.00, 0.00, 0.00
2262,  0,  37.683,  0.98,  1, 0.00, 0.00, 0.97, 0.09, 0.96, 1.17, 0.00, 0.99, 1.12, 1.49, 0.00, 1.18, 0.08, 0.29, 0.07, 0.16, 0.00, 0.00, 0.00, 1.00, 0.00, 0.00, 1.00, 0.00, 0.00, 0.00, 1.00, 0.00, 0.00, 0.00, 0.00, 0.00, 0.00, 0.00, 0.00
2263,  0,  37.700,  0.98,  1, 0.00, 0.00, 1.00, 0.09, 0.94, 1.16, 0.00, 0.94, 1.06, 1.40, 0.00, 1.13, 0.22, 0.28, 0.21, 0.15, 0.00, 0.00, 0.00, 1.00, 0.00, 0.00, 1.00, 0.00, 0.00, 0.00, 1.00, 0.00, 0.00, 0.00, 0.00, 0.00, 0.00, 0.00, 0.00
2264,  0,  37.717,  0.98,  1, 0.00, 0.00, 1.05, 0.07, 0.91, 1.22, 0.00, 0.78, 1.08, 1.45, 0.00, 1.15, 0.25, 0.33, 0.21, 0.17, 0.00, 0.00, 0.00, 1.00, 0.00, 0.00, 1.00, 0.00, 0.00, 0.00, 1.00, 0.00, 0.00, 0.00, 0.00, 0.00, 0.00, 0.00, 0.00
2265,  0,  37.733,  0.98,  1, 0.00, 0.00, 1.04, 0.00, 0.95, 1.13, 0.00, 0.70, 1.03, 1.41, 0.00, 1.12, 0.17, 0.39, 0.25, 0.23, 0.00, 0.00, 0.00, 1.00, 0.00, 0.00, 1.00, 0.00, 0.00, 1.00, 1.00, 0.00, 0.00, 0.00, 0.00, 0.00, 0.00, 0.00, 0.00
2266,  0,  37.750,  0.98,  1, 0.00, 0.00, 1.08, 0.03, 1.04, 1.22, 0.00, 0.72, 1.08, 1.50, 0.00, 1.09, 0.03, 0.43, 0.11, 0.22, 0.00, 0.00, 0.00, 1.00, 0.00, 0.00, 1.00, 0.00, 0.00, 0.00, 1.00, 0.00, 0.00, 0.00, 0.00, 0.00, 0.00, 0.00, 0.00
2267,  0,  37.767,  0.98,  1, 0.00, 0.00, 1.10, 0.07, 1.01, 1.30, 0.00, 0.73, 1.01, 1.47, 0.00, 1.11, 0.00, 0.37, 0.29, 0.12, 0.00, 0.00, 0.00, 1.00, 0.00, 0.00, 1.00, 0.00, 0.00, 0.00, 1.00, 0.00, 0.00, 0.00, 0.00, 0.00, 0.00, 0.00, 0.00
2268,  0,  37.783,  0.98,  1, 0.00, 0.00, 1.06, 0.14, 0.92, 1.14, 0.00, 0.77, 0.98, 1.44, 0.00, 1.13, 0.00, 0.33, 0.20, 0.12, 0.00, 0.00, 0.00, 1.00, 0.00, 0.00, 1.00, 0.00, 0.00, 0.00, 1.00, 0.00, 0.00, 0.00, 0.00, 0.00, 0.00, 0.00, 0.00
2269,  0,  37.800,  0.98,  1, 0.00, 0.01, 1.04, 0.13, 0.89, 0.90, 0.00, 0.73, 0.97, 1.42, 0.03, 1.15, 0.00, 0.28, 0.33, 0.11, 0.00, 0.00, 0.00, 1.00, 0.00, 0.00, 1.00, 0.00, 0.00, 0.00, 1.00, 0.00, 0.00, 0.00, 0.00, 0.00, 0.00, 0.00, 0.00
2270,  0,  37.817,  0.98,  1, 0.00, 0.01, 1.10, 0.10, 0.92, 0.91, 0.00, 0.75, 0.97, 1.45, 0.03, 1.04, 0.00, 0.33, 0.21, 0.24, 0.00, 0.00, 0.00, 1.00, 0.00, 0.00, 1.00, 0.00, 0.00, 0.00, 1.00, 0.00, 0.00, 0.00, 0.00, 0.00, 0.00, 0.00, 0.00
2271,  0,  37.833,  0.98,  1, 0.00, 0.01, 1.09, 0.06, 0.91, 0.90, 0.00, 0.67, 0.98, 1.48, 0.03, 0.96, 0.00, 0.30, 0.33, 0.32, 0.00, 0.00, 0.00, 1.00, 0.00, 0.00, 1.00, 0.00, 0.00, 0.00, 1.00, 0.00, 0.00, 0.00, 0.00, 0.00, 0.00, 0.00, 0.00
2272,  0,  37.850,  0.98,  1, 0.00, 0.00, 0.99, 0.04, 0.86, 0.97, 0.00, 0.75, 0.93, 1.47, 0.04, 1.00, 0.07, 0.26, 0.24, 0.27, 0.00, 0.00, 0.00, 1.00, 0.00, 0.00, 1.00, 0.00, 0.00, 0.00, 1.00, 0.00, 0.00, 0.00, 0.00, 0.00, 0.00, 0.00, 0.00
2273,  0,  37.867,  0.98,  1, 0.00, 0.00, 0.86, 0.03, 0.78, 0.80, 0.00, 0.78, 0.98, 1.26, 0.04, 1.00, 0.12, 0.34, 0.30, 0.30, 0.00, 0.00, 0.00, 1.00, 0.00, 0.00, 1.00, 0.00, 0.00, 0.00, 1.00, 0.00, 0.00, 0.00, 0.00, 0.00, 0.00, 0.00, 0.00
2274,  0,  37.883,  0.98,  1, 0.00, 0.00, 0.76, 0.00, 0.83, 1.03, 0.00, 0.78, 0.97, 1.07, 0.09, 1.06, 0.12, 0.36, 0.26, 0.28, 0.00, 0.00, 0.00, 1.00, 0.00, 0.00, 1.00, 0.00, 0.00, 0.00, 1.00, 0.00, 0.00, 0.00, 0.00, 0.00, 0.00, 0.00, 0.00
2275,  0,  37.900,  0.98,  1, 0.00, 0.00, 0.89, 0.00, 0.86, 1.04, 0.00, 0.77, 0.99, 1.04, 0.15, 1.09, 0.04, 0.43, 0.24, 0.27, 0.00, 0.00, 0.00, 1.00, 0.00, 0.00, 1.00, 0.00, 0.00, 0.00, 1.00, 0.00, 0.00, 0.00, 0.00, 0.00, 0.00, 0.00, 0.00
2276,  0,  37.917,  0.98,  1, 0.00, 0.00, 0.85, 0.08, 0.90, 1.08, 0.00, 0.65, 0.91, 1.24, 0.15, 1.10, 0.03, 0.40, 0.23, 0.11, 0.00, 0.00, 0.00, 1.00, 0.00, 0.00, 1.00, 0.00, 0.00, 0.00, 1.00, 0.00, 1.00, 0.00, 0.00, 0.00, 0.00, 0.00, 0.00
2277,  0,  37.933,  0.98,  1, 0.00, 0.00, 0.90, 0.23, 0.92, 0.83, 0.00, 0.66, 0.95, 1.37, 0.10, 1.07, 0.03, 0.42, 0.13, 0.06, 0.00, 0.00, 0.00, 1.00, 0.00, 0.00, 1.00, 0.00, 0.00, 0.00, 1.00, 0.00, 0.00, 0.00, 0.00, 0.00, 0.00, 0.00, 0.00
2278,  0,  37.950,  0.98,  1, 0.00, 0.00, 0.84, 0.32, 0.87, 0.80, 0.00, 0.58, 0.91, 1.35, 0.01, 1.05, 0.03, 0.47, 0.10, 0.12, 0.00, 0.00, 0.00, 1.00, 0.00, 0.00, 1.00, 0.00, 0.00, 0.00, 1.00, 0.00, 1.00, 0.00, 0.00, 0.00, 0.00, 0.00, 0.00
2279,  0,  37.967,  0.98,  1, 0.00, 0.00, 0.87, 0.34, 0.84, 0.84, 0.00, 0.68, 0.90, 1.24, 0.01, 1.07, 0.00, 0.47, 0.03, 0.28, 0.00, 0.00, 0.00, 1.00, 0.00, 0.00, 1.00, 0.00, 0.00, 0.00, 1.00, 0.00, 1.00, 0.00, 0.00, 0.00, 0.00, 0.00, 0.00
2280,  0,  37.983,  0.98,  1, 0.05, 0.00, 1.10, 0.20, 0.74, 0.83, 0.00, 0.76, 0.92, 1.29, 0.01, 1.19, 0.00, 0.46, 0.03, 0.28, 0.00, 0.00, 0.00, 1.00, 0.00, 0.00, 1.00, 0.00, 0.00, 0.00, 1.00, 0.00, 0.00, 0.00, 0.00, 0.00, 0.00, 0.00, 0.00
2281,  0,  38.000,  0.98,  1, 0.05, 0.01, 1.19, 0.22, 0.74, 0.94, 0.00, 0.71, 0.95, 1.19, 0.00, 1.00, 0.03, 0.34, 0.18, 0.23, 0.00, 0.00, 0.00, 1.00, 0.00, 0.00, 1.00, 0.00, 0.00, 0.00, 1.00, 0.00, 1.00, 0.00, 0.00, 0.00, 0.00, 0.00, 0.00
2282,  0,  38.017,  0.98,  1, 0.05, 0.01, 1.21, 0.11, 0.79, 1.08, 0.00, 0.62, 0.94, 1.21, 0.00, 0.90, 0.03, 0.28, 0.21, 0.08, 0.00, 0.00, 0.00, 1.00, 0.00, 0.00, 1.00, 0.00, 0.00, 0.00, 1.00, 0.00, 1.00, 0.00, 0.00, 0.00, 0.00, 0.00, 0.00
2283,  0,  38.033,  0.98,  1, 0.04, 0.01, 1.12, 0.16, 0.85, 1.26, 0.00, 0.57, 0.91, 1.14, 0.00, 0.93, 0.05, 0.28, 0.31, 0.04, 0.00, 0.00, 0.00, 1.00, 0.00, 0.00, 1.00, 0.00, 0.00, 0.00, 1.00, 0.00, 0.00, 0.00, 0.00, 0.00, 0.00, 0.00, 0.00
2284,  0,  38.050,  0.98,  1, 0.04, 0.00, 1.12, 0.12, 0.86, 1.16, 0.00, 0.57, 0.91, 1.29, 0.00, 1.06, 0.03, 0.33, 0.29, 0.20, 0.00, 0.00, 0.00, 1.00, 0.00, 0.00, 1.00, 0.00, 0.00, 0.00, 1.00, 0.00, 0.00, 0.00, 0.00, 0.00, 0.00, 0.00, 0.00
2285,  0,  38.067,  0.98,  1, 0.04, 0.00, 1.24, 0.14, 0.88, 1.11, 0.00, 0.66, 0.96, 1.36, 0.00, 1.17, 0.07, 0.36, 0.22, 0.25, 0.00, 0.00, 0.00, 1.00, 0.00, 0.00, 1.00, 0.00, 0.00, 0.00, 1.00, 0.00, 0.00, 0.00, 0.00, 0.00, 0.00, 0.00, 0.00
2286,  0,  38.083,  0.98,  1, 0.00, 0.02, 1.14, 0.16, 0.91, 1.01, 0.00, 0.68, 0.98, 1.40, 0.00, 0.98, 0.05, 0.34, 0.14, 0.35, 0.00, 0.00, 0.00, 1.00, 0.00, 0.00, 1.00, 0.00, 0.00, 0.00, 1.00, 0.00, 0.00, 0.00, 0.00, 0.00, 0.00, 0.00, 0.00
2287,  0,  38.100,  0.98,  1, 0.00, 0.07, 1.11, 0.21, 1.03, 1.06, 0.00, 0.71, 0.98, 1.48, 0.00, 0.98, 0.05, 0.38, 0.11, 0.20, 0.00, 0.00, 0.00, 1.00, 0.00, 0.00, 1.00, 0.00, 0.00, 0.00, 1.00, 0.00, 1.00, 0.00, 0.00, 0.00, 0.00, 0.00, 0.00
2288,  0,  38.117,  0.98,  1, 0.00, 0.07, 1.15, 0.19, 1.01, 1.15, 0.00, 0.66, 0.94, 1.43, 0.00, 0.96, 0.00, 0.32, 0.12, 0.18, 0.00, 0.00, 0.00, 1.00, 0.00, 0.00, 1.00, 0.00, 0.00, 0.00, 1.00, 0.00, 0.00, 0.00, 0.00, 0.00, 0.00, 0.00, 0.00
2289,  0,  38.133,  0.98,  1, 0.02, 0.05, 1.19, 0.12, 0.95, 1.12, 0.00, 0.68, 0.87, 1.51, 0.00, 1.10, 0.00, 0.33, 0.20, 0.13, 0.00, 0.00, 0.00, 1.00, 0.00, 0.00, 1.00, 0.00, 0.00, 0.00, 1.00, 0.00, 0.00, 0.00, 0.00, 0.00, 0.00, 0.00, 0.00
2290,  0,  38.150,  0.98,  1, 0.05, 0.00, 1.37, 0.01, 0.80, 0.91, 0.00, 0.73, 0.83, 1.47, 0.00, 1.18, 0.00, 0.32, 0.12, 0.12, 0.00, 0.00, 0.00, 1.00, 0.00, 0.00, 1.00, 0.00, 0.00, 0.00, 1.00, 0.00, 1.00, 0.00, 0.00, 0.00, 0.00, 0.00, 0.00
2291,  0,  38.167,  0.98,  1, 0.05, 0.00, 1.35, 0.02, 0.76, 0.91, 0.00, 0.72, 0.86, 1.29, 0.07, 1.29, 0.00, 0.42, 0.20, 0.20, 0.00, 0.00, 0.00, 1.00, 0.00, 0.00, 1.00, 0.00, 0.00, 0.00, 1.00, 0.00, 1.00, 0.00, 0.00, 0.00, 0.00, 0.00, 0.00
2292,  0,  38.183,  0.98,  1, 0.03, 0.00, 1.36, 0.02, 0.81, 1.23, 0.00, 0.75, 0.86, 1.27, 0.07, 1.37, 0.00, 0.44, 0.13, 0.25, 0.00, 0.00, 0.00, 1.00, 0.00, 0.00, 1.00, 0.00, 0.00, 0.00, 1.00, 0.00, 1.00, 0.00, 0.00, 0.00, 0.00, 0.00, 0.00
2293,  0,  38.200,  0.98,  1, 0.00, 0.00, 1.19, 0.06, 0.82, 1.25, 0.00, 0.72, 0.90, 1.20, 0.07, 1.27, 0.00, 0.39, 0.19, 0.48, 0.00, 0.00, 0.00, 1.00, 0.00, 0.00, 1.00, 0.00, 0.00, 0.00, 1.00, 0.00, 1.00, 0.00, 0.00, 0.00, 0.00, 0.00, 0.00
2294,  0,  38.217,  0.98,  1, 0.00, 0.01, 1.19, 0.39, 0.84, 1.01, 0.00, 0.74, 0.85, 1.36, 0.00, 1.28, 0.00, 0.38, 0.24, 0.36, 0.00, 0.00, 0.00, 1.00, 0.00, 0.00, 1.00, 0.00, 0.00, 0.00, 1.00, 0.00, 0.00, 0.00, 0.00, 0.00, 0.00, 0.00, 0.00
2295,  0,  38.233,  0.98,  1, 0.00, 0.01, 1.16, 0.63, 0.80, 0.56, 0.00, 0.67, 0.83, 1.29, 0.00, 1.13, 0.00, 0.32, 0.39, 0.31, 0.00, 0.00, 0.00, 1.00, 0.00, 0.00, 1.00, 0.00, 0.00, 0.00, 1.00, 0.00, 0.00, 0.00, 0.00, 0.00, 0.00, 0.00, 0.00
2296,  0,  38.250,  0.98,  1, 0.00, 0.01, 1.10, 0.68, 0.75, 0.49, 0.00, 0.63, 0.77, 1.23, 0.00, 1.14, 0.00, 0.36, 0.33, 0.13, 0.00, 0.00, 0.00, 1.00, 0.00, 0.00, 1.00, 0.00, 0.00, 0.00, 1.00, 0.00, 0.00, 0.00, 0.00, 0.00, 0.00, 0.00, 0.00
2297,  0,  38.267,  0.98,  1, 0.00, 0.00, 1.11, 0.66, 0.73, 0.51, 0.00, 0.60, 0.77, 1.06, 0.00, 1.07, 0.00, 0.36, 0.21, 0.23, 0.00, 0.00, 0.00, 1.00, 0.00, 0.00, 1.00, 0.00, 0.00, 0.00, 1.00, 0.00, 0.00, 0.00, 0.00, 0.00, 0.00, 0.00, 0.00
2298,  0,  38.283,  0.98,  1, 0.00, 0.00, 1.11, 0.87, 0.69, 0.52, 0.00, 0.54, 0.78, 1.20, 0.00, 1.19, 0.00, 0.48, 0.17, 0.32, 0.00, 0.00, 0.00, 1.00, 0.00, 0.00, 1.00, 0.00, 0.00, 0.00, 1.00, 0.00, 0.00, 0.00, 0.00, 0.00, 0.00, 0.00, 0.00
2299,  0,  38.300,  0.98,  1, 0.00, 0.00, 1.01, 1.14, 0.75, 0.62, 0.00, 0.57, 0.82, 1.23, 0.00, 1.07, 0.02, 0.50, 0.28, 0.29, 0.00, 0.00, 0.00, 1.00, 0.00, 0.00, 1.00, 0.00, 0.00, 0.00, 1.00, 0.00, 0.00, 0.00, 0.00, 0.00, 0.00, 0.00, 0.00
2300,  0,  38.317,  0.98,  1, 0.00, 0.00, 1.08, 1.23, 0.68, 0.53, 0.00, 0.54, 0.84, 1.31, 0.00, 1.15, 0.02, 0.57, 0.34, 0.17, 0.00, 0.00, 0.00, 1.00, 0.00, 0.00, 1.00, 0.00, 0.00, 0.00, 1.00, 0.00, 0.00, 0.00, 0.00, 0.00, 0.00, 0.00, 0.00
2301,  0,  38.333,  0.98,  1, 0.00, 0.00, 1.06, 1.22, 0.66, 0.73, 0.00, 0.59, 0.86, 1.16, 0.00, 0.92, 0.04, 0.55, 0.22, 0.01, 0.00, 0.00, 0.00, 1.00, 1.00, 0.00, 1.00, 0.00, 0.00, 0.00, 1.00, 0.00, 0.00, 0.00, 0.00, 0.00, 0.00, 0.00, 0.00
2302,  0,  38.350,  0.98,  1, 0.00, 0.00, 1.12, 1.26, 0.62, 0.66, 0.00, 0.49, 0.85, 1.15, 0.00, 0.99, 0.02, 0.54, 0.12, 0.07, 0.00, 0.00, 0.00, 1.00, 1.00, 0.00, 1.00, 0.00, 0.00, 0.00, 1.00, 0.00, 0.00, 0.00, 0.00, 0.00, 0.00, 0.00, 0.00
2303,  0,  38.367,  0.98,  1, 0.00, 0.17, 1.02, 1.46, 0.65, 0.63, 0.00, 0.46, 0.83, 1.21, 0.00, 0.84, 0.02, 0.51, 0.15, 0.18, 0.00, 0.00, 0.00, 1.00, 0.00, 0.00, 1.00, 0.00, 0.00, 0.00, 1.00, 0.00, 0.00, 0.00, 0.00, 0.00, 0.00, 0.00, 0.00
2304,  0,  38.383,  0.98,  1, 0.00, 0.17, 1.00, 1.39, 0.65, 0.26, 0.00, 0.36, 0.83, 1.22, 0.00, 0.94, 0.00, 0.52, 0.17, 0.18, 0.00, 0.00, 0.00, 1.00, 0.00, 0.00, 1.00, 0.00, 0.00, 0.00, 1.00, 0.00, 0.00, 0.00, 0.00, 0.00, 0.00, 0.00, 0.00
2305,  0,  38.400,  0.98,  1, 0.00, 0.17, 1.00, 1.47, 0.67, 0.34, 0.00, 0.40, 0.76, 1.31, 0.00, 1.08, 0.00, 0.53, 0.20, 0.26, 0.00, 0.00, 0.00, 1.00, 0.00, 0.00, 1.00, 0.00, 0.00, 0.00, 1.00, 0.00, 0.00, 0.00, 0.00, 0.00, 0.00, 0.00, 0.00
2306,  0,  38.417,  0.98,  1, 0.00, 0.00, 0.89, 1.30, 0.69, 0.34, 0.00, 0.41, 0.79, 1.25, 0.01, 1.13, 0.00, 0.51, 0.24, 0.19, 0.00, 0.00, 0.00, 1.00, 0.00, 0.00, 1.00, 0.00, 0.00, 0.00, 1.00, 0.00, 0.00, 0.00, 0.00, 0.00, 0.00, 0.00, 0.00
2307,  0,  38.433,  0.98,  1, 0.00, 0.00, 0.93, 1.45, 0.75, 0.58, 0.00, 0.51, 0.76, 1.31, 0.01, 1.15, 0.00, 0.53, 0.38, 0.37, 0.00, 0.00, 0.00, 1.00, 1.00, 0.00, 1.00, 0.00, 0.00, 0.00, 1.00, 0.00, 0.00, 0.00, 0.00, 0.00, 0.00, 0.00, 0.00
2308,  0,  38.450,  0.98,  1, 0.00, 0.00, 1.00, 1.38, 0.80, 0.52, 0.00, 0.51, 0.79, 1.44, 0.05, 1.10, 0.01, 0.58, 0.45, 0.34, 0.00, 0.00, 0.00, 1.00, 1.00, 0.00, 1.00, 0.00, 0.00, 0.00, 1.00, 0.00, 0.00, 0.00, 0.00, 0.00, 0.00, 0.00, 0.00
2309,  0,  38.467,  0.98,  1, 0.00, 0.00, 1.00, 1.67, 0.80, 0.49, 0.00, 0.57, 0.70, 1.43, 0.04, 1.08, 0.01, 0.57, 0.47, 0.40, 0.00, 0.00, 0.00, 1.00, 1.00, 0.00, 1.00, 0.00, 0.00, 0.00, 1.00, 0.00, 0.00, 0.00, 0.00, 0.00, 0.00, 0.00, 0.00
2310,  0,  38.483,  0.98,  1, 0.00, 0.00, 0.90, 1.56, 0.77, 0.38, 0.00, 0.56, 0.70, 1.39, 0.04, 1.00, 0.01, 0.51, 0.38, 0.23, 0.00, 0.00, 0.00, 1.00, 1.00, 0.00, 1.00, 0.00, 0.00, 0.00, 1.00, 0.00, 0.00, 0.00, 0.00, 0.00, 0.00, 0.00, 0.00
2311,  0,  38.500,  0.98,  1, 0.00, 0.00, 0.79, 1.55, 0.74, 0.30, 0.00, 0.58, 0.68, 1.19, 0.00, 1.03, 0.00, 0.45, 0.30, 0.25, 0.00, 0.00, 0.00, 1.00, 1.00, 0.00, 1.00, 0.00, 0.00, 0.00, 1.00, 0.00, 0.00, 0.00, 0.00, 0.00, 0.00, 0.00, 0.00
2312,  0,  38.517,  0.98,  1, 0.00, 0.00, 0.92, 0.85, 0.78, 0.51, 0.00, 0.43, 0.70, 1.33, 0.00, 1.03, 0.00, 0.46, 0.19, 0.22, 0.00, 0.00, 0.00, 1.00, 1.00, 0.00, 1.00, 0.00, 0.00, 0.00, 1.00, 0.00, 0.00, 0.00, 0.00, 0.00, 0.00, 0.00, 0.00
2313,  0,  38.533,  0.98,  1, 0.03, 0.03, 0.90, 0.42, 0.75, 0.70, 0.00, 0.40, 0.69, 1.35, 0.00, 1.02, 0.02, 0.38, 0.27, 0.31, 0.00, 0.00, 1.00, 1.00, 0.00, 0.00, 1.00, 0.00, 0.00, 0.00, 1.00, 0.00, 0.00, 0.00, 0.00, 0.00, 0.00, 0.00, 0.00
2314,  0,  38.550,  0.98,  1, 0.07, 0.06, 0.93, 0.00, 0.85, 1.08, 0.00, 0.48, 0.78, 1.35, 0.03, 0.95, 0.04, 0.24, 0.35, 0.37, 0.10, 0.00, 1.00, 1.00, 0.00, 0.00, 1.00, 0.00, 0.00, 0.00, 1.00, 0.00, 0.00, 0.00, 0.00, 0.00, 0.00, 0.00, 0.00
2315,  0,  38.567,  0.98,  1, 0.18, 0.10, 0.82, 0.00, 0.89, 1.01, 0.00, 0.54, 0.86, 1.23, 0.11, 0.98, 0.07, 0.08, 0.36, 0.50, 0.29, 0.00, 1.00, 1.00, 0.00, 0.00, 1.00, 0.00, 0.00, 0.00, 1.00, 0.00, 0.00, 0.00, 0.00, 0.00, 0.00, 0.00, 1.00
2316,  0,  38.583,  0.98,  1, 0.36, 0.07, 0.94, 0.00, 1.00, 1.01, 0.00, 0.62, 0.98, 1.10, 0.20, 1.06, 0.15, 0.02, 0.25, 0.52, 0.49, 0.00, 1.00, 1.00, 0.00, 0.00, 1.00, 0.00, 0.00, 0.00, 1.00, 0.00, 0.00, 0.00, 0.00, 0.00, 0.00, 0.00, 1.00
2317,  0,  38.600,  0.98,  1, 0.46, 0.12, 1.07, 0.00, 0.96, 0.98, 0.00, 0.68, 1.03, 1.07, 0.18, 1.08, 0.14, 0.00, 0.21, 0.42, 0.58, 0.00, 1.00, 1.00, 0.00, 0.00, 1.00, 0.00, 0.00, 0.00, 1.00, 0.00, 0.00, 0.00, 0.00, 0.00, 0.00, 0.00, 1.00
2318,  0,  38.617,  0.98,  1, 0.45, 0.13, 1.04, 0.00, 0.94, 1.15, 0.00, 0.79, 1.05, 0.93, 0.09, 1.06, 0.20, 0.00, 0.15, 0.43, 0.38, 0.00, 0.00, 1.00, 0.00, 0.00, 1.00, 0.00, 0.00, 0.00, 1.00, 0.00, 0.00, 0.00, 0.00, 0.00, 0.00, 0.00, 1.00
2319,  0,  38.633,  0.98,  1, 0.30, 0.13, 1.09, 0.00, 0.96, 1.41, 0.00, 0.73, 1.02, 0.93, 0.00, 1.02, 0.27, 0.00, 0.20, 0.37, 0.28, 0.00, 0.00, 1.00, 0.00, 0.00, 1.00, 0.00, 0.00, 0.00, 1.00, 0.00, 0.00, 0.00, 0.00, 0.00, 0.00, 0.00, 1.00
2320,  0,  38.650,  0.98,  1, 0.16, 0.05, 1.05, 0.00, 0.95, 1.47, 0.00, 0.68, 0.88, 0.88, 0.03, 1.08, 0.27, 0.00, 0.10, 0.44, 0.12, 0.00, 0.00, 1.00, 0.00, 0.00, 1.00, 0.00, 0.00, 0.00, 1.00, 0.00, 0.00, 0.00, 0.00, 0.00, 0.00, 0.00, 1.00
2321,  0,  38.667,  0.98,  1, 0.08, 0.02, 1.15, 0.00, 0.94, 1.52, 0.00, 0.66, 0.82, 0.96, 0.03, 1.09, 0.26, 0.00, 0.16, 0.24, 0.12, 0.00, 0.00, 1.00, 0.00, 0.00, 1.00, 0.00, 0.00, 0.00, 1.00, 0.00, 0.00, 0.00, 0.00, 0.00, 0.00, 0.00, 1.00
2322,  0,  38.683,  0.98,  1, 0.01, 0.02, 1.00, 0.00, 0.97, 1.17, 0.00, 0.70, 0.79, 1.10, 0.03, 1.11, 0.08, 0.02, 0.06, 0.23, 0.03, 0.00, 0.00, 1.00, 0.00, 0.00, 1.00, 0.00, 0.00, 0.00, 1.00, 0.00, 0.00, 0.00, 0.00, 0.00, 0.00, 0.00, 0.00
2323,  0,  38.700,  0.98,  1, 0.01, 0.02, 0.97, 0.00, 0.91, 1.13, 0.00, 0.57, 0.82, 1.23, 0.00, 1.01, 0.12, 0.07, 0.12, 0.10, 0.00, 0.00, 0.00, 1.00, 0.00, 0.00, 1.00, 0.00, 0.00, 0.00, 1.00, 0.00, 1.00, 0.00, 0.00, 0.00, 0.00, 0.00, 0.00
2324,  0,  38.717,  0.98,  1, 0.15, 0.00, 0.95, 0.00, 0.91, 0.95, 0.00, 0.57, 0.84, 1.31, 0.00, 1.13, 0.04, 0.14, 0.15, 0.14, 0.00, 0.00, 0.00, 1.00, 0.00, 0.00, 1.00, 0.00, 0.00, 0.00, 1.00, 0.00, 1.00, 0.00, 0.00, 0.00, 0.00, 0.00, 0.00
2325,  0,  38.733,  0.98,  1, 0.15, 0.00, 0.98, 0.04, 0.80, 0.90, 0.00, 0.57, 0.81, 1.25, 0.01, 1.16, 0.04, 0.15, 0.27, 0.14, 0.00, 0.00, 0.00, 1.00, 0.00, 0.00, 1.00, 0.00, 0.00, 0.00, 1.00, 0.00, 0.00, 0.00, 0.00, 0.00, 0.00, 0.00, 0.00
2326,  0,  38.750,  0.98,  1, 0.15, 0.00, 0.95, 0.14, 0.81, 0.57, 0.00, 0.65, 0.79, 1.27, 0.01, 1.18, 0.07, 0.15, 0.21, 0.23, 0.00, 0.00, 0.00, 1.00, 0.00, 0.00, 1.00, 0.00, 0.00, 0.00, 1.00, 0.00, 0.00, 0.00, 0.00, 0.00, 0.00, 0.00, 0.00
2327,  0,  38.767,  0.98,  1, 0.01, 0.00, 1.01, 0.14, 0.74, 0.69, 0.00, 0.65, 0.72, 1.23, 0.01, 1.07, 0.07, 0.13, 0.13, 0.24, 0.00, 0.00, 0.00, 1.00, 0.00, 0.00, 1.00, 0.00, 0.00, 0.00, 1.00, 0.00, 0.00, 0.00, 0.00, 0.00, 0.00, 0.00, 0.00
2328,  0,  38.783,  0.98,  1, 0.01, 0.00, 0.98, 0.11, 0.71, 0.68, 0.00, 0.71, 0.78, 1.28, 0.00, 0.96, 0.07, 0.18, 0.09, 0.16, 0.00, 0.00, 0.00, 1.00, 0.00, 0.00, 1.00, 0.00, 0.00, 0.00, 1.00, 0.00, 1.00, 0.00, 0.00, 0.00, 0.00, 0.00, 0.00
2329,  0,  38.800,  0.98,  1, 0.01, 0.00, 1.05, 0.10, 0.71, 0.84, 0.00, 0.68, 0.80, 1.16, 0.00, 1.05, 0.00, 0.24, 0.22, 0.05, 0.00, 0.00, 0.00, 1.00, 0.00, 0.00, 1.00, 0.00, 0.00, 0.00, 1.00, 0.00, 0.00, 0.00, 0.00, 0.00, 0.00, 0.00, 0.00
2330,  0,  38.817,  0.98,  1, 0.00, 0.00, 0.98, 0.10, 0.75, 0.66, 0.00, 0.61, 0.82, 1.10, 0.00, 1.13, 0.00, 0.30, 0.28, 0.20, 0.00, 0.00, 0.00, 1.00, 0.00, 0.00, 1.00, 0.00, 0.00, 0.00, 1.00, 0.00, 0.00, 0.00, 0.00, 0.00, 0.00, 0.00, 0.00
2331,  0,  38.833,  0.98,  1, 0.00, 0.05, 1.04, 0.10, 0.81, 0.75, 0.00, 0.48, 0.78, 1.05, 0.00, 1.18, 0.00, 0.30, 0.19, 0.25, 0.00, 0.00, 0.00, 1.00, 0.00, 0.00, 1.00, 0.00, 0.00, 0.00, 1.00, 0.00, 0.00, 0.00, 0.00, 0.00, 0.00, 0.00, 0.00
2332,  0,  38.850,  0.98,  1, 0.00, 0.14, 1.04, 0.00, 0.76, 0.76, 0.00, 0.46, 0.78, 1.08, 0.00, 1.07, 0.12, 0.25, 0.13, 0.28, 0.00, 0.00, 0.00, 1.00, 0.00, 0.00, 1.00, 0.00, 0.00, 0.00, 1.00, 0.00, 0.00, 0.00, 0.00, 0.00, 0.00, 0.00, 0.00
2333,  0,  38.867,  0.98,  1, 0.00, 0.14, 0.94, 0.01, 0.72, 0.73, 0.00, 0.49, 0.81, 1.19, 0.00, 0.99, 0.12, 0.22, 0.18, 0.12, 0.00, 0.00, 0.00, 1.00, 0.00, 0.00, 1.00, 0.00, 0.00, 0.00, 1.00, 0.00, 0.00, 0.00, 0.00, 0.00, 0.00, 0.00, 0.00
2334,  0,  38.883,  0.98,  1, 0.00, 0.09, 0.99, 0.22, 0.76, 0.73, 0.00, 0.55, 0.81, 1.21, 0.00, 0.94, 0.17, 0.18, 0.22, 0.09, 0.00, 0.00, 0.00, 1.00, 0.00, 0.00, 1.00, 0.00, 0.00, 0.00, 1.00, 0.00, 0.00, 0.00, 0.00, 0.00, 0.00, 0.00, 0.00
2335,  0,  38.900,  0.98,  1, 0.00, 0.00, 0.96, 0.32, 0.79, 0.72, 0.00, 0.65, 0.84, 1.31, 0.00, 1.14, 0.13, 0.21, 0.21, 0.07, 0.00, 0.00, 0.00, 1.00, 0.00, 0.00, 1.00, 0.00, 0.00, 0.00, 1.00, 0.00, 0.00, 0.00, 0.00, 0.00, 0.00, 0.00, 0.00
2336,  0,  38.917,  0.98,  1, 0.00, 0.00, 1.10, 0.31, 0.81, 0.65, 0.00, 0.75, 0.80, 1.33, 0.00, 1.28, 0.13, 0.23, 0.20, 0.04, 0.00, 0.00, 0.00, 1.00, 0.00, 0.00, 1.00, 0.00, 0.00, 0.00, 1.00, 0.00, 0.00, 0.00, 0.00, 0.00, 0.00, 0.00, 0.00
2337,  0,  38.933,  0.98,  1, 0.00, 0.00, 1.09, 0.12, 0.75, 0.53, 0.00, 0.74, 0.76, 1.39, 0.00, 1.36, 0.09, 0.30, 0.19, 0.08, 0.00, 0.00, 0.00, 1.00, 0.00, 0.00, 1.00, 0.00, 0.00, 0.00, 1.00, 0.00, 0.00, 0.00, 0.00, 0.00, 0.00, 0.00, 0.00
2338,  0,  38.950,  0.98,  1, 0.04, 0.00, 1.17, 0.12, 0.77, 0.37, 0.00, 0.63, 0.66, 1.33, 0.00, 1.12, 0.01, 0.27, 0.17, 0.17, 0.00, 0.00, 0.00, 1.00, 0.00, 0.00, 1.00, 0.00, 0.00, 0.00, 1.00, 0.00, 1.00, 0.00, 0.00, 0.00, 0.00, 0.00, 0.00
2339,  0,  38.967,  0.98,  1, 0.04, 0.00, 1.19, 0.12, 0.80, 0.51, 0.00, 0.60, 0.65, 1.19, 0.00, 1.08, 0.01, 0.27, 0.18, 0.31, 0.00, 0.00, 0.00, 1.00, 0.00, 0.00, 1.00, 0.00, 0.00, 0.00, 1.00, 0.00, 1.00, 0.00, 0.00, 0.00, 0.00, 0.00, 0.00
2340,  0,  38.983,  0.98,  1, 0.04, 0.00, 1.01, 0.10, 0.78, 0.38, 0.00, 0.64, 0.68, 1.13, 0.00, 1.05, 0.01, 0.20, 0.30, 0.37, 0.00, 0.00, 0.00, 1.00, 0.00, 0.00, 1.00, 0.00, 0.00, 0.00, 1.00, 0.00, 1.00, 0.00, 0.00, 0.00, 0.00, 0.00, 0.00
2341,  0,  39.000,  0.98,  1, 0.00, 0.00, 0.94, 0.11, 0.75, 0.35, 0.00, 0.60, 0.72, 1.15, 0.00, 1.13, 0.00, 0.27, 0.30, 0.36, 0.00, 0.00, 0.00, 1.00, 0.00, 0.00, 1.00, 0.00, 0.00, 0.00, 1.00, 0.00, 0.00, 0.00, 0.00, 0.00, 0.00, 0.00, 0.00
2342,  0,  39.017,  0.98,  1, 0.00, 0.00, 0.76, 0.28, 0.72, 0.53, 0.00, 0.58, 0.78, 1.25, 0.00, 1.06, 0.00, 0.23, 0.28, 0.27, 0.00, 0.00, 0.00, 0.00, 0.00, 0.00, 1.00, 0.00, 0.00, 0.00, 1.00, 0.00, 1.00, 0.00, 0.00, 0.00, 0.00, 0.00, 0.00
2343,  0,  39.033,  0.98,  1, 0.00, 0.02, 0.84, 0.49, 0.75, 0.76, 0.00, 0.50, 0.74, 1.29, 0.00, 1.10, 0.03, 0.21, 0.17, 0.18, 0.00, 0.00, 0.00, 0.00, 0.00, 0.00, 1.00, 0.00, 0.00, 0.00, 1.00, 0.00, 1.00, 0.00, 0.00, 0.00, 0.00, 0.00, 0.00
2344,  0,  39.050,  0.98,  1, 0.00, 0.20, 0.86, 0.46, 0.67, 1.05, 0.00, 0.60, 0.72, 1.25, 0.00, 1.19, 0.03, 0.22, 0.22, 0.18, 0.00, 0.00, 0.00, 0.00, 0.00, 0.00, 1.00, 0.00, 0.00, 0.00, 1.00, 0.00, 0.00, 0.00, 0.00, 0.00, 0.00, 0.00, 0.00
2345,  0,  39.067,  0.98,  1, 0.00, 0.20, 1.06, 0.31, 0.69, 0.92, 0.00, 0.58, 0.70, 1.29, 0.04, 1.14, 0.03, 0.30, 0.13, 0.30, 0.00, 0.00, 0.00, 1.00, 0.00, 0.00, 1.00, 0.00, 0.00, 0.00, 1.00, 0.00, 0.00, 0.00, 0.00, 0.00, 0.00, 0.00, 0.00
2346,  0,  39.083,  0.98,  1, 0.00, 0.17, 1.13, 0.21, 0.64, 0.88, 0.00, 0.58, 0.72, 1.27, 0.04, 1.08, 0.01, 0.43, 0.15, 0.36, 0.00, 0.00, 0.00, 1.00, 0.00, 0.00, 1.00, 0.00, 0.00, 0.00, 1.00, 0.00, 1.00, 0.00, 0.00, 0.00, 0.00, 0.00, 0.00
2347,  0,  39.100,  0.98,  1, 0.00, 0.00, 1.17, 0.31, 0.72, 0.65, 0.00, 0.49, 0.73, 1.32, 0.04, 1.04, 0.11, 0.46, 0.12, 0.34, 0.00, 0.00, 0.00, 1.00, 0.00, 0.00, 1.00, 0.00, 0.00, 0.00, 1.00, 0.00, 1.00, 0.00, 0.00, 0.00, 0.00, 0.00, 0.00
2348,  0,  39.117,  0.98,  1, 0.00, 0.00, 1.07, 0.30, 0.65, 0.52, 0.00, 0.43, 0.73, 1.20, 0.00, 1.11, 0.11, 0.42, 0.28, 0.31, 0.00, 0.00, 0.00, 1.00, 0.00, 0.00, 1.00, 0.00, 0.00, 0.00, 1.00, 0.00, 1.00, 0.00, 0.00, 0.00, 0.00, 0.00, 0.00
2349,  0,  39.133,  0.98,  1, 0.00, 0.00, 1.10, 0.33, 0.68, 0.55, 0.00, 0.42, 0.76, 1.33, 0.00, 1.16, 0.13, 0.33, 0.28, 0.38, 0.00, 0.00, 0.00, 1.00, 0.00, 0.00, 1.00, 0.00, 0.00, 0.00, 1.00, 0.00, 1.00, 0.00, 0.00, 0.00, 0.00, 0.00, 0.00
2350,  0,  39.150,  0.98,  1, 0.00, 0.00, 0.91, 0.51, 0.61, 0.46, 0.00, 0.45, 0.77, 1.18, 0.00, 1.11, 0.03, 0.33, 0.32, 0.38, 0.00, 0.00, 0.00, 1.00, 0.00, 0.00, 1.00, 0.00, 0.00, 0.00, 1.00, 0.00, 1.00, 0.00, 0.00, 0.00, 0.00, 0.00, 0.00
2351,  0,  39.167,  0.98,  1, 0.00, 0.00, 0.76, 0.67, 0.61, 0.43, 0.00, 0.42, 0.78, 1.30, 0.00, 1.18, 0.03, 0.36, 0.23, 0.24, 0.00, 0.00, 0.00, 1.00, 0.00, 0.00, 1.00, 0.00, 0.00, 0.00, 1.00, 0.00, 1.00, 0.00, 0.00, 0.00, 0.00, 0.00, 0.00
2352,  0,  39.183,  0.98,  1, 0.00, 0.00, 0.76, 0.69, 0.57, 0.52, 0.00, 0.40, 0.76, 1.01, 0.00, 1.16, 0.00, 0.39, 0.26, 0.15, 0.00, 0.00, 0.00, 1.00, 0.00, 0.00, 1.00, 0.00, 0.00, 0.00, 1.00, 0.00, 1.00, 0.00, 0.00, 0.00, 0.00, 0.00, 0.00
2353,  0,  39.200,  0.98,  1, 0.05, 0.15, 0.98, 0.83, 0.61, 0.68, 0.00, 0.40, 0.77, 1.15, 0.00, 1.05, 0.00, 0.37, 0.28, 0.08, 0.00, 0.00, 0.00, 1.00, 0.00, 0.00, 1.00, 0.00, 0.00, 0.00, 1.00, 0.00, 0.00, 0.00, 0.00, 0.00, 0.00, 0.00, 0.00
2354,  0,  39.217,  0.98,  1, 0.05, 0.15, 1.20, 0.78, 0.61, 0.54, 0.00, 0.50, 0.79, 1.16, 0.00, 1.02, 0.00, 0.40, 0.26, 0.22, 0.00, 0.00, 0.00, 1.00, 0.00, 0.00, 1.00, 0.00, 0.00, 0.00, 1.00, 0.00, 0.00, 0.00, 0.00, 0.00, 0.00, 0.00, 0.00
2355,  0,  39.233,  0.98,  1, 0.05, 0.15, 1.14, 0.72, 0.68, 0.24, 0.00, 0.51, 0.76, 1.29, 0.05, 1.14, 0.08, 0.48, 0.22, 0.28, 0.00, 0.00, 0.00, 1.00, 0.00, 0.00, 1.00, 0.00, 0.00, 0.00, 1.00, 0.00, 0.00, 0.00, 0.00, 0.00, 0.00, 0.00, 0.00
2356,  0,  39.250,  0.98,  1, 0.00, 0.00, 1.12, 0.57, 0.62, 0.21, 0.00, 0.51, 0.72, 1.34, 0.05, 1.31, 0.08, 0.49, 0.20, 0.26, 0.00, 0.00, 0.00, 1.00, 0.00, 0.00, 1.00, 0.00, 0.00, 0.00, 1.00, 0.00, 0.00, 0.00, 0.00, 0.00, 0.00, 0.00, 0.00
2357,  0,  39.267,  0.98,  1, 0.00, 0.00, 1.15, 0.78, 0.63, 0.57, 0.00, 0.46, 0.69, 1.27, 0.05, 1.28, 0.08, 0.44, 0.21, 0.23, 0.00, 0.00, 0.00, 1.00, 0.00, 0.00, 1.00, 0.00, 0.00, 0.00, 1.00, 0.00, 1.00, 0.00, 0.00, 0.00, 0.00, 0.00, 0.00
2358,  0,  39.283,  0.98,  1, 0.00, 0.00, 1.11, 0.83, 0.59, 0.57, 0.00, 0.45, 0.73, 1.38, 0.00, 1.25, 0.00, 0.42, 0.28, 0.32, 0.00, 0.00, 0.00, 1.00, 0.00, 0.00, 1.00, 0.00, 0.00, 0.00, 1.00, 0.00, 1.00, 0.00, 0.00, 0.00, 0.00, 0.00, 0.00
2359,  0,  39.300,  0.98,  1, 0.00, 0.00, 0.99, 0.81, 0.65, 0.63, 0.00, 0.47, 0.75, 1.37, 0.00, 1.27, 0.00, 0.42, 0.23, 0.43, 0.00, 0.00, 0.00, 1.00, 0.00, 0.00, 1.00, 0.00, 0.00, 0.00, 1.00, 0.00, 1.00, 0.00, 0.00, 0.00, 0.00, 0.00, 0.00
2360,  0,  39.317,  0.98,  1, 0.00, 0.00, 0.82, 0.67, 0.62, 0.51, 0.00, 0.38, 0.72, 1.41, 0.02, 1.28, 0.06, 0.45, 0.23, 0.38, 0.00, 0.00, 0.00, 1.00, 0.00, 0.00, 1.00, 0.00, 0.00, 0.00, 1.00, 0.00, 1.00, 0.00, 0.00, 0.00, 0.00, 0.00, 0.00
2361,  0,  39.333,  0.98,  1, 0.00, 0.00, 0.87, 0.79, 0.57, 0.77, 0.00, 0.33, 0.61, 1.40, 0.02, 1.20, 0.10, 0.42, 0.24, 0.19, 0.00, 0.00, 0.00, 1.00, 0.00, 0.00, 1.00, 0.00, 0.00, 0.00, 1.00, 0.00, 1.00, 0.00, 0.00, 0.00, 0.00, 0.00, 0.00
2362,  0,  39.350,  0.98,  1, 0.00, 0.00, 0.93, 0.68, 0.58, 0.72, 0.00, 0.33, 0.60, 1.25, 0.02, 1.05, 0.10, 0.46, 0.23, 0.21, 0.00, 0.00, 0.00, 1.00, 0.00, 0.00, 1.00, 0.00, 0.00, 0.00, 1.00, 0.00, 1.00, 0.00, 0.00, 0.00, 0.00, 0.00, 0.00
2363,  0,  39.367,  0.98,  1, 0.00, 0.00, 0.97, 0.59, 0.57, 0.58, 0.00, 0.42, 0.63, 1.20, 0.00, 1.03, 0.05, 0.45, 0.31, 0.18, 0.00, 0.00, 0.00, 1.00, 0.00, 0.00, 1.00, 0.00, 0.00, 0.00, 1.00, 0.00, 1.00, 0.00, 0.00, 0.00, 0.00, 0.00, 0.00
2364,  0,  39.383,  0.98,  1, 0.00, 0.01, 0.91, 0.56, 0.59, 0.35, 0.00, 0.50, 0.75, 1.19, 0.00, 1.08, 0.00, 0.42, 0.27, 0.20, 0.00, 0.00, 0.00, 1.00, 0.00, 0.00, 1.00, 0.00, 0.00, 0.00, 1.00, 0.00, 0.00, 0.00, 0.00, 0.00, 0.00, 0.00, 0.00
2365,  0,  39.400,  0.98,  1, 0.01, 0.05, 0.92, 0.75, 0.65, 0.52, 0.00, 0.55, 0.78, 1.34, 0.04, 1.07, 0.00, 0.35, 0.33, 0.18, 0.00, 0.00, 0.00, 1.00, 0.00, 0.00, 1.00, 0.00, 0.00, 0.00, 1.00, 0.00, 0.00, 0.00, 0.00, 0.00, 0.00, 0.00, 0.00
2366,  0,  39.417,  0.98,  1, 0.01, 0.05, 0.94, 0.73, 0.72, 0.51, 0.00, 0.64, 0.82, 1.40, 0.04, 1.10, 0.00, 0.36, 0.25, 0.31, 0.00, 0.00, 0.00, 1.00, 0.00, 0.00, 1.00, 0.00, 0.00, 0.00, 1.00, 0.00, 0.00, 0.00, 0.00, 0.00, 0.00, 0.00, 0.00
2367,  0,  39.433,  0.98,  1, 0.02, 0.04, 1.00, 0.77, 0.68, 0.74, 0.00, 0.62, 0.78, 1.27, 0.04, 1.02, 0.03, 0.37, 0.16, 0.31, 0.00, 0.00, 0.00, 1.00, 0.00, 0.00, 1.00, 0.00, 0.00, 0.00, 1.00, 0.00, 0.00, 0.00, 0.00, 0.00, 0.00, 0.00, 0.00
2368,  0,  39.450,  0.98,  1, 0.01, 0.00, 0.90, 0.37, 0.62, 0.36, 0.00, 0.56, 0.73, 1.17, 0.00, 0.98, 0.04, 0.42, 0.23, 0.29, 0.00, 0.00, 0.00, 1.00, 0.00, 0.00, 1.00, 0.00, 0.00, 0.00, 1.00, 0.00, 0.00, 0.00, 0.00, 0.00, 0.00, 0.00, 0.00
2369,  0,  39.467,  0.98,  1, 0.01, 0.00, 0.95, 0.47, 0.59, 0.38, 0.00, 0.50, 0.66, 1.09, 0.01, 0.98, 0.06, 0.46, 0.16, 0.12, 0.00, 0.00, 0.00, 1.00, 0.00, 0.00, 1.00, 0.00, 0.00, 0.00, 1.00, 0.00, 0.00, 0.00, 0.00, 0.00, 0.00, 0.00, 0.00
2370,  0,  39.483,  0.98,  1, 0.00, 0.00, 0.98, 0.43, 0.64, 0.22, 0.00, 0.49, 0.67, 1.13, 0.10, 0.91, 0.03, 0.48, 0.26, 0.19, 0.00, 0.00, 0.00, 1.00, 0.00, 0.00, 1.00, 0.00, 0.00, 0.00, 1.00, 0.00, 0.00, 0.00, 0.00, 0.00, 0.00, 0.00, 0.00
2371,  0,  39.500,  0.98,  1, 0.05, 0.00, 1.16, 0.60, 0.63, 0.48, 0.00, 0.47, 0.67, 1.14, 0.10, 0.97, 0.01, 0.47, 0.15, 0.11, 0.00, 0.00, 0.00, 1.00, 0.00, 0.00, 1.00, 0.00, 0.00, 0.00, 1.00, 0.00, 0.00, 0.00, 0.00, 0.00, 0.00, 0.00, 0.00
2372,  0,  39.517,  0.98,  1, 0.05, 0.00, 1.16, 0.62, 0.72, 0.51, 0.00, 0.55, 0.72, 1.26, 0.09, 0.91, 0.05, 0.47, 0.32, 0.19, 0.00, 0.00, 0.00, 1.00, 0.00, 0.00, 1.00, 0.00, 0.00, 0.00, 1.00, 0.00, 0.00, 0.00, 0.00, 0.00, 0.00, 0.00, 0.00
2373,  0,  39.533,  0.98,  1, 0.05, 0.00, 1.25, 0.58, 0.69, 0.55, 0.00, 0.68, 0.75, 1.34, 0.03, 1.02, 0.05, 0.42, 0.32, 0.17, 0.00, 0.00, 0.00, 1.00, 0.00, 0.00, 1.00, 0.00, 0.00, 0.00, 1.00, 0.00, 0.00, 0.00, 0.00, 0.00, 0.00, 0.00, 0.00
2374,  0,  39.550,  0.98,  1, 0.00, 0.00, 1.22, 0.74, 0.69, 0.42, 0.00, 0.67, 0.76, 1.27, 0.03, 0.97, 0.19, 0.44, 0.37, 0.23, 0.00, 0.00, 0.00, 1.00, 0.00, 0.00, 1.00, 0.00, 0.00, 0.00, 1.00, 0.00, 0.00, 0.00, 0.00, 0.00, 0.00, 0.00, 0.00
2375,  0,  39.567,  0.98,  1, 0.00, 0.00, 1.18, 0.71, 0.60, 0.59, 0.00, 0.57, 0.76, 1.20, 0.03, 0.96, 0.16, 0.40, 0.30, 0.16, 0.00, 0.00, 0.00, 1.00, 0.00, 0.00, 1.00, 0.00, 0.00, 0.00, 1.00, 0.00, 0.00, 0.00, 0.00, 0.00, 0.00, 0.00, 0.00
2376,  0,  39.583,  0.98,  1, 0.00, 0.00, 1.01, 0.65, 0.62, 0.58, 0.00, 0.49, 0.75, 1.12, 0.03, 0.88, 0.16, 0.43, 0.33, 0.14, 0.00, 0.00, 0.00, 1.00, 0.00, 0.00, 1.00, 0.00, 0.00, 0.00, 1.00, 0.00, 0.00, 0.00, 0.00, 0.00, 0.00, 0.00, 0.00
2377,  0,  39.600,  0.98,  1, 0.02, 0.00, 0.93, 0.62, 0.63, 0.53, 0.00, 0.54, 0.73, 1.10, 0.08, 0.95, 0.03, 0.44, 0.34, 0.12, 0.00, 0.00, 0.00, 1.00, 0.00, 0.00, 1.00, 0.00, 0.00, 0.00, 1.00, 0.00, 0.00, 0.00, 0.00, 0.00, 0.00, 0.00, 0.00
2378,  0,  39.617,  0.98,  1, 0.02, 0.00, 0.83, 0.68, 0.60, 0.23, 0.00, 0.53, 0.74, 1.10, 0.08, 1.05, 0.00, 0.47, 0.36, 0.30, 0.00, 0.00, 0.00, 1.00, 0.00, 0.00, 1.00, 0.00, 0.00, 0.00, 1.00, 0.00, 0.00, 0.00, 0.00, 0.00, 0.00, 0.00, 0.00
2379,  0,  39.633,  0.98,  1, 0.02, 0.00, 1.07, 0.64, 0.64, 0.41, 0.00, 0.46, 0.67, 1.13, 0.05, 1.09, 0.03, 0.48, 0.29, 0.31, 0.00, 0.00, 0.00, 1.00, 0.00, 0.00, 1.00, 0.00, 0.00, 0.00, 1.00, 0.00, 0.00, 0.00, 0.00, 0.00, 0.00, 0.00, 0.00
2380,  0,  39.650,  0.98,  1, 0.00, 0.00, 0.87, 0.35, 0.66, 0.58, 0.00, 0.47, 0.73, 1.23, 0.00, 1.16, 0.03, 0.47, 0.23, 0.37, 0.00, 0.00, 0.00, 0.00, 0.00, 0.00, 1.00, 0.00, 0.00, 0.00, 1.00, 0.00, 0.00, 0.00, 0.00, 0.00, 0.00, 0.00, 0.00
2381,  0,  39.667,  0.98,  1, 0.13, 0.00, 0.92, 0.24, 0.74, 0.90, 0.00, 0.64, 0.77, 1.23, 0.00, 1.24, 0.03, 0.47, 0.19, 0.43, 0.00, 0.00, 0.00, 1.00, 0.00, 0.00, 1.00, 0.00, 0.00, 0.00, 1.00, 0.00, 1.00, 0.00, 0.00, 0.00, 0.00, 0.00, 0.00
2382,  0,  39.683,  0.98,  1, 0.15, 0.00, 0.56, 0.30, 0.77, 0.80, 0.00, 0.81, 0.86, 1.31, 0.00, 1.20, 0.08, 0.41, 0.22, 0.48, 0.00, 0.00, 0.00, 1.00, 0.00, 0.00, 1.00, 0.00, 0.00, 0.00, 1.00, 0.00, 1.00, 0.00, 0.00, 0.00, 0.00, 0.00, 0.00
2383,  0,  39.700,  0.98,  1, 0.16, 0.12, 0.85, 0.30, 0.91, 0.86, 0.00, 0.91, 0.96, 1.40, 0.00, 1.14, 0.08, 0.31, 0.33, 0.49, 0.00, 0.00, 0.00, 1.00, 0.00, 0.00, 1.00, 0.00, 0.00, 0.00, 1.00, 0.00, 1.00, 0.00, 0.00, 0.00, 0.00, 0.00, 0.00
2384,  0,  39.717,  0.98,  1, 0.04, 0.12, 0.99, 0.26, 1.03, 0.88, 0.00, 0.80, 1.06, 1.36, 0.00, 1.01, 0.08, 0.17, 0.38, 0.28, 0.00, 0.00, 0.00, 1.00, 0.00, 0.00, 1.00, 0.00, 0.00, 0.00, 1.00, 0.00, 1.00, 0.00, 0.00, 0.00, 0.00, 0.00, 0.00
2385,  0,  39.733,  0.98,  1, 0.02, 0.12, 1.31, 0.09, 1.17, 1.00, 0.00, 0.79, 1.20, 1.35, 0.00, 1.10, 0.00, 0.09, 0.52, 0.17, 0.00, 0.00, 0.00, 1.00, 0.00, 1.00, 1.00, 0.00, 0.00, 1.00, 1.00, 0.00, 1.00, 0.00, 0.00, 0.00, 0.00, 0.00, 0.00
2386,  0,  39.750,  0.98,  1, 0.00, 0.00, 1.36, 0.09, 1.32, 1.26, 0.00, 0.95, 1.28, 1.47, 0.00, 1.17, 0.00, 0.05, 0.41, 0.05, 0.13, 0.00, 0.00, 1.00, 0.00, 1.00, 1.00, 0.00, 0.00, 1.00, 1.00, 0.00, 1.00, 0.00, 0.00, 0.00, 0.00, 0.00, 0.00
2387,  0,  39.767,  0.98,  1, 0.08, 0.00, 1.27, 0.00, 1.58, 1.48, 0.00, 1.24, 1.46, 1.68, 0.00, 1.18, 0.15, 0.01, 0.32, 0.00, 0.20, 0.00, 0.00, 1.00, 0.00, 1.00, 1.00, 0.00, 1.00, 1.00, 1.00, 0.00, 1.00, 0.00, 0.00, 0.00, 0.00, 0.00, 0.00
2388,  0,  39.783,  0.98,  1, 0.08, 0.00, 1.28, 0.00, 1.76, 1.82, 0.00, 1.40, 1.62, 1.66, 0.02, 1.28, 0.21, 0.00, 0.18, 0.00, 0.25, 0.00, 0.00, 1.00, 0.00, 1.00, 1.00, 0.00, 1.00, 1.00, 1.00, 0.00, 1.00, 0.00, 0.00, 0.00, 0.00, 0.00, 1.00
2389,  0,  39.800,  0.98,  1, 0.08, 0.00, 1.15, 0.00, 1.84, 1.78, 0.00, 1.64, 1.84, 1.75, 0.14, 1.38, 0.29, 0.00, 0.20, 0.07, 0.18, 0.00, 0.00, 1.00, 0.00, 1.00, 1.00, 0.00, 1.00, 1.00, 1.00, 0.00, 1.00, 0.00, 0.00, 0.00, 0.00, 0.00, 1.00
2390,  0,  39.817,  0.98,  1, 0.00, 0.00, 1.18, 0.00, 1.84, 1.58, 0.00, 1.74, 2.00, 1.80, 0.20, 1.44, 0.32, 0.00, 0.26, 0.07, 0.29, 0.00, 0.00, 1.00, 0.00, 1.00, 1.00, 0.00, 1.00, 1.00, 1.00, 0.00, 1.00, 0.00, 0.00, 0.00, 0.00, 0.00, 1.00
2391,  0,  39.833,  0.98,  1, 0.00, 0.00, 1.11, 0.00, 1.94, 1.44, 0.00, 1.90, 2.14, 1.90, 0.20, 1.38, 0.49, 0.00, 0.37, 0.07, 0.48, 0.00, 0.00, 1.00, 0.00, 1.00, 1.00, 0.00, 1.00, 1.00, 1.00, 0.00, 1.00, 0.00, 0.00, 0.00, 0.00, 0.00, 1.00
2392,  0,  39.850,  0.98,  1, 0.00, 0.00, 1.05, 0.00, 2.03, 1.15, 0.00, 1.83, 2.27, 1.84, 0.17, 1.41, 0.54, 0.00, 0.44, 0.00, 0.53, 0.00, 0.00, 1.00, 0.00, 1.00, 1.00, 0.00, 1.00, 1.00, 1.00, 0.00, 1.00, 0.00, 0.00, 0.00, 0.00, 0.00, 1.00
2393,  0,  39.867,  0.98,  1, 0.00, 0.00, 0.94, 0.00, 2.13, 1.26, 0.00, 1.92, 2.36, 1.93, 0.16, 1.54, 0.65, 0.00, 0.50, 0.04, 0.53, 0.00, 0.00, 1.00, 0.00, 1.00, 1.00, 0.00, 1.00, 1.00, 1.00, 0.00, 1.00, 0.00, 0.00, 0.00, 0.00, 0.00, 1.00
2394,  0,  39.883,  0.98,  1, 0.06, 0.00, 0.92, 0.00, 2.17, 1.16, 0.00, 1.94, 2.39, 1.98, 0.18, 1.57, 0.59, 0.00, 0.45, 0.04, 0.59, 0.00, 0.00, 1.00, 0.00, 1.00, 1.00, 0.00, 1.00, 1.00, 1.00, 0.00, 1.00, 0.00, 0.00, 0.00, 0.00, 0.00, 1.00
2395,  0,  39.900,  0.98,  1, 0.06, 0.00, 0.92, 0.00, 2.18, 1.42, 0.00, 1.94, 2.41, 1.96, 0.15, 1.46, 0.70, 0.00, 0.58, 0.04, 0.81, 0.00, 0.00, 1.00, 0.00, 1.00, 1.00, 0.00, 1.00, 1.00, 1.00, 0.00, 1.00, 0.00, 0.00, 0.00, 0.00, 0.00, 1.00
2396,  0,  39.917,  0.98,  1, 0.06, 0.00, 1.06, 0.00, 2.23, 1.18, 0.00, 1.96, 2.47, 1.83, 0.30, 1.16, 0.65, 0.00, 0.65, 0.00, 0.85, 0.00, 0.00, 1.00, 0.00, 1.00, 1.00, 0.00, 1.00, 1.00, 1.00, 0.00, 1.00, 0.00, 0.00, 0.00, 0.00, 0.00, 1.00
2397,  0,  39.933,  0.98,  1, 0.00, 0.00, 1.13, 0.00, 2.34, 1.25, 0.00, 2.01, 2.51, 1.88, 0.37, 1.07, 0.63, 0.00, 0.67, 0.00, 0.84, 0.00, 0.00, 1.00, 0.00, 1.00, 1.00, 0.00, 1.00, 1.00, 1.00, 0.00, 1.00, 0.00, 0.00, 0.00, 0.00, 0.00, 1.00
2398,  0,  39.950,  0.98,  1, 0.00, 0.00, 1.22, 0.00, 2.41, 1.17, 0.00, 2.07, 2.50, 1.85, 0.42, 1.03, 0.61, 0.00, 0.60, 0.00, 0.79, 0.00, 0.00, 1.00, 0.00, 1.00, 1.00, 0.00, 1.00, 1.00, 1.00, 0.00, 1.00, 0.00, 0.00, 0.00, 0.00, 0.00, 1.00
2399,  0,  39.967,  0.98,  1, 0.00, 0.00, 1.19, 0.00, 2.45, 1.53, 0.02, 2.00, 2.41, 1.90, 0.28, 1.13, 0.65, 0.00, 0.55, 0.00, 0.78, 0.00, 0.00, 1.00, 0.00, 1.00, 1.00, 0.00, 1.00, 1.00, 1.00, 0.00, 1.00, 0.00, 0.00, 0.00, 0.00, 0.00, 1.00
2400,  0,  39.983,  0.98,  1, 0.00, 0.00, 1.11, 0.00, 2.44, 1.67, 0.06, 2.00, 2.38, 1.86, 0.27, 1.19, 0.66, 0.00, 0.56, 0.00, 0.65, 0.00, 0.00, 1.00, 0.00, 1.00, 1.00, 1.00, 1.00, 1.00, 1.00, 0.00, 1.00, 0.00, 0.00, 0.00, 0.00, 0.00, 1.00
2401,  0,  40.000,  0.98,  1, 0.00, 0.00, 1.07, 0.00, 2.50, 1.95, 0.10, 2.02, 2.38, 2.07, 0.23, 1.29, 0.74, 0.00, 0.53, 0.00, 0.44, 0.00, 0.00, 1.00, 0.00, 1.00, 1.00, 1.00, 1.00, 1.00, 1.00, 0.00, 1.00, 0.00, 0.00, 0.00, 0.00, 0.00, 1.00
2402,  0,  40.017,  0.98,  1, 0.00, 0.00, 0.98, 0.00, 2.53, 2.00, 0.14, 2.02, 2.43, 2.12, 0.38, 1.53, 0.70, 0.00, 0.58, 0.02, 0.51, 0.00, 0.00, 1.00, 0.00, 1.00, 1.00, 1.00, 1.00, 1.00, 1.00, 0.00, 1.00, 0.00, 0.00, 0.00, 0.00, 0.00, 1.00
2403,  0,  40.033,  0.98,  1, 0.00, 0.00, 1.03, 0.00, 2.59, 2.03, 0.18, 2.04, 2.47, 2.21, 0.28, 1.53, 0.69, 0.00, 0.63, 0.02, 0.63, 0.00, 0.00, 1.00, 0.00, 1.00, 1.00, 1.00, 1.00, 1.00, 1.00, 0.00, 1.00, 0.00, 0.00, 0.00, 0.00, 0.00, 1.00
2404,  0,  40.050,  0.98,  1, 0.00, 0.00, 0.96, 0.00, 2.63, 2.06, 0.20, 2.07, 2.44, 2.04, 0.42, 1.60, 0.57, 0.00, 0.67, 0.02, 0.72, 0.00, 0.00, 1.00, 0.00, 1.00, 1.00, 1.00, 1.00, 1.00, 1.00, 0.00, 1.00, 0.00, 0.00, 0.00, 0.00, 0.00, 1.00
2405,  0,  40.067,  0.98,  1, 0.00, 0.00, 1.06, 0.00, 2.68, 2.13, 0.13, 2.08, 2.45, 2.11, 0.25, 1.54, 0.48, 0.00, 0.65, 0.07, 0.66, 0.00, 0.00, 1.00, 0.00, 1.00, 1.00, 1.00, 1.00, 1.00, 1.00, 0.00, 1.00, 0.00, 0.00, 0.00, 0.00, 0.00, 1.00
2406,  0,  40.083,  0.98,  1, 0.00, 0.00, 1.01, 0.00, 2.74, 2.13, 0.05, 2.09, 2.57, 2.07, 0.39, 1.53, 0.53, 0.00, 0.86, 0.07, 0.69, 0.00, 0.00, 1.00, 0.00, 1.00, 1.00, 1.00, 1.00, 1.00, 1.00, 0.00, 1.00, 0.00, 0.00, 0.00, 0.00, 0.00, 1.00
2407,  0,  40.100,  0.98,  1, 0.00, 0.00, 1.00, 0.01, 2.84, 2.05, 0.00, 2.15, 2.71, 2.04, 0.26, 1.25, 0.40, 0.00, 0.81, 0.07, 0.65, 0.00, 0.00, 1.00, 0.00, 1.00, 1.00, 1.00, 1.00, 1.00, 1.00, 0.00, 1.00, 0.00, 0.00, 0.00, 0.00, 0.00, 1.00
2408,  0,  40.117,  0.98,  1, 0.00, 0.00, 0.98, 0.01, 2.98, 2.33, 0.08, 2.22, 2.80, 1.98, 0.33, 1.10, 0.32, 0.00, 0.96, 0.00, 0.63, 0.00, 0.00, 1.00, 0.00, 1.00, 1.00, 1.00, 1.00, 1.00, 1.00, 0.00, 1.00, 0.00, 0.00, 1.00, 0.00, 0.00, 1.00
2409,  0,  40.133,  0.98,  1, 0.00, 0.00, 0.98, 0.01, 3.04, 2.49, 0.10, 2.21, 2.80, 1.98, 0.23, 1.16, 0.21, 0.01, 0.85, 0.00, 0.62, 0.00, 0.00, 1.00, 0.00, 1.00, 1.00, 1.00, 1.00, 1.00, 1.00, 0.00, 1.00, 0.00, 0.00, 1.00, 0.00, 0.00, 1.00
2410,  0,  40.150,  0.98,  1, 0.00, 0.00, 1.04, 0.00, 3.06, 2.54, 0.15, 2.16, 2.82, 2.02, 0.14, 1.01, 0.18, 0.01, 1.10, 0.00, 0.71, 0.00, 0.00, 1.00, 0.00, 1.00, 1.00, 1.00, 1.00, 1.00, 1.00, 0.00, 0.00, 0.00, 0.00, 1.00, 0.00, 0.00, 1.00
2411,  0,  40.167,  0.98,  1, 0.00, 0.00, 0.92, 0.00, 3.06, 2.30, 0.06, 2.21, 2.88, 1.98, 0.21, 0.90, 0.12, 0.01, 1.06, 0.00, 0.65, 0.00, 0.00, 1.00, 0.00, 1.00, 1.00, 1.00, 1.00, 1.00, 1.00, 0.00, 0.00, 0.00, 0.00, 1.00, 0.00, 0.00, 1.00
2412,  0,  40.183,  0.98,  1, 0.00, 0.00, 0.97, 0.00, 3.17, 2.41, 0.08, 2.34, 3.06, 2.02, 0.16, 0.54, 0.05, 0.00, 1.17, 0.00, 0.53, 0.00, 0.00, 1.00, 0.00, 1.00, 1.00, 1.00, 1.00, 1.00, 1.00, 0.00, 0.00, 0.00, 0.00, 1.00, 0.00, 0.00, 1.00
2413,  0,  40.200,  0.98,  1, 0.00, 0.00, 0.97, 0.00, 3.34, 2.70, 0.07, 2.43, 3.16, 1.90, 0.22, 0.47, 0.05, 0.00, 1.27, 0.00, 0.66, 0.00, 0.00, 1.00, 0.00, 1.00, 1.00, 1.00, 1.00, 1.00, 1.00, 0.00, 0.00, 0.00, 0.00, 1.00, 0.00, 0.00, 1.00
2414,  0,  40.217,  0.98,  1, 0.00, 0.00, 1.08, 0.00, 3.47, 2.79, 0.07, 2.53, 3.30, 1.94, 0.06, 0.32, 0.11, 0.00, 1.39, 0.00, 0.60, 0.00, 0.00, 1.00, 0.00, 1.00, 1.00, 1.00, 1.00, 1.00, 1.00, 0.00, 0.00, 0.00, 0.00, 1.00, 0.00, 0.00, 1.00
2415,  0,  40.233,  0.98,  1, 0.00, 0.00, 1.07, 0.00, 3.50, 2.79, 0.08, 2.66, 3.30, 1.92, 0.09, 0.37, 0.07, 0.00, 1.53, 0.00, 0.65, 0.00, 0.00, 1.00, 0.00, 1.00, 1.00, 1.00, 1.00, 1.00, 1.00, 0.00, 0.00, 0.00, 0.00, 1.00, 0.00, 0.00, 1.00
2416,  0,  40.250,  0.98,  1, 0.00, 0.00, 1.14, 0.00, 3.53, 2.49, 0.12, 2.74, 3.39, 2.14, 0.03, 0.46, 0.13, 0.00, 1.49, 0.00, 0.57, 0.00, 0.00, 1.00, 0.00, 1.00, 1.00, 1.00, 1.00, 1.00, 1.00, 0.00, 0.00, 0.00, 0.00, 1.00, 0.00, 0.00, 1.00
2417,  0,  40.267,  0.98,  1, 0.00, 0.00, 1.23, 0.00, 3.53, 2.45, 0.13, 2.72, 3.39, 2.14, 0.09, 0.67, 0.06, 0.00, 1.68, 0.00, 0.73, 0.00, 0.00, 1.00, 0.00, 1.00, 1.00, 1.00, 1.00, 1.00, 1.00, 0.00, 0.00, 0.00, 0.00, 1.00, 0.00, 0.00, 1.00
2418,  0,  40.283,  0.98,  1, 0.00, 0.00, 1.18, 0.00, 3.64, 2.36, 0.07, 2.67, 3.53, 2.15, 0.21, 0.65, 0.06, 0.00, 1.64, 0.00, 0.72, 0.00, 0.00, 1.00, 0.00, 1.00, 1.00, 1.00, 1.00, 1.00, 1.00, 0.00, 0.00, 0.00, 0.00, 1.00, 0.00, 0.00, 1.00
2419,  0,  40.300,  0.98,  1, 0.00, 0.00, 1.08, 0.00, 3.63, 2.52, 0.01, 2.60, 3.53, 2.02, 0.30, 0.75, 0.11, 0.00, 1.73, 0.00, 0.80, 0.00, 0.00, 1.00, 0.00, 1.00, 1.00, 1.00, 1.00, 1.00, 1.00, 0.00, 0.00, 0.00, 0.00, 1.00, 0.00, 0.00, 1.00
2420,  0,  40.317,  0.98,  1, 0.00, 0.00, 0.86, 0.00, 3.62, 2.42, 0.00, 2.68, 3.59, 2.03, 0.24, 0.54, 0.14, 0.00, 1.69, 0.00, 0.75, 0.00, 0.00, 0.00, 0.00, 1.00, 1.00, 1.00, 1.00, 1.00, 1.00, 0.00, 0.00, 0.00, 0.00, 1.00, 0.00, 0.00, 1.00
2421,  0,  40.333,  0.98,  1, 0.00, 0.00, 0.81, 0.00, 3.46, 2.13, 0.00, 2.58, 3.57, 2.04, 0.14, 0.51, 0.23, 0.00, 1.88, 0.00, 0.90, 0.00, 0.00, 0.00, 0.00, 1.00, 1.00, 1.00, 1.00, 1.00, 1.00, 0.00, 0.00, 0.00, 0.00, 1.00, 0.00, 0.00, 1.00
2422,  0,  40.350,  0.98,  1, 0.00, 0.00, 0.73, 0.00, 3.44, 1.81, 0.00, 2.63, 3.66, 2.09, 0.05, 0.36, 0.15, 0.00, 2.20, 0.00, 0.79, 0.00, 0.00, 0.00, 0.00, 1.00, 1.00, 1.00, 1.00, 1.00, 1.00, 0.00, 0.00, 0.00, 0.00, 1.00, 0.00, 0.00, 1.00
2423,  0,  40.367,  0.98,  1, 0.00, 0.00, 0.77, 0.00, 3.45, 1.84, 0.00, 2.63, 3.73, 2.21, 0.05, 0.24, 0.13, 0.00, 2.41, 0.00, 0.91, 0.00, 0.00, 0.00, 0.00, 1.00, 1.00, 0.00, 1.00, 1.00, 1.00, 0.00, 0.00, 0.00, 0.00, 1.00, 0.00, 0.00, 1.00
2424,  0,  40.383,  0.98,  1, 0.00, 0.00, 0.78, 0.00, 3.50, 1.79, 0.00, 2.75, 3.81, 2.18, 0.06, 0.19, 0.07, 0.00, 2.54, 0.00, 0.88, 1.00, 0.00, 0.00, 0.00, 1.00, 1.00, 0.00, 1.00, 1.00, 1.00, 0.00, 0.00, 0.00, 0.00, 1.00, 0.00, 0.00, 1.00
2425,  0,  40.400,  0.98,  1, 0.00, 0.00, 0.81, 0.00, 3.44, 1.84, 0.00, 2.68, 3.76, 2.21, 0.13, 0.18, 0.04, 0.00, 2.57, 0.00, 1.10, 1.00, 0.00, 0.00, 0.00, 1.00, 1.00, 0.00, 1.00, 1.00, 1.00, 0.00, 0.00, 0.00, 0.00, 1.00, 0.00, 0.00, 1.00
2426,  0,  40.417,  0.98,  1, 0.00, 0.00, 0.57, 0.00, 3.41, 1.89, 0.00, 2.61, 3.76, 2.01, 0.13, 0.20, 0.04, 0.00, 2.56, 0.00, 1.20, 1.00, 0.00, 0.00, 0.00, 1.00, 1.00, 0.00, 1.00, 1.00, 1.00, 0.00, 0.00, 0.00, 0.00, 1.00, 0.00, 0.00, 1.00
2427,  0,  40.433,  0.98,  1, 0.06, 0.00, 0.45, 0.00, 3.41, 2.05, 0.00, 2.45, 3.70, 1.95, 0.08, 0.12, 0.00, 0.00, 2.62, 0.00, 1.31, 1.00, 0.00, 0.00, 0.00, 1.00, 1.00, 0.00, 1.00, 1.00, 1.00, 0.00, 0.00, 0.00, 0.00, 1.00, 0.00, 0.00, 1.00
2428,  0,  40.450,  0.98,  1, 0.14, 0.00, 0.38, 0.00, 3.46, 2.16, 0.00, 2.41, 3.78, 1.85, 0.00, 0.12, 0.00, 0.00, 2.56, 0.00, 1.33, 1.00, 0.00, 0.00, 0.00, 1.00, 1.00, 0.00, 1.00, 1.00, 1.00, 0.00, 0.00, 0.00, 0.00, 1.00, 0.00, 0.00, 1.00
2429,  0,  40.467,  0.98,  1, 0.22, 0.00, 0.57, 0.00, 3.54, 2.10, 0.00, 2.40, 3.78, 1.86, 0.00, 0.13, 0.00, 0.00, 2.60, 0.09, 1.49, 1.00, 0.00, 0.00, 0.00, 1.00, 1.00, 0.00, 1.00, 1.00, 1.00, 0.00, 0.00, 0.00, 0.00, 1.00, 0.00, 0.00, 1.00
2430,  0,  40.483,  0.98,  1, 0.28, 0.00, 0.40, 0.00, 3.52, 2.08, 0.00, 2.31, 3.81, 1.81, 0.07, 0.26, 0.00, 0.00, 2.50, 0.09, 1.58, 1.00, 0.00, 0.00, 0.00, 1.00, 1.00, 0.00, 1.00, 1.00, 1.00, 0.00, 0.00, 0.00, 0.00, 1.00, 0.00, 0.00, 1.00
2431,  0,  40.500,  0.98,  1, 0.30, 0.00, 0.40, 0.00, 3.58, 1.95, 0.00, 2.32, 3.69, 1.80, 0.11, 0.42, 0.02, 0.00, 2.53, 0.09, 1.71, 1.00, 0.00, 0.00, 0.00, 1.00, 1.00, 0.00, 1.00, 1.00, 1.00, 0.00, 0.00, 0.00, 0.00, 1.00, 1.00, 0.00, 1.00
2432,  0,  40.517,  0.98,  1, 0.35, 0.00, 0.18, 0.00, 3.51, 1.71, 0.00, 2.34, 3.62, 1.86, 0.11, 0.48, 0.02, 0.00, 2.54, 0.00, 1.71, 1.00, 0.00, 0.00, 0.00, 1.00, 1.00, 0.00, 1.00, 1.00, 1.00, 0.00, 0.00, 0.00, 0.00, 1.00, 1.00, 0.00, 1.00
2433,  0,  40.533,  0.98,  1, 0.45, 0.00, 0.18, 0.00, 3.57, 1.86, 0.00, 2.41, 3.58, 1.84, 0.24, 0.65, 0.02, 0.00, 2.79, 0.00, 1.78, 1.00, 0.00, 0.00, 0.00, 1.00, 1.00, 0.00, 1.00, 1.00, 1.00, 0.00, 0.00, 0.00, 0.00, 1.00, 1.00, 0.00, 1.00
2434,  0,  40.550,  0.98,  1, 0.63, 0.00, 0.01, 0.00, 3.59, 1.91, 0.00, 2.33, 3.69, 1.80, 0.24, 0.62, 0.00, 0.00, 2.99, 0.00, 1.84, 1.00, 0.00, 0.00, 0.00, 1.00, 1.00, 0.00, 1.00, 1.00, 1.00, 0.00, 0.00, 0.00, 0.00, 1.00, 1.00, 0.00, 1.00
2435,  0,  40.567,  0.98,  1, 0.76, 0.00, 0.01, 0.00, 3.63, 1.94, 0.00, 2.21, 3.72, 1.70, 0.38, 0.69, 0.00, 0.00, 3.22, 0.00, 1.83, 1.00, 0.00, 0.00, 0.00, 1.00, 1.00, 0.00, 1.00, 1.00, 1.00, 0.00, 0.00, 0.00, 0.00, 1.00, 1.00, 0.00, 1.00
2436,  0,  40.583,  0.98,  1, 0.73, 0.00, 0.08, 0.00, 3.63, 1.65, 0.00, 2.16, 3.74, 1.76, 0.40, 0.69, 0.00, 0.00, 3.27, 0.00, 1.72, 1.00, 0.00, 0.00, 0.00, 1.00, 1.00, 0.00, 1.00, 1.00, 1.00, 0.00, 0.00, 0.00, 0.00, 1.00, 1.00, 0.00, 1.00
2437,  0,  40.600,  0.98,  1, 0.76, 0.00, 0.07, 0.00, 3.51, 1.27, 0.00, 2.10, 3.66, 1.82, 0.44, 0.79, 0.00, 0.00, 3.23, 0.00, 1.56, 1.00, 0.00, 0.00, 0.00, 1.00, 1.00, 0.00, 1.00, 1.00, 1.00, 0.00, 0.00, 0.00, 0.00, 1.00, 1.00, 0.00, 1.00
2438,  0,  40.617,  0.98,  1, 0.77, 0.00, 0.07, 0.07, 3.46, 1.14, 0.00, 1.88, 3.62, 1.52, 0.89, 0.69, 0.00, 0.00, 3.15, 0.00, 1.48, 1.00, 0.00, 0.00, 0.00, 1.00, 1.00, 0.00, 1.00, 1.00, 1.00, 0.00, 0.00, 0.00, 0.00, 1.00, 1.00, 0.00, 1.00
2439,  0,  40.633,  0.98,  1, 0.91, 0.00, 0.00, 0.08, 3.35, 1.00, 0.00, 1.84, 3.52, 1.33, 1.02, 0.65, 0.15, 0.00, 3.01, 0.00, 1.54, 1.00, 0.00, 0.00, 0.00, 1.00, 1.00, 0.00, 1.00, 1.00, 1.00, 0.00, 0.00, 0.00, 0.00, 1.00, 1.00, 0.00, 1.00
2440,  0,  40.650,  0.98,  1, 0.79, 0.00, 0.00, 0.16, 3.35, 1.27, 0.00, 1.80, 3.36, 1.18, 1.76, 0.47, 0.52, 0.00, 3.02, 0.00, 1.49, 1.00, 0.00, 0.00, 0.00, 1.00, 1.00, 0.00, 1.00, 1.00, 1.00, 0.00, 0.00, 0.00, 0.00, 1.00, 1.00, 0.00, 1.00
2441,  0,  40.667,  0.98,  1, 0.67, 0.00, 0.00, 0.26, 3.30, 1.33, 0.00, 1.89, 3.28, 1.34, 1.46, 0.62, 0.67, 0.00, 3.24, 0.00, 1.33, 1.00, 0.00, 0.00, 0.00, 1.00, 1.00, 0.00, 1.00, 1.00, 1.00, 0.00, 0.00, 0.00, 0.00, 1.00, 0.00, 0.00, 1.00
2442,  0,  40.683,  0.98,  1, 0.48, 0.00, 0.00, 0.47, 3.38, 1.39, 0.00, 1.91, 3.22, 1.51, 1.27, 0.58, 0.79, 0.00, 3.31, 0.00, 1.21, 1.00, 0.00, 0.00, 0.00, 1.00, 1.00, 0.00, 1.00, 1.00, 1.00, 0.00, 0.00, 0.00, 0.00, 1.00, 0.00, 0.00, 1.00
2443,  0,  40.700,  0.98,  1, 0.36, 0.00, 0.00, 0.53, 3.39, 1.04, 0.00, 1.88, 3.22, 1.46, 0.85, 0.77, 0.61, 0.00, 3.33, 0.00, 1.06, 1.00, 0.00, 0.00, 0.00, 1.00, 1.00, 0.00, 1.00, 1.00, 1.00, 0.00, 0.00, 0.00, 0.00, 1.00, 0.00, 0.00, 1.00
2444,  0,  40.717,  0.98,  1, 0.29, 0.00, 0.00, 0.55, 3.37, 0.82, 0.00, 1.89, 3.21, 1.47, 0.95, 0.82, 0.81, 0.00, 3.22, 0.00, 1.21, 1.00, 0.00, 0.00, 0.00, 1.00, 1.00, 0.00, 1.00, 1.00, 1.00, 1.00, 0.00, 0.00, 0.00, 1.00, 0.00, 0.00, 1.00
2445,  0,  40.733,  0.98,  1, 0.16, 0.00, 0.00, 0.56, 3.33, 0.52, 0.00, 1.93, 3.20, 1.49, 1.21, 0.82, 0.89, 0.00, 3.27, 0.04, 1.17, 0.00, 0.00, 0.00, 0.00, 1.00, 1.00, 0.00, 1.00, 1.00, 1.00, 1.00, 0.00, 0.00, 0.00, 1.00, 0.00, 0.00, 1.00
2446,  0,  40.750,  0.98,  1, 0.18, 0.00, 0.00, 0.58, 3.37, 0.65, 0.00, 1.98, 3.25, 1.61, 0.99, 0.88, 0.85, 0.00, 3.34, 0.04, 1.37, 0.00, 0.00, 0.00, 0.00, 1.00, 1.00, 0.00, 1.00, 1.00, 1.00, 1.00, 0.00, 0.00, 0.00, 1.00, 0.00, 0.00, 1.00
2447,  0,  40.767,  0.98,  1, 0.11, 0.00, 0.00, 0.52, 3.43, 0.73, 0.00, 2.16, 3.28, 1.74, 0.77, 0.98, 0.77, 0.00, 3.26, 0.07, 1.15, 0.00, 0.00, 0.00, 0.00, 1.00, 1.00, 1.00, 1.00, 1.00, 1.00, 1.00, 0.00, 0.00, 0.00, 1.00, 0.00, 0.00, 1.00
2448,  0,  40.783,  0.98,  1, 0.09, 0.00, 0.00, 0.47, 3.40, 1.03, 0.02, 2.14, 3.31, 1.69, 0.66, 1.14, 0.75, 0.00, 3.14, 0.07, 1.19, 0.00, 0.00, 0.00, 0.00, 1.00, 1.00, 1.00, 1.00, 1.00, 1.00, 1.00, 0.00, 0.00, 0.00, 1.00, 0.00, 0.00, 1.00
2449,  0,  40.800,  0.98,  1, 0.00, 0.00, 0.00, 0.34, 3.40, 0.95, 0.02, 2.26, 3.33, 1.52, 0.85, 1.13, 0.89, 0.00, 3.15, 0.22, 1.13, 0.00, 0.00, 0.00, 0.00, 1.00, 1.00, 1.00, 1.00, 1.00, 1.00, 1.00, 0.00, 0.00, 0.00, 1.00, 0.00, 0.00, 1.00
2450,  0,  40.817,  0.98,  1, 0.00, 0.00, 0.06, 0.41, 3.38, 0.98, 0.07, 2.18, 3.31, 1.48, 0.92, 1.09, 0.81, 0.00, 3.25, 0.21, 1.24, 0.00, 0.00, 0.00, 0.00, 1.00, 1.00, 1.00, 1.00, 1.00, 1.00, 1.00, 0.00, 0.00, 0.00, 1.00, 0.00, 0.00, 1.00
2451,  0,  40.833,  0.98,  1, 0.00, 0.00, 0.06, 0.34, 3.46, 0.97, 0.05, 2.12, 3.28, 1.48, 0.72, 0.96, 0.76, 0.00, 3.30, 0.16, 1.11, 0.00, 0.00, 0.00, 0.00, 1.00, 1.00, 1.00, 1.00, 1.00, 1.00, 1.00, 0.00, 0.00, 0.00, 1.00, 0.00, 0.00, 1.00
2452,  0,  40.850,  0.98,  1, 0.08, 0.00, 0.06, 0.37, 3.47, 1.19, 0.08, 2.03, 3.31, 1.70, 0.47, 0.86, 0.75, 0.00, 3.29, 0.01, 1.12, 0.00, 0.00, 0.00, 0.00, 1.00, 1.00, 1.00, 1.00, 1.00, 1.00, 0.00, 0.00, 0.00, 0.00, 1.00, 0.00, 0.00, 1.00
2453,  0,  40.867,  0.98,  1, 0.08, 0.00, 0.00, 0.34, 3.51, 1.40, 0.03, 2.01, 3.41, 1.75, 0.39, 0.70, 0.73, 0.00, 3.35, 0.01, 1.15, 0.00, 0.00, 0.00, 0.00, 1.00, 1.00, 1.00, 1.00, 1.00, 1.00, 0.00, 0.00, 0.00, 0.00, 1.00, 0.00, 0.00, 1.00
2454,  0,  40.883,  0.98,  1, 0.08, 0.00, 0.00, 0.34, 3.48, 1.35, 0.03, 1.98, 3.48, 1.81, 0.57, 0.69, 0.50, 0.00, 3.44, 0.01, 1.40, 0.00, 0.00, 0.00, 0.00, 1.00, 1.00, 1.00, 1.00, 1.00, 1.00, 0.00, 0.00, 0.00, 0.00, 1.00, 0.00, 0.00, 1.00
2455,  0,  40.900,  0.98,  1, 0.00, 0.00, 0.00, 0.31, 3.48, 1.36, 0.04, 2.05, 3.50, 1.79, 0.67, 0.59, 0.50, 0.00, 3.51, 0.01, 1.53, 0.00, 0.00, 0.00, 0.00, 1.00, 1.00, 1.00, 1.00, 1.00, 1.00, 0.00, 0.00, 0.00, 0.00, 1.00, 0.00, 0.00, 1.00
2456,  0,  40.917,  0.98,  1, 0.00, 0.00, 0.00, 0.20, 3.45, 1.10, 0.07, 2.00, 3.46, 1.70, 0.90, 0.61, 0.48, 0.00, 3.46, 0.06, 1.63, 0.00, 0.00, 0.00, 0.00, 1.00, 1.00, 1.00, 1.00, 1.00, 1.00, 0.00, 0.00, 0.00, 0.00, 1.00, 0.00, 0.00, 1.00
2457,  0,  40.933,  0.98,  1, 0.00, 0.00, 0.07, 0.09, 3.48, 1.07, 0.16, 2.05, 3.49, 1.67, 0.78, 0.63, 0.61, 0.00, 3.42, 0.11, 1.64, 0.00, 0.00, 0.00, 0.00, 1.00, 1.00, 1.00, 1.00, 1.00, 1.00, 0.00, 0.00, 0.00, 0.00, 1.00, 0.00, 0.00, 1.00
2458,  0,  40.950,  0.98,  1, 0.00, 0.00, 0.07, 0.05, 3.46, 1.05, 0.19, 2.12, 3.47, 1.73, 0.77, 0.67, 0.44, 0.00, 3.31, 0.11, 1.50, 0.00, 0.00, 0.00, 0.00, 1.00, 1.00, 1.00, 1.00, 1.00, 1.00, 0.00, 0.00, 0.00, 0.00, 1.00, 0.00, 0.00, 1.00
2459,  0,  40.967,  0.98,  1, 0.00, 0.00, 0.07, 0.00, 3.48, 1.22, 0.20, 2.22, 3.48, 1.81, 0.58, 0.75, 0.36, 0.00, 3.36, 0.06, 1.57, 0.00, 0.00, 0.00, 0.00, 1.00, 1.00, 1.00, 1.00, 1.00, 1.00, 0.00, 0.00, 0.00, 0.00, 1.00, 0.00, 0.00, 1.00
2460,  0,  40.983,  0.98,  1, 0.00, 0.00, 0.07, 0.00, 3.44, 1.46, 0.12, 2.30, 3.50, 1.78, 0.52, 0.73, 0.18, 0.00, 3.36, 0.01, 1.64, 0.00, 0.00, 0.00, 0.00, 1.00, 1.00, 1.00, 1.00, 1.00, 1.00, 0.00, 0.00, 0.00, 0.00, 1.00, 0.00, 0.00, 1.00
2461,  0,  41.000,  0.98,  1, 0.00, 0.00, 0.07, 0.06, 3.50, 1.54, 0.16, 2.28, 3.58, 1.74, 0.61, 0.72, 0.25, 0.00, 3.35, 0.03, 1.92, 0.00, 0.00, 0.00, 0.00, 1.00, 1.00, 1.00, 1.00, 1.00, 1.00, 0.00, 0.00, 0.00, 0.00, 1.00, 0.00, 0.00, 1.00
2462,  0,  41.017,  0.98,  1, 0.00, 0.00, 0.07, 0.06, 3.46, 1.64, 0.13, 2.34, 3.54, 1.63, 0.43, 0.67, 0.37, 0.00, 3.21, 0.12, 1.74, 0.00, 0.00, 0.00, 0.00, 1.00, 1.00, 1.00, 1.00, 1.00, 1.00, 0.00, 0.00, 0.00, 0.00, 1.00, 0.00, 0.00, 1.00
2463,  0,  41.033,  0.98,  1, 0.00, 0.00, 0.00, 0.06, 3.53, 1.36, 0.15, 2.35, 3.54, 1.48, 0.62, 0.62, 0.42, 0.00, 3.15, 0.21, 1.49, 0.00, 0.00, 0.00, 0.00, 1.00, 1.00, 1.00, 1.00, 1.00, 1.00, 0.00, 0.00, 0.00, 0.00, 1.00, 0.00, 0.00, 1.00
2464,  0,  41.050,  0.98,  1, 0.00, 0.00, 0.00, 0.00, 3.49, 1.40, 0.06, 2.24, 3.50, 1.48, 0.56, 0.63, 0.39, 0.00, 3.19, 0.19, 1.20, 0.00, 0.00, 0.00, 0.00, 1.00, 1.00, 1.00, 1.00, 1.00, 1.00, 0.00, 0.00, 0.00, 0.00, 1.00, 0.00, 0.00, 1.00
2465,  0,  41.067,  0.98,  1, 0.00, 0.00, 0.02, 0.00, 3.51, 1.24, 0.08, 2.23, 3.55, 1.73, 0.70, 0.57, 0.40, 0.00, 3.26, 0.09, 1.12, 0.00, 0.00, 0.00, 0.00, 1.00, 1.00, 1.00, 1.00, 1.00, 1.00, 0.00, 0.00, 0.00, 0.00, 1.00, 0.00, 0.00, 1.00
2466,  0,  41.083,  0.98,  1, 0.00, 0.00, 0.02, 0.00, 3.45, 1.22, 0.05, 2.20, 3.55, 1.75, 0.51, 0.40, 0.50, 0.00, 3.47, 0.00, 1.04, 0.00, 0.00, 0.00, 0.00, 1.00, 1.00, 1.00, 1.00, 1.00, 1.00, 0.00, 0.00, 0.00, 0.00, 1.00, 0.00, 0.00, 1.00
2467,  0,  41.100,  0.98,  1, 0.00, 0.00, 0.02, 0.00, 3.38, 1.15, 0.05, 2.29, 3.52, 1.73, 0.40, 0.37, 0.46, 0.00, 3.35, 0.00, 0.99, 0.00, 0.00, 0.00, 0.00, 1.00, 1.00, 1.00, 1.00, 1.00, 1.00, 0.00, 0.00, 0.00, 0.00, 1.00, 0.00, 0.00, 1.00
2468,  0,  41.117,  0.98,  1, 0.00, 0.00, 0.05, 0.00, 3.37, 1.27, 0.02, 2.30, 3.54, 1.47, 0.45, 0.44, 0.47, 0.00, 3.36, 0.00, 0.99, 0.00, 0.00, 0.00, 0.00, 1.00, 1.00, 1.00, 1.00, 1.00, 1.00, 0.00, 0.00, 0.00, 0.00, 1.00, 0.00, 0.00, 1.00
2469,  0,  41.133,  0.98,  1, 0.00, 0.00, 0.21, 0.00, 3.41, 1.50, 0.07, 2.29, 3.59, 1.57, 0.38, 0.63, 0.34, 0.00, 3.19, 0.00, 1.14, 0.00, 0.00, 0.00, 0.00, 1.00, 1.00, 1.00, 1.00, 1.00, 1.00, 0.00, 0.00, 0.00, 0.00, 1.00, 0.00, 0.00, 1.00
2470,  0,  41.150,  0.98,  1, 0.00, 0.00, 0.25, 0.00, 3.47, 1.43, 0.05, 2.38, 3.63, 1.59, 0.34, 0.65, 0.35, 0.00, 3.47, 0.00, 1.42, 0.00, 0.00, 0.00, 0.00, 1.00, 1.00, 1.00, 1.00, 1.00, 1.00, 0.00, 0.00, 0.00, 0.00, 1.00, 0.00, 0.00, 1.00
2471,  0,  41.167,  0.98,  1, 0.00, 0.00, 0.20, 0.00, 3.44, 1.25, 0.09, 2.31, 3.61, 1.73, 0.13, 0.52, 0.24, 0.00, 3.47, 0.00, 1.34, 0.00, 0.00, 0.00, 0.00, 1.00, 1.00, 1.00, 1.00, 1.00, 1.00, 0.00, 0.00, 0.00, 0.00, 1.00, 0.00, 0.00, 1.00
2472,  0,  41.183,  0.98,  1, 0.00, 0.00, 0.14, 0.00, 3.41, 1.23, 0.04, 2.28, 3.55, 1.70, 0.29, 0.53, 0.43, 0.00, 3.47, 0.07, 1.24, 0.00, 0.00, 0.00, 0.00, 1.00, 1.00, 1.00, 1.00, 1.00, 1.00, 0.00, 0.00, 0.00, 0.00, 1.00, 0.00, 0.00, 1.00
2473,  0,  41.200,  0.98,  1, 0.00, 0.00, 0.19, 0.00, 3.43, 1.19, 0.04, 2.20, 3.54, 1.57, 0.20, 0.43, 0.38, 0.00, 3.35, 0.08, 1.04, 0.00, 0.00, 0.00, 0.00, 1.00, 1.00, 1.00, 1.00, 1.00, 1.00, 0.00, 0.00, 0.00, 0.00, 1.00, 0.00, 0.00, 1.00
2474,  0,  41.217,  0.98,  1, 0.00, 0.00, 0.32, 0.00, 3.45, 1.01, 0.09, 2.31, 3.59, 1.43, 0.24, 0.36, 0.41, 0.00, 3.33, 0.08, 1.20, 0.00, 0.00, 0.00, 0.00, 1.00, 1.00, 1.00, 1.00, 1.00, 1.00, 0.00, 0.00, 0.00, 0.00, 1.00, 0.00, 0.00, 1.00
2475,  0,  41.233,  0.98,  1, 0.00, 0.00, 0.27, 0.00, 3.42, 0.94, 0.09, 2.43, 3.66, 1.52, 0.12, 0.14, 0.40, 0.00, 3.31, 0.05, 1.26, 0.00, 0.00, 0.00, 0.00, 1.00, 1.00, 1.00, 1.00, 1.00, 1.00, 0.00, 0.00, 0.00, 0.00, 1.00, 0.00, 0.00, 1.00
2476,  0,  41.250,  0.98,  1, 0.00, 0.00, 0.19, 0.00, 3.44, 1.08, 0.09, 2.54, 3.79, 1.70, 0.31, 0.17, 0.39, 0.00, 3.19, 0.05, 1.30, 0.00, 0.00, 0.00, 0.00, 1.00, 1.00, 1.00, 1.00, 1.00, 1.00, 0.00, 0.00, 0.00, 0.00, 1.00, 0.00, 0.00, 1.00
2477,  0,  41.267,  0.98,  1, 0.00, 0.00, 0.06, 0.00, 3.40, 1.28, 0.01, 2.47, 3.78, 1.87, 0.32, 0.24, 0.43, 0.00, 3.15, 0.05, 1.21, 0.00, 0.00, 0.00, 0.00, 1.00, 1.00, 1.00, 1.00, 1.00, 1.00, 0.00, 0.00, 0.00, 0.00, 1.00, 0.00, 0.00, 1.00
2478,  0,  41.283,  0.98,  1, 0.00, 0.00, 0.07, 0.00, 3.43, 1.44, 0.01, 2.56, 3.84, 1.87, 0.42, 0.24, 0.35, 0.00, 3.16, 0.05, 1.18, 0.00, 0.00, 0.00, 0.00, 1.00, 1.00, 1.00, 1.00, 1.00, 1.00, 0.00, 0.00, 0.00, 0.00, 1.00, 0.00, 0.00, 1.00
2479,  0,  41.300,  0.98,  1, 0.00, 0.00, 0.11, 0.00, 3.32, 1.28, 0.01, 2.43, 3.77, 1.69, 0.31, 0.10, 0.40, 0.00, 3.24, 0.13, 1.04, 0.00, 0.00, 0.00, 0.00, 1.00, 1.00, 1.00, 1.00, 1.00, 1.00, 0.00, 0.00, 0.00, 0.00, 1.00, 0.00, 0.00, 1.00
2480,  0,  41.317,  0.98,  1, 0.00, 0.00, 0.14, 0.00, 3.36, 1.41, 0.00, 2.53, 3.77, 1.67, 0.40, 0.05, 0.32, 0.00, 3.34, 0.15, 1.12, 0.00, 0.00, 0.00, 0.00, 1.00, 1.00, 1.00, 1.00, 1.00, 1.00, 0.00, 0.00, 0.00, 0.00, 1.00, 0.00, 0.00, 1.00
2481,  0,  41.333,  0.98,  1, 0.00, 0.00, 0.18, 0.00, 3.38, 1.29, 0.00, 2.50, 3.77, 1.69, 0.27, 0.18, 0.38, 0.00, 3.50, 0.24, 1.17, 0.00, 0.00, 0.00, 0.00, 1.00, 1.00, 1.00, 1.00, 1.00, 1.00, 0.00, 0.00, 0.00, 0.00, 1.00, 0.00, 0.00, 1.00
2482,  0,  41.350,  0.98,  1, 0.00, 0.00, 0.17, 0.00, 3.43, 1.55, 0.00, 2.63, 3.78, 1.79, 0.19, 0.18, 0.37, 0.00, 3.62, 0.16, 1.05, 0.00, 0.00, 0.00, 0.00, 1.00, 1.00, 1.00, 1.00, 1.00, 1.00, 0.00, 0.00, 0.00, 0.00, 1.00, 0.00, 0.00, 1.00
2483,  0,  41.367,  0.98,  1, 0.00, 0.00, 0.17, 0.00, 3.46, 1.50, 0.05, 2.62, 3.78, 1.80, 0.05, 0.21, 0.49, 0.00, 3.50, 0.14, 0.74, 0.00, 0.00, 0.00, 0.00, 1.00, 1.00, 1.00, 1.00, 1.00, 1.00, 0.00, 0.00, 0.00, 0.00, 1.00, 0.00, 0.00, 1.00
2484,  0,  41.383,  0.98,  1, 0.00, 0.00, 0.26, 0.00, 3.51, 1.69, 0.09, 2.57, 3.73, 1.84, 0.04, 0.15, 0.40, 0.00, 3.36, 0.00, 0.54, 0.00, 0.00, 0.00, 0.00, 1.00, 1.00, 1.00, 1.00, 1.00, 1.00, 0.00, 0.00, 0.00, 0.00, 1.00, 0.00, 0.00, 1.00
2485,  0,  41.400,  0.98,  1, 0.00, 0.00, 0.35, 0.00, 3.54, 1.76, 0.14, 2.61, 3.76, 1.89, 0.05, 0.15, 0.40, 0.00, 3.30, 0.00, 0.63, 0.00, 0.00, 0.00, 0.00, 1.00, 1.00, 1.00, 1.00, 1.00, 1.00, 0.00, 0.00, 0.00, 0.00, 1.00, 0.00, 0.00, 1.00
2486,  0,  41.417,  0.98,  1, 0.00, 0.00, 0.35, 0.00, 3.60, 1.95, 0.10, 2.60, 3.77, 1.83, 0.05, 0.13, 0.25, 0.00, 3.34, 0.01, 0.52, 0.00, 0.00, 0.00, 0.00, 1.00, 1.00, 1.00, 1.00, 1.00, 1.00, 0.00, 0.00, 0.00, 0.00, 1.00, 0.00, 0.00, 1.00
2487,  0,  41.433,  0.98,  1, 0.00, 0.00, 0.32, 0.00, 3.62, 2.03, 0.12, 2.61, 3.75, 1.82, 0.02, 0.14, 0.17, 0.00, 3.24, 0.01, 0.41, 0.00, 0.00, 0.00, 0.00, 1.00, 1.00, 1.00, 1.00, 1.00, 1.00, 0.00, 0.00, 0.00, 0.00, 1.00, 0.00, 0.00, 1.00
2488,  0,  41.450,  0.98,  1, 0.00, 0.00, 0.33, 0.00, 3.69, 2.05, 0.11, 2.67, 3.74, 1.87, 0.00, 0.23, 0.17, 0.00, 3.18, 0.01, 0.17, 0.00, 0.00, 0.00, 0.00, 1.00, 1.00, 1.00, 1.00, 1.00, 1.00, 0.00, 0.00, 0.00, 0.00, 1.00, 0.00, 0.00, 1.00
2489,  0,  41.467,  0.98,  1, 0.00, 0.00, 0.42, 0.00, 3.66, 2.03, 0.13, 2.73, 3.78, 1.83, 0.00, 0.17, 0.12, 0.00, 3.13, 0.00, 0.35, 0.00, 0.00, 0.00, 0.00, 1.00, 1.00, 1.00, 1.00, 1.00, 1.00, 0.00, 0.00, 0.00, 0.00, 1.00, 0.00, 0.00, 1.00
2490,  0,  41.483,  0.98,  1, 0.00, 0.00, 0.53, 0.00, 3.65, 2.06, 0.10, 2.83, 3.87, 1.75, 0.00, 0.11, 0.18, 0.00, 3.29, 0.00, 0.34, 0.00, 0.00, 0.00, 0.00, 1.00, 1.00, 1.00, 1.00, 1.00, 1.00, 0.00, 0.00, 0.00, 0.00, 1.00, 0.00, 0.00, 1.00
2491,  0,  41.500,  0.98,  1, 0.00, 0.00, 0.49, 0.00, 3.65, 1.94, 0.06, 2.82, 3.84, 1.62, 0.00, 0.02, 0.11, 0.00, 3.27, 0.05, 0.30, 0.00, 0.00, 0.00, 0.00, 1.00, 1.00, 1.00, 1.00, 1.00, 1.00, 0.00, 0.00, 0.00, 0.00, 1.00, 0.00, 0.00, 1.00
2492,  0,  41.517,  0.98,  1, 0.00, 0.00, 0.47, 0.00, 3.65, 2.00, 0.03, 2.86, 3.87, 1.68, 0.00, 0.00, 0.09, 0.00, 3.43, 0.07, 0.22, 0.00, 0.00, 0.00, 0.00, 1.00, 1.00, 1.00, 1.00, 1.00, 1.00, 0.00, 0.00, 0.00, 0.00, 1.00, 0.00, 0.00, 1.00
2493,  0,  41.533,  0.98,  1, 0.00, 0.00, 0.22, 0.00, 3.64, 1.90, 0.00, 2.72, 3.84, 1.74, 0.00, 0.00, 0.03, 0.00, 3.38, 0.09, 0.10, 0.00, 0.00, 0.00, 0.00, 1.00, 1.00, 1.00, 1.00, 1.00, 1.00, 0.00, 0.00, 0.00, 0.00, 1.00, 0.00, 0.00, 1.00
2494,  0,  41.550,  0.98,  1, 0.00, 0.00, 0.27, 0.00, 3.59, 1.99, 0.02, 2.57, 3.78, 1.81, 0.00, 0.03, 0.00, 0.00, 3.56, 0.04, 0.18, 0.00, 0.00, 0.00, 0.00, 1.00, 1.00, 1.00, 1.00, 1.00, 1.00, 0.00, 0.00, 0.00, 0.00, 1.00, 0.00, 0.00, 1.00
2495,  0,  41.567,  0.98,  1, 0.00, 0.00, 0.19, 0.00, 3.65, 2.01, 0.03, 2.34, 3.70, 1.82, 0.00, 0.16, 0.06, 0.00, 3.41, 0.02, 0.08, 0.00, 0.00, 0.00, 0.00, 1.00, 1.00, 1.00, 1.00, 1.00, 1.00, 0.00, 0.00, 0.00, 0.00, 1.00, 0.00, 0.00, 1.00
2496,  0,  41.583,  0.98,  1, 0.00, 0.00, 0.35, 0.00, 3.72, 2.22, 0.03, 2.39, 3.75, 1.77, 0.00, 0.16, 0.07, 0.00, 3.43, 0.00, 0.13, 0.00, 0.00, 0.00, 0.00, 1.00, 1.00, 1.00, 1.00, 1.00, 1.00, 0.00, 0.00, 0.00, 0.00, 1.00, 0.00, 0.00, 1.00
2497,  0,  41.600,  0.98,  1, 0.00, 0.00, 0.39, 0.00, 3.75, 2.13, 0.01, 2.47, 3.80, 1.85, 0.00, 0.19, 0.20, 0.00, 3.34, 0.02, 0.19, 0.00, 0.00, 0.00, 0.00, 1.00, 1.00, 1.00, 1.00, 1.00, 1.00, 0.00, 0.00, 0.00, 0.00, 1.00, 0.00, 0.00, 1.00
2498,  0,  41.617,  0.98,  1, 0.00, 0.00, 0.56, 0.00, 3.63, 2.05, 0.00, 2.63, 3.82, 1.93, 0.00, 0.06, 0.22, 0.00, 3.39, 0.02, 0.21, 0.00, 0.00, 0.00, 0.00, 1.00, 1.00, 1.00, 1.00, 1.00, 1.00, 0.00, 0.00, 0.00, 0.00, 1.00, 0.00, 0.00, 1.00
2499,  0,  41.633,  0.98,  1, 0.00, 0.00, 0.52, 0.00, 3.56, 1.64, 0.08, 2.65, 3.76, 1.94, 0.00, 0.08, 0.21, 0.00, 3.33, 0.02, 0.28, 0.00, 0.00, 0.00, 0.00, 1.00, 1.00, 1.00, 1.00, 1.00, 1.00, 0.00, 0.00, 0.00, 0.00, 1.00, 0.00, 0.00, 1.00
2500,  0,  41.650,  0.98,  1, 0.00, 0.00, 0.59, 0.00, 3.57, 1.67, 0.10, 2.63, 3.74, 1.84, 0.00, 0.02, 0.09, 0.00, 3.21, 0.07, 0.23, 0.00, 0.00, 0.00, 0.00, 1.00, 1.00, 1.00, 1.00, 1.00, 1.00, 0.00, 0.00, 0.00, 0.00, 1.00, 0.00, 0.00, 1.00
2501,  0,  41.667,  0.98,  1, 0.00, 0.00, 0.59, 0.00, 3.61, 1.58, 0.10, 2.57, 3.77, 1.86, 0.00, 0.14, 0.11, 0.00, 3.23, 0.07, 0.27, 0.00, 0.00, 0.00, 0.00, 1.00, 1.00, 1.00, 1.00, 1.00, 1.00, 0.00, 0.00, 0.00, 0.00, 1.00, 0.00, 0.00, 1.00
2502,  0,  41.683,  0.98,  1, 0.00, 0.00, 0.78, 0.00, 3.66, 2.03, 0.02, 2.63, 3.76, 1.94, 0.00, 0.12, 0.11, 0.00, 3.21, 0.07, 0.16, 0.00, 0.00, 0.00, 0.00, 1.00, 1.00, 1.00, 1.00, 1.00, 1.00, 0.00, 0.00, 0.00, 0.00, 1.00, 0.00, 0.00, 1.00
2503,  0,  41.700,  0.98,  1, 0.00, 0.00, 0.87, 0.00, 3.65, 2.16, 0.04, 2.64, 3.78, 1.93, 0.00, 0.14, 0.11, 0.00, 3.40, 0.05, 0.15, 0.00, 0.00, 0.00, 0.00, 1.00, 1.00, 1.00, 1.00, 1.00, 1.00, 0.00, 0.00, 0.00, 0.00, 1.00, 0.00, 0.00, 1.00
2504,  0,  41.717,  0.98,  1, 0.00, 0.00, 0.90, 0.00, 3.65, 2.15, 0.06, 2.68, 3.79, 1.85, 0.00, 0.12, 0.04, 0.00, 3.49, 0.05, 0.18, 0.00, 0.00, 0.00, 0.00, 1.00, 1.00, 1.00, 1.00, 1.00, 1.00, 0.00, 0.00, 0.00, 0.00, 1.00, 0.00, 0.00, 1.00
2505,  0,  41.733,  0.98,  1, 0.00, 0.00, 0.75, 0.00, 3.60, 2.07, 0.06, 2.65, 3.81, 1.76, 0.00, 0.25, 0.04, 0.00, 3.62, 0.05, 0.31, 0.00, 0.00, 0.00, 0.00, 1.00, 1.00, 1.00, 1.00, 1.00, 1.00, 0.00, 0.00, 0.00, 0.00, 1.00, 0.00, 0.00, 1.00
2506,  0,  41.750,  0.98,  1, 0.00, 0.00, 0.65, 0.00, 3.59, 2.02, 0.07, 2.62, 3.78, 1.85, 0.04, 0.45, 0.04, 0.00, 3.46, 0.00, 0.24, 0.00, 0.00, 0.00, 0.00, 1.00, 1.00, 1.00, 1.00, 1.00, 1.00, 0.00, 0.00, 0.00, 0.00, 1.00, 0.00, 0.00, 1.00
2507,  0,  41.767,  0.98,  1, 0.00, 0.00, 0.50, 0.00, 3.61, 2.14, 0.06, 2.59, 3.75, 1.80, 0.04, 0.35, 0.07, 0.00, 3.45, 0.00, 0.20, 0.00, 0.00, 0.00, 0.00, 1.00, 1.00, 1.00, 1.00, 1.00, 1.00, 0.00, 0.00, 0.00, 0.00, 1.00, 0.00, 0.00, 1.00
2508,  0,  41.783,  0.98,  1, 0.00, 0.00, 0.47, 0.00, 3.63, 2.17, 0.06, 2.58, 3.67, 1.84, 0.04, 0.22, 0.07, 0.00, 3.36, 0.00, 0.07, 0.00, 0.00, 0.00, 0.00, 1.00, 1.00, 1.00, 1.00, 1.00, 1.00, 0.00, 0.00, 0.00, 0.00, 1.00, 0.00, 0.00, 1.00
2509,  0,  41.800,  0.98,  1, 0.00, 0.00, 0.43, 0.00, 3.57, 2.22, 0.01, 2.60, 3.62, 1.78, 0.00, 0.08, 0.07, 0.00, 3.45, 0.00, 0.07, 0.00, 0.00, 0.00, 0.00, 1.00, 1.00, 1.00, 1.00, 1.00, 1.00, 0.00, 0.00, 0.00, 0.00, 1.00, 0.00, 0.00, 1.00
2510,  0,  41.817,  0.98,  1, 0.00, 0.00, 0.56, 0.00, 3.61, 2.24, 0.02, 2.58, 3.63, 1.83, 0.00, 0.08, 0.00, 0.00, 3.40, 0.00, 0.09, 0.00, 0.00, 0.00, 0.00, 1.00, 1.00, 1.00, 1.00, 1.00, 1.00, 0.00, 0.00, 0.00, 0.00, 1.00, 1.00, 0.00, 1.00
2511,  0,  41.833,  0.98,  1, 0.00, 0.00, 0.61, 0.00, 3.58, 2.05, 0.02, 2.63, 3.74, 1.86, 0.00, 0.08, 0.03, 0.00, 3.44, 0.18, 0.22, 0.00, 0.00, 0.00, 0.00, 1.00, 1.00, 1.00, 1.00, 1.00, 1.00, 0.00, 0.00, 0.00, 0.00, 1.00, 1.00, 0.00, 1.00
2512,  0,  41.850,  0.98,  1, 0.00, 0.00, 0.65, 0.00, 3.70, 2.20, 0.02, 2.68, 3.80, 1.99, 0.00, 0.11, 0.03, 0.00, 3.27, 0.18, 0.26, 0.00, 0.00, 0.00, 0.00, 1.00, 1.00, 1.00, 1.00, 1.00, 1.00, 0.00, 0.00, 0.00, 0.00, 1.00, 1.00, 0.00, 1.00
2513,  0,  41.867,  0.98,  1, 0.00, 0.00, 0.73, 0.00, 3.68, 2.20, 0.00, 2.79, 3.84, 1.96, 0.00, 0.18, 0.04, 0.00, 3.20, 0.23, 0.29, 0.00, 0.00, 0.00, 0.00, 1.00, 1.00, 1.00, 1.00, 1.00, 1.00, 0.00, 0.00, 0.00, 0.00, 1.00, 1.00, 0.00, 1.00
2514,  0,  41.883,  0.98,  1, 0.00, 0.00, 0.81, 0.00, 3.77, 2.20, 0.00, 2.79, 3.78, 1.85, 0.00, 0.18, 0.01, 0.00, 3.19, 0.12, 0.23, 0.00, 0.00, 0.00, 0.00, 1.00, 1.00, 1.00, 1.00, 1.00, 1.00, 0.00, 0.00, 0.00, 0.00, 1.00, 1.00, 0.00, 1.00
2515,  0,  41.900,  0.98,  1, 0.00, 0.00, 0.74, 0.00, 3.73, 2.00, 0.03, 2.81, 3.79, 1.75, 0.00, 0.07, 0.04, 0.00, 3.33, 0.23, 0.20, 0.00, 0.00, 0.00, 0.00, 1.00, 1.00, 1.00, 1.00, 1.00, 1.00, 0.00, 0.00, 0.00, 0.00, 1.00, 1.00, 0.00, 1.00
2516,  0,  41.917,  0.98,  1, 0.00, 0.00, 0.74, 0.00, 3.72, 2.24, 0.03, 2.79, 3.76, 1.70, 0.00, 0.00, 0.03, 0.00, 3.39, 0.18, 0.16, 0.00, 0.00, 0.00, 0.00, 1.00, 1.00, 1.00, 1.00, 1.00, 1.00, 0.00, 0.00, 0.00, 0.00, 1.00, 1.00, 0.00, 1.00
2517,  0,  41.933,  0.98,  1, 0.00, 0.00, 0.74, 0.00, 3.67, 2.47, 0.02, 2.86, 3.76, 1.69, 0.00, 0.00, 0.03, 0.00, 3.39, 0.11, 0.06, 0.00, 0.00, 0.00, 0.00, 1.00, 1.00, 1.00, 1.00, 1.00, 1.00, 0.00, 0.00, 0.00, 0.00, 1.00, 1.00, 0.00, 1.00
2518,  0,  41.950,  0.98,  1, 0.00, 0.00, 0.83, 0.00, 3.69, 2.56, 0.00, 2.78, 3.73, 1.53, 0.00, 0.00, 0.05, 0.00, 3.46, 0.01, 0.26, 0.00, 0.00, 0.00, 0.00, 1.00, 1.00, 1.00, 1.00, 1.00, 1.00, 0.00, 0.00, 0.00, 0.00, 1.00, 1.00, 0.00, 1.00
2519,  0,  41.967,  0.98,  1, 0.00, 0.00, 0.80, 0.00, 3.67, 2.36, 0.00, 2.88, 3.71, 1.51, 0.00, 0.00, 0.13, 0.00, 3.40, 0.00, 0.25, 0.00, 0.00, 0.00, 0.00, 1.00, 1.00, 1.00, 1.00, 1.00, 1.00, 0.00, 0.00, 0.00, 0.00, 1.00, 1.00, 0.00, 1.00
2520,  0,  41.983,  0.98,  1, 0.00, 0.00, 0.80, 0.00, 3.65, 2.36, 0.00, 2.91, 3.68, 1.83, 0.00, 0.06, 0.18, 0.00, 3.31, 0.00, 0.25, 0.00, 0.00, 0.00, 0.00, 1.00, 1.00, 1.00, 1.00, 1.00, 1.00, 0.00, 0.00, 0.00, 0.00, 1.00, 1.00, 0.00, 1.00
2521,  0,  42.000,  0.98,  1, 0.00, 0.00, 0.91, 0.00, 3.69, 2.57, 0.01, 2.92, 3.67, 1.95, 0.00, 0.06, 0.24, 0.00, 3.16, 0.00, 0.05, 0.00, 0.00, 0.00, 0.00, 1.00, 1.00, 1.00, 1.00, 1.00, 1.00, 0.00, 0.00, 0.00, 0.00, 1.00, 1.00, 0.00, 1.00
2522,  0,  42.017,  0.98,  1, 0.00, 0.00, 0.88, 0.00, 3.68, 2.58, 0.02, 2.89, 3.74, 2.17, 0.00, 0.11, 0.15, 0.00, 3.16, 0.10, 0.00, 0.00, 0.00, 0.00, 0.00, 1.00, 1.00, 1.00, 1.00, 1.00, 1.00, 0.00, 0.00, 0.00, 0.00, 1.00, 1.00, 0.00, 1.00
2523,  0,  42.033,  0.98,  1, 0.00, 0.00, 0.86, 0.00, 3.69, 2.38, 0.05, 2.78, 3.76, 1.92, 0.00, 0.05, 0.10, 0.00, 3.22, 0.13, 0.04, 0.00, 0.00, 0.00, 0.00, 1.00, 1.00, 1.00, 1.00, 1.00, 1.00, 0.00, 0.00, 0.00, 0.00, 1.00, 1.00, 0.00, 1.00
2524,  0,  42.050,  0.98,  1, 0.00, 0.00, 0.81, 0.00, 3.63, 2.09, 0.04, 2.79, 3.78, 2.01, 0.00, 0.10, 0.00, 0.00, 3.27, 0.22, 0.04, 0.00, 0.00, 0.00, 0.00, 1.00, 1.00, 1.00, 1.00, 1.00, 1.00, 0.00, 0.00, 0.00, 0.00, 1.00, 1.00, 0.00, 1.00
2525,  0,  42.067,  0.98,  1, 0.00, 0.00, 0.79, 0.00, 3.66, 2.07, 0.06, 2.82, 3.73, 1.83, 0.00, 0.05, 0.00, 0.00, 3.24, 0.11, 0.07, 0.00, 0.00, 0.00, 0.00, 1.00, 1.00, 1.00, 1.00, 1.00, 1.00, 0.00, 0.00, 0.00, 0.00, 1.00, 1.00, 0.00, 1.00
2526,  0,  42.083,  0.98,  1, 0.00, 0.00, 0.73, 0.00, 3.73, 2.31, 0.03, 2.93, 3.76, 1.89, 0.00, 0.06, 0.00, 0.00, 3.35, 0.21, 0.07, 0.00, 0.00, 0.00, 0.00, 1.00, 1.00, 1.00, 1.00, 1.00, 1.00, 0.00, 0.00, 0.00, 0.00, 1.00, 1.00, 0.00, 1.00
2527,  0,  42.100,  0.98,  1, 0.00, 0.00, 0.76, 0.00, 3.82, 2.47, 0.10, 2.98, 3.78, 1.86, 0.00, 0.09, 0.00, 0.00, 3.42, 0.12, 0.17, 0.00, 0.00, 0.00, 0.00, 1.00, 1.00, 1.00, 1.00, 1.00, 1.00, 0.00, 0.00, 0.00, 0.00, 1.00, 1.00, 0.00, 1.00
2528,  0,  42.117,  0.98,  1, 0.00, 0.00, 0.82, 0.00, 3.81, 2.40, 0.12, 2.89, 3.82, 1.96, 0.00, 0.13, 0.00, 0.00, 3.62, 0.12, 0.14, 0.00, 0.00, 0.00, 0.00, 1.00, 1.00, 1.00, 1.00, 1.00, 1.00, 0.00, 0.00, 0.00, 0.00, 1.00, 1.00, 0.00, 1.00
2529,  0,  42.133,  0.98,  1, 0.00, 0.00, 0.87, 0.00, 3.70, 2.24, 0.12, 2.78, 3.82, 1.87, 0.00, 0.13, 0.00, 0.00, 3.53, 0.00, 0.15, 0.00, 0.00, 0.00, 0.00, 1.00, 1.00, 1.00, 1.00, 1.00, 1.00, 0.00, 0.00, 0.00, 0.00, 1.00, 1.00, 0.00, 1.00
2530,  0,  42.150,  0.98,  1, 0.00, 0.00, 0.65, 0.00, 3.62, 2.33, 0.05, 2.75, 3.77, 1.87, 0.00, 0.08, 0.07, 0.00, 3.52, 0.00, 0.15, 0.00, 0.00, 0.00, 0.00, 1.00, 1.00, 1.00, 1.00, 1.00, 1.00, 0.00, 0.00, 0.00, 0.00, 1.00, 1.00, 0.00, 1.00
2531,  0,  42.167,  0.98,  1, 0.00, 0.00, 0.72, 0.00, 3.63, 2.41, 0.00, 2.67, 3.70, 1.70, 0.00, 0.08, 0.07, 0.00, 3.42, 0.08, 0.16, 0.00, 0.00, 0.00, 0.00, 1.00, 1.00, 1.00, 1.00, 1.00, 1.00, 0.00, 0.00, 0.00, 0.00, 1.00, 1.00, 0.00, 1.00
2532,  0,  42.183,  0.98,  1, 0.00, 0.00, 0.75, 0.00, 3.70, 2.50, 0.02, 2.79, 3.68, 1.87, 0.00, 0.14, 0.07, 0.00, 3.41, 0.18, 0.12, 0.00, 0.00, 0.00, 0.00, 1.00, 1.00, 1.00, 1.00, 1.00, 1.00, 0.00, 0.00, 0.00, 0.00, 1.00, 1.00, 0.00, 1.00
2533,  0,  42.200,  0.98,  1, 0.00, 0.00, 0.82, 0.00, 3.70, 2.11, 0.05, 2.75, 3.68, 1.82, 0.00, 0.11, 0.00, 0.00, 3.49, 0.18, 0.06, 0.00, 0.00, 0.00, 0.00, 1.00, 1.00, 1.00, 1.00, 1.00, 1.00, 0.00, 0.00, 0.00, 0.00, 1.00, 1.00, 0.00, 1.00
2534,  0,  42.217,  0.98,  1, 0.00, 0.00, 0.69, 0.00, 3.71, 2.24, 0.05, 2.85, 3.78, 1.96, 0.00, 0.06, 0.00, 0.00, 3.60, 0.10, 0.09, 0.00, 0.00, 0.00, 0.00, 1.00, 1.00, 1.00, 1.00, 1.00, 1.00, 0.00, 0.00, 0.00, 0.00, 1.00, 1.00, 0.00, 1.00
2535,  0,  42.233,  0.98,  1, 0.00, 0.00, 0.62, 0.00, 3.70, 2.28, 0.03, 2.80, 3.80, 1.85, 0.00, 0.00, 0.00, 0.00, 3.68, 0.00, 0.11, 0.00, 0.00, 0.00, 0.00, 1.00, 1.00, 1.00, 1.00, 1.00, 1.00, 0.00, 0.00, 0.00, 0.00, 1.00, 1.00, 0.00, 1.00
2536,  0,  42.250,  0.98,  1, 0.00, 0.00, 0.68, 0.00, 3.73, 2.39, 0.00, 2.93, 3.81, 1.95, 0.06, 0.03, 0.00, 0.00, 3.64, 0.00, 0.07, 0.00, 0.00, 0.00, 0.00, 1.00, 1.00, 1.00, 1.00, 1.00, 1.00, 0.00, 0.00, 0.00, 0.00, 1.00, 1.00, 0.00, 1.00
2537,  0,  42.267,  0.98,  1, 0.00, 0.00, 0.82, 0.00, 3.78, 2.54, 0.05, 2.92, 3.75, 1.92, 0.06, 0.03, 0.00, 0.00, 3.54, 0.00, 0.02, 0.00, 0.00, 0.00, 0.00, 1.00, 1.00, 1.00, 1.00, 1.00, 1.00, 0.00, 0.00, 0.00, 0.00, 1.00, 1.00, 0.00, 1.00
2538,  0,  42.283,  0.98,  1, 0.00, 0.00, 0.93, 0.00, 3.78, 2.38, 0.10, 2.96, 3.71, 1.80, 0.07, 0.09, 0.00, 0.00, 3.42, 0.00, 0.00, 0.00, 0.00, 0.00, 0.00, 1.00, 1.00, 1.00, 1.00, 1.00, 1.00, 0.00, 0.00, 0.00, 0.00, 1.00, 1.00, 0.00, 1.00
2539,  0,  42.300,  0.98,  1, 0.00, 0.00, 0.99, 0.00, 3.76, 2.31, 0.10, 2.90, 3.71, 1.59, 0.00, 0.06, 0.00, 0.00, 3.41, 0.00, 0.00, 0.00, 0.00, 0.00, 0.00, 1.00, 1.00, 1.00, 1.00, 1.00, 1.00, 0.00, 0.00, 0.00, 0.00, 1.00, 1.00, 0.00, 1.00
2540,  0,  42.317,  0.98,  1, 0.00, 0.00, 0.93, 0.00, 3.74, 2.13, 0.05, 2.97, 3.74, 1.66, 0.00, 0.06, 0.00, 0.00, 3.49, 0.02, 0.00, 0.00, 0.00, 0.00, 0.00, 1.00, 1.00, 1.00, 1.00, 1.00, 1.00, 0.00, 0.00, 0.00, 0.00, 1.00, 1.00, 0.00, 1.00
2541,  0,  42.333,  0.98,  1, 0.00, 0.00, 0.87, 0.00, 3.72, 2.27, 0.06, 2.85, 3.75, 1.69, 0.00, 0.00, 0.02, 0.00, 3.61, 0.02, 0.06, 0.00, 0.00, 0.00, 0.00, 1.00, 1.00, 1.00, 1.00, 1.00, 1.00, 0.00, 0.00, 0.00, 0.00, 1.00, 1.00, 0.00, 1.00
2542,  0,  42.350,  0.98,  1, 0.00, 0.00, 0.75, 0.00, 3.79, 2.46, 0.09, 2.88, 3.80, 1.78, 0.00, 0.05, 0.02, 0.00, 3.54, 0.08, 0.13, 0.00, 0.00, 0.00, 0.00, 1.00, 1.00, 1.00, 1.00, 1.00, 1.00, 0.00, 0.00, 0.00, 0.00, 1.00, 1.00, 0.00, 1.00
2543,  0,  42.367,  0.98,  1, 0.00, 0.00, 0.70, 0.00, 3.82, 2.54, 0.17, 2.83, 3.76, 1.67, 0.00, 0.05, 0.02, 0.00, 3.51, 0.06, 0.24, 0.00, 0.00, 0.00, 0.00, 1.00, 1.00, 1.00, 1.00, 1.00, 1.00, 0.00, 0.00, 0.00, 0.00, 1.00, 1.00, 0.00, 1.00
2544,  0,  42.383,  0.98,  1, 0.00, 0.00, 0.75, 0.00, 3.84, 2.33, 0.18, 2.83, 3.72, 1.75, 0.00, 0.05, 0.00, 0.00, 3.58, 0.06, 0.18, 0.00, 0.00, 0.00, 0.00, 1.00, 1.00, 1.00, 1.00, 1.00, 1.00, 0.00, 0.00, 0.00, 0.00, 1.00, 1.00, 0.00, 1.00
2545,  0,  42.400,  0.98,  1, 0.00, 0.00, 0.89, 0.00, 3.88, 2.68, 0.27, 2.81, 3.71, 1.75, 0.00, 0.00, 0.00, 0.00, 3.62, 0.00, 0.11, 0.00, 0.00, 0.00, 0.00, 1.00, 1.00, 1.00, 1.00, 1.00, 1.00, 0.00, 0.00, 0.00, 0.00, 1.00, 1.00, 0.00, 1.00
2546,  0,  42.417,  0.98,  1, 0.00, 0.00, 0.91, 0.00, 3.83, 2.58, 0.22, 2.73, 3.69, 1.78, 0.00, 0.00, 0.00, 0.00, 3.61, 0.00, 0.12, 0.00, 0.00, 0.00, 0.00, 1.00, 1.00, 1.00, 1.00, 1.00, 1.00, 0.00, 0.00, 0.00, 0.00, 1.00, 1.00, 0.00, 1.00
2547,  0,  42.433,  0.98,  1, 0.00, 0.00, 0.82, 0.00, 3.81, 2.86, 0.22, 2.80, 3.68, 1.84, 0.00, 0.00, 0.00, 0.00, 3.55, 0.00, 0.14, 0.00, 0.00, 0.00, 0.00, 1.00, 1.00, 1.00, 1.00, 1.00, 1.00, 0.00, 0.00, 0.00, 0.00, 1.00, 1.00, 0.00, 1.00
2548,  0,  42.450,  0.98,  1, 0.00, 0.00, 0.80, 0.00, 3.77, 2.75, 0.16, 2.79, 3.65, 1.87, 0.00, 0.00, 0.00, 0.00, 3.59, 0.00, 0.14, 0.00, 0.00, 0.00, 0.00, 1.00, 1.00, 1.00, 1.00, 1.00, 1.00, 0.00, 0.00, 0.00, 0.00, 1.00, 1.00, 0.00, 1.00
2549,  0,  42.467,  0.98,  1, 0.00, 0.00, 0.87, 0.00, 3.83, 2.75, 0.17, 2.69, 3.63, 1.76, 0.00, 0.00, 0.00, 0.00, 3.64, 0.03, 0.07, 0.00, 0.00, 0.00, 0.00, 1.00, 1.00, 1.00, 1.00, 1.00, 1.00, 0.00, 0.00, 0.00, 0.00, 1.00, 1.00, 0.00, 1.00
2550,  0,  42.483,  0.98,  1, 0.00, 0.00, 0.92, 0.00, 3.84, 2.85, 0.11, 2.63, 3.65, 1.71, 0.00, 0.00, 0.00, 0.00, 3.74, 0.17, 0.04, 0.00, 0.00, 0.00, 0.00, 1.00, 1.00, 1.00, 1.00, 1.00, 1.00, 0.00, 0.00, 0.00, 0.00, 1.00, 1.00, 0.00, 1.00
2551,  0,  42.500,  0.98,  1, 0.00, 0.00, 0.94, 0.00, 3.83, 2.49, 0.12, 2.59, 3.60, 1.70, 0.00, 0.00, 0.00, 0.00, 3.75, 0.26, 0.14, 0.00, 0.00, 0.00, 0.00, 1.00, 1.00, 1.00, 1.00, 1.00, 1.00, 0.00, 0.00, 0.00, 0.00, 1.00, 1.00, 0.00, 1.00
2552,  0,  42.517,  0.98,  1, 0.00, 0.00, 0.89, 0.00, 3.87, 2.58, 0.11, 2.70, 3.62, 1.78, 0.00, 0.00, 0.00, 0.00, 3.65, 0.23, 0.10, 0.00, 0.00, 0.00, 0.00, 1.00, 1.00, 1.00, 1.00, 1.00, 1.00, 0.00, 0.00, 0.00, 0.00, 1.00, 1.00, 0.00, 1.00
2553,  0,  42.533,  0.98,  1, 0.00, 0.00, 0.85, 0.00, 3.91, 2.46, 0.14, 2.73, 3.65, 1.73, 0.00, 0.00, 0.00, 0.00, 3.58, 0.11, 0.17, 0.00, 0.00, 0.00, 0.00, 1.00, 1.00, 1.00, 1.00, 1.00, 1.00, 0.00, 0.00, 0.00, 0.00, 1.00, 1.00, 0.00, 1.00
2554,  0,  42.550,  0.98,  1, 0.00, 0.00, 0.87, 0.00, 3.92, 2.66, 0.15, 2.75, 3.67, 1.76, 0.00, 0.00, 0.00, 0.00, 3.56, 0.01, 0.34, 0.00, 0.00, 0.00, 0.00, 1.00, 1.00, 1.00, 1.00, 1.00, 1.00, 0.00, 0.00, 0.00, 0.00, 1.00, 1.00, 0.00, 1.00
2555,  0,  42.567,  0.98,  1, 0.00, 0.00, 0.95, 0.00, 3.84, 2.47, 0.19, 2.75, 3.71, 1.84, 0.00, 0.00, 0.00, 0.00, 3.66, 0.01, 0.44, 0.00, 0.00, 0.00, 0.00, 1.00, 1.00, 1.00, 1.00, 1.00, 1.00, 0.00, 0.00, 0.00, 0.00, 1.00, 1.00, 0.00, 1.00
2556,  0,  42.583,  0.98,  1, 0.00, 0.00, 1.04, 0.00, 3.77, 2.52, 0.19, 2.70, 3.71, 1.86, 0.00, 0.01, 0.00, 0.00, 3.64, 0.00, 0.40, 0.00, 0.00, 0.00, 0.00, 1.00, 1.00, 1.00, 1.00, 1.00, 1.00, 0.00, 0.00, 0.00, 0.00, 1.00, 1.00, 0.00, 1.00
2557,  0,  42.600,  0.98,  1, 0.00, 0.00, 1.03, 0.00, 3.73, 2.35, 0.16, 2.70, 3.69, 1.84, 0.00, 0.01, 0.00, 0.00, 3.59, 0.09, 0.27, 0.00, 0.00, 0.00, 0.00, 1.00, 1.00, 1.00, 1.00, 1.00, 1.00, 0.00, 0.00, 0.00, 0.00, 1.00, 1.00, 0.00, 1.00
2558,  0,  42.617,  0.98,  1, 0.00, 0.00, 1.01, 0.00, 3.70, 2.49, 0.15, 2.73, 3.68, 1.85, 0.00, 0.01, 0.00, 0.00, 3.53, 0.19, 0.21, 0.00, 0.00, 0.00, 0.00, 1.00, 1.00, 1.00, 1.00, 1.00, 1.00, 0.00, 0.00, 0.00, 0.00, 1.00, 1.00, 0.00, 1.00
2559,  0,  42.633,  0.98,  1, 0.00, 0.00, 0.92, 0.00, 3.72, 2.15, 0.11, 2.82, 3.67, 1.88, 0.00, 0.00, 0.00, 0.00, 3.54, 0.22, 0.28, 0.00, 0.00, 0.00, 0.00, 1.00, 1.00, 1.00, 1.00, 1.00, 1.00, 0.00, 0.00, 0.00, 0.00, 1.00, 1.00, 0.00, 1.00
2560,  0,  42.650,  0.98,  1, 0.00, 0.00, 0.88, 0.00, 3.77, 2.14, 0.18, 2.81, 3.70, 1.90, 0.00, 0.00, 0.00, 0.00, 3.52, 0.16, 0.26, 0.00, 0.00, 0.00, 0.00, 1.00, 1.00, 1.00, 1.00, 1.00, 1.00, 0.00, 0.00, 0.00, 0.00, 1.00, 1.00, 0.00, 1.00
2561,  0,  42.667,  0.98,  1, 0.00, 0.00, 0.72, 0.00, 3.83, 2.19, 0.20, 2.80, 3.72, 1.95, 0.00, 0.00, 0.00, 0.00, 3.54, 0.06, 0.31, 0.00, 0.00, 0.00, 0.00, 1.00, 1.00, 1.00, 1.00, 1.00, 1.00, 0.00, 0.00, 0.00, 0.00, 1.00, 1.00, 0.00, 1.00
2562,  0,  42.683,  0.98,  1, 0.00, 0.00, 0.68, 0.00, 3.91, 2.31, 0.27, 2.83, 3.76, 2.01, 0.00, 0.00, 0.00, 0.00, 3.59, 0.03, 0.41, 0.00, 0.00, 0.00, 0.00, 1.00, 1.00, 1.00, 1.00, 1.00, 1.00, 0.00, 0.00, 0.00, 0.00, 1.00, 1.00, 0.00, 1.00
2563,  0,  42.700,  0.98,  1, 0.00, 0.00, 0.62, 0.00, 3.84, 2.41, 0.19, 2.74, 3.76, 1.97, 0.00, 0.00, 0.00, 0.00, 3.66, 0.00, 0.49, 0.00, 0.00, 0.00, 0.00, 1.00, 1.00, 1.00, 1.00, 1.00, 1.00, 0.00, 0.00, 0.00, 0.00, 1.00, 1.00, 0.00, 1.00
2564,  0,  42.717,  0.98,  1, 0.00, 0.00, 0.66, 0.00, 3.85, 2.36, 0.13, 2.64, 3.68, 1.83, 0.00, 0.04, 0.00, 0.00, 3.59, 0.00, 0.41, 0.00, 0.00, 0.00, 0.00, 1.00, 1.00, 1.00, 1.00, 1.00, 1.00, 0.00, 0.00, 0.00, 0.00, 1.00, 1.00, 0.00, 1.00
2565,  0,  42.733,  0.98,  1, 0.00, 0.00, 0.83, 0.00, 3.76, 2.38, 0.06, 2.56, 3.66, 1.78, 0.00, 0.04, 0.00, 0.00, 3.61, 0.05, 0.43, 0.00, 0.00, 0.00, 0.00, 1.00, 1.00, 1.00, 1.00, 1.00, 1.00, 0.00, 0.00, 0.00, 0.00, 1.00, 1.00, 0.00, 1.00
2566,  0,  42.750,  0.98,  1, 0.00, 0.00, 0.96, 0.00, 3.78, 2.49, 0.07, 2.60, 3.62, 1.71, 0.00, 0.05, 0.00, 0.00, 3.68, 0.18, 0.40, 0.00, 0.00, 0.00, 0.00, 1.00, 1.00, 1.00, 1.00, 1.00, 1.00, 0.00, 0.00, 0.00, 0.00, 1.00, 1.00, 0.00, 1.00
2567,  0,  42.767,  0.98,  1, 0.00, 0.00, 1.15, 0.00, 3.75, 2.57, 0.14, 2.63, 3.63, 1.72, 0.00, 0.01, 0.00, 0.00, 3.68, 0.26, 0.40, 0.00, 0.00, 0.00, 0.00, 1.00, 1.00, 1.00, 1.00, 1.00, 1.00, 0.00, 0.00, 0.00, 0.00, 1.00, 1.00, 0.00, 1.00
2568,  0,  42.783,  0.98,  1, 0.00, 0.00, 1.11, 0.00, 3.79, 2.59, 0.27, 2.63, 3.61, 1.70, 0.00, 0.01, 0.00, 0.00, 3.70, 0.30, 0.35, 0.00, 0.00, 0.00, 0.00, 1.00, 1.00, 1.00, 1.00, 1.00, 1.00, 0.00, 0.00, 0.00, 0.00, 1.00, 1.00, 0.00, 1.00
2569,  0,  42.800,  0.98,  1, 0.00, 0.00, 1.04, 0.00, 3.82, 2.58, 0.35, 2.68, 3.67, 1.76, 0.00, 0.00, 0.00, 0.00, 3.63, 0.35, 0.20, 0.00, 0.00, 0.00, 0.00, 1.00, 1.00, 1.00, 1.00, 1.00, 1.00, 0.00, 0.00, 0.00, 0.00, 1.00, 1.00, 0.00, 1.00
2570,  0,  42.817,  0.98,  1, 0.00, 0.00, 1.07, 0.00, 3.81, 2.76, 0.35, 2.67, 3.68, 1.71, 0.00, 0.00, 0.00, 0.00, 3.65, 0.32, 0.37, 0.00, 0.00, 0.00, 0.00, 1.00, 1.00, 1.00, 1.00, 1.00, 1.00, 0.00, 0.00, 0.00, 0.00, 1.00, 1.00, 0.00, 1.00
2571,  0,  42.833,  0.98,  1, 0.00, 0.00, 1.04, 0.00, 3.81, 2.78, 0.27, 2.61, 3.66, 1.66, 0.00, 0.00, 0.00, 0.00, 3.57, 0.29, 0.27, 0.00, 0.00, 0.00, 0.00, 1.00, 1.00, 1.00, 1.00, 1.00, 1.00, 0.00, 0.00, 0.00, 0.00, 1.00, 1.00, 0.00, 1.00
2572,  0,  42.850,  0.98,  1, 0.00, 0.00, 1.01, 0.00, 3.82, 2.76, 0.18, 2.52, 3.65, 1.60, 0.00, 0.00, 0.01, 0.00, 3.58, 0.34, 0.38, 0.00, 0.00, 0.00, 0.00, 1.00, 1.00, 1.00, 1.00, 1.00, 1.00, 0.00, 0.00, 0.00, 0.00, 1.00, 1.00, 0.00, 1.00
2573,  0,  42.867,  0.98,  1, 0.00, 0.00, 0.76, 0.00, 3.84, 2.54, 0.09, 2.59, 3.67, 1.67, 0.00, 0.00, 0.01, 0.00, 3.63, 0.45, 0.26, 0.00, 0.00, 0.00, 0.00, 1.00, 1.00, 1.00, 1.00, 1.00, 1.00, 0.00, 0.00, 0.00, 0.00, 1.00, 1.00, 0.00, 1.00
2574,  0,  42.883,  0.98,  1, 0.00, 0.00, 0.61, 0.00, 3.91, 2.46, 0.18, 2.59, 3.65, 1.76, 0.00, 0.00, 0.01, 0.00, 3.67, 0.63, 0.25, 0.00, 0.00, 0.00, 0.00, 1.00, 1.00, 1.00, 1.00, 1.00, 1.00, 0.00, 0.00, 0.00, 0.00, 1.00, 1.00, 0.00, 1.00
2575,  0,  42.900,  0.98,  1, 0.00, 0.00, 0.53, 0.00, 3.94, 2.49, 0.28, 2.58, 3.64, 1.72, 0.00, 0.00, 0.00, 0.00, 3.69, 0.50, 0.30, 0.00, 0.00, 0.00, 0.00, 1.00, 1.00, 1.00, 1.00, 1.00, 1.00, 0.00, 0.00, 0.00, 0.00, 1.00, 1.00, 0.00, 1.00
2576,  0,  42.917,  0.98,  1, 0.00, 0.00, 0.52, 0.00, 3.95, 2.51, 0.46, 2.56, 3.66, 1.67, 0.00, 0.00, 0.00, 0.00, 3.75, 0.42, 0.34, 0.00, 0.00, 0.00, 0.00, 1.00, 1.00, 1.00, 1.00, 1.00, 1.00, 0.00, 0.00, 0.00, 0.00, 1.00, 1.00, 0.00, 1.00
2577,  0,  42.933,  0.98,  1, 0.00, 0.00, 0.63, 0.00, 3.95, 2.67, 0.40, 2.57, 3.65, 1.58, 0.01, 0.00, 0.00, 0.00, 3.73, 0.34, 0.36, 0.00, 0.00, 0.00, 0.00, 1.00, 1.00, 1.00, 1.00, 1.00, 1.00, 0.00, 0.00, 0.00, 0.00, 1.00, 1.00, 0.00, 1.00
2578,  0,  42.950,  0.98,  1, 0.00, 0.00, 0.84, 0.00, 3.95, 2.73, 0.35, 2.60, 3.64, 1.81, 0.01, 0.00, 0.04, 0.00, 3.71, 0.44, 0.29, 0.00, 0.00, 0.00, 0.00, 1.00, 1.00, 1.00, 1.00, 1.00, 1.00, 0.00, 0.00, 0.00, 0.00, 1.00, 1.00, 0.00, 1.00
2579,  0,  42.967,  0.98,  1, 0.00, 0.00, 1.02, 0.00, 3.91, 2.68, 0.26, 2.63, 3.64, 1.90, 0.01, 0.00, 0.04, 0.00, 3.66, 0.55, 0.36, 0.00, 0.00, 0.00, 0.00, 1.00, 1.00, 1.00, 1.00, 1.00, 1.00, 0.00, 0.00, 0.00, 0.00, 1.00, 1.00, 0.00, 1.00
2580,  0,  42.983,  0.98,  1, 0.00, 0.00, 1.14, 0.00, 3.88, 2.80, 0.25, 2.55, 3.68, 1.83, 0.00, 0.00, 0.04, 0.00, 3.73, 0.62, 0.44, 0.00, 0.00, 0.00, 0.00, 1.00, 1.00, 1.00, 1.00, 1.00, 1.00, 0.00, 0.00, 0.00, 0.00, 1.00, 1.00, 0.00, 1.00
2581,  0,  43.000,  0.98,  1, 0.00, 0.00, 1.07, 0.00, 3.86, 2.78, 0.25, 2.63, 3.73, 1.67, 0.01, 0.00, 0.00, 0.00, 3.73, 0.47, 0.55, 0.00, 0.00, 0.00, 0.00, 1.00, 1.00, 1.00, 1.00, 1.00, 1.00, 0.00, 0.00, 0.00, 0.00, 1.00, 1.00, 0.00, 1.00
2582,  0,  43.017,  0.98,  1, 0.00, 0.00, 1.00, 0.00, 3.90, 2.83, 0.22, 2.51, 3.70, 1.65, 0.03, 0.00, 0.04, 0.00, 3.84, 0.48, 0.60, 0.00, 0.00, 0.00, 0.00, 1.00, 1.00, 1.00, 1.00, 1.00, 1.00, 0.00, 0.00, 0.00, 0.00, 1.00, 1.00, 0.00, 1.00
2583,  0,  43.033,  0.98,  1, 0.00, 0.00, 0.95, 0.00, 3.81, 2.83, 0.27, 2.63, 3.74, 1.65, 0.03, 0.00, 0.04, 0.00, 3.90, 0.49, 0.56, 0.00, 0.00, 0.00, 0.00, 1.00, 1.00, 1.00, 1.00, 1.00, 1.00, 0.00, 0.00, 0.00, 0.00, 1.00, 1.00, 0.00, 1.00
2584,  0,  43.050,  0.98,  1, 0.00, 0.00, 0.94, 0.00, 3.81, 2.78, 0.32, 2.56, 3.66, 1.63, 0.02, 0.00, 0.04, 0.00, 4.03, 0.73, 0.61, 0.00, 0.00, 0.00, 0.00, 1.00, 1.00, 1.00, 1.00, 1.00, 1.00, 0.00, 0.00, 0.00, 0.00, 1.00, 1.00, 0.00, 1.00
2585,  0,  43.067,  0.98,  1, 0.00, 0.00, 1.01, 0.00, 3.83, 2.75, 0.46, 2.62, 3.65, 1.79, 0.00, 0.00, 0.05, 0.00, 3.93, 0.83, 0.50, 0.00, 0.00, 0.00, 0.00, 1.00, 1.00, 1.00, 1.00, 1.00, 1.00, 0.00, 0.00, 0.00, 0.00, 1.00, 1.00, 0.00, 1.00
2586,  0,  43.083,  0.98,  1, 0.00, 0.00, 1.08, 0.00, 3.85, 2.40, 0.37, 2.50, 3.58, 1.78, 0.01, 0.00, 0.09, 0.00, 3.81, 0.82, 0.61, 0.00, 0.00, 0.00, 0.00, 1.00, 1.00, 1.00, 1.00, 1.00, 1.00, 0.00, 0.00, 0.00, 0.00, 1.00, 1.00, 0.00, 1.00
2587,  0,  43.100,  0.98,  1, 0.00, 0.00, 1.09, 0.00, 3.89, 2.41, 0.32, 2.49, 3.59, 1.90, 0.01, 0.00, 0.21, 0.00, 3.77, 0.81, 0.52, 0.00, 0.00, 0.00, 0.00, 1.00, 1.00, 1.00, 1.00, 1.00, 1.00, 0.00, 0.00, 0.00, 0.00, 1.00, 1.00, 0.00, 1.00
2588,  0,  43.117,  0.98,  1, 0.00, 0.00, 1.08, 0.00, 3.84, 2.45, 0.24, 2.58, 3.60, 1.78, 0.01, 0.00, 0.16, 0.00, 3.86, 0.81, 0.61, 0.00, 0.00, 0.00, 0.00, 1.00, 1.00, 1.00, 1.00, 1.00, 1.00, 0.00, 0.00, 0.00, 0.00, 1.00, 1.00, 0.00, 1.00
2589,  0,  43.133,  0.98,  1, 0.00, 0.00, 1.07, 0.00, 3.94, 2.67, 0.29, 2.67, 3.62, 1.86, 0.00, 0.00, 0.17, 0.00, 3.90, 0.89, 0.44, 0.00, 0.00, 0.00, 0.00, 1.00, 1.00, 1.00, 1.00, 1.00, 1.00, 0.00, 0.00, 0.00, 0.00, 1.00, 1.00, 0.00, 1.00
2590,  0,  43.150,  0.98,  1, 0.00, 0.00, 1.14, 0.00, 3.93, 2.60, 0.31, 2.72, 3.69, 1.90, 0.00, 0.00, 0.05, 0.00, 4.06, 0.93, 0.42, 0.00, 0.00, 0.00, 0.00, 1.00, 1.00, 1.00, 1.00, 1.00, 1.00, 0.00, 0.00, 0.00, 0.00, 1.00, 1.00, 0.00, 1.00
2591,  0,  43.167,  0.98,  1, 0.00, 0.00, 1.18, 0.00, 3.96, 2.51, 0.35, 2.72, 3.65, 1.80, 0.03, 0.00, 0.05, 0.00, 4.15, 0.91, 0.48, 0.00, 0.00, 0.00, 0.00, 1.00, 1.00, 1.00, 1.00, 1.00, 1.00, 0.00, 0.00, 0.00, 0.00, 1.00, 1.00, 0.00, 1.00
2592,  0,  43.183,  0.98,  1, 0.00, 0.00, 1.18, 0.01, 4.00, 2.68, 0.37, 2.70, 3.66, 1.83, 0.03, 0.00, 0.00, 0.00, 4.14, 0.89, 0.49, 0.00, 0.00, 0.00, 0.00, 1.00, 1.00, 1.00, 1.00, 1.00, 1.00, 0.00, 0.00, 0.00, 0.00, 1.00, 1.00, 0.00, 1.00
2593,  0,  43.200,  0.98,  1, 0.00, 0.00, 1.06, 0.01, 4.03, 2.64, 0.46, 2.66, 3.62, 1.75, 0.06, 0.00, 0.00, 0.00, 3.84, 0.81, 0.34, 0.00, 0.00, 0.00, 0.00, 1.00, 1.00, 1.00, 1.00, 1.00, 1.00, 0.00, 0.00, 0.00, 0.00, 1.00, 1.00, 0.00, 1.00
2594,  0,  43.217,  0.98,  1, 0.00, 0.00, 0.98, 0.01, 4.05, 2.67, 0.43, 2.51, 3.61, 1.71, 0.02, 0.00, 0.00, 0.00, 3.69, 0.87, 0.19, 0.00, 0.00, 0.00, 0.00, 1.00, 1.00, 1.00, 1.00, 1.00, 1.00, 0.00, 0.00, 0.00, 0.00, 1.00, 1.00, 0.00, 1.00
2595,  0,  43.233,  0.98,  1, 0.00, 0.00, 0.99, 0.00, 4.01, 2.65, 0.45, 2.45, 3.57, 1.70, 0.02, 0.00, 0.00, 0.00, 3.74, 0.89, 0.25, 0.00, 0.00, 0.00, 0.00, 1.00, 1.00, 1.00, 1.00, 1.00, 1.00, 0.00, 0.00, 0.00, 0.00, 1.00, 1.00, 0.00, 1.00
2596,  0,  43.250,  0.98,  1, 0.00, 0.00, 0.95, 0.00, 4.04, 2.59, 0.39, 2.53, 3.60, 1.67, 0.00, 0.00, 0.07, 0.00, 3.93, 0.94, 0.50, 0.00, 0.00, 0.00, 0.00, 1.00, 1.00, 1.00, 1.00, 1.00, 1.00, 0.00, 0.00, 0.00, 0.00, 1.00, 1.00, 0.00, 1.00
2597,  0,  43.267,  0.98,  1, 0.00, 0.00, 1.02, 0.00, 4.02, 2.61, 0.34, 2.58, 3.60, 1.70, 0.00, 0.00, 0.09, 0.00, 4.07, 0.90, 0.44, 0.00, 0.00, 0.00, 0.00, 1.00, 1.00, 1.00, 1.00, 1.00, 1.00, 0.00, 0.00, 0.00, 0.00, 1.00, 1.00, 0.00, 1.00
2598,  0,  43.283,  0.98,  1, 0.00, 0.00, 0.94, 0.00, 4.02, 2.52, 0.28, 2.60, 3.65, 1.66, 0.02, 0.00, 0.23, 0.00, 4.12, 0.87, 0.46, 0.00, 0.00, 0.00, 0.00, 1.00, 1.00, 1.00, 1.00, 1.00, 1.00, 0.00, 0.00, 0.00, 0.00, 1.00, 1.00, 0.00, 1.00
2599,  0,  43.300,  0.98,  1, 0.00, 0.00, 1.03, 0.00, 3.91, 2.54, 0.25, 2.48, 3.63, 1.65, 0.03, 0.00, 0.16, 0.00, 4.06, 0.93, 0.45, 0.00, 0.00, 0.00, 0.00, 1.00, 1.00, 1.00, 1.00, 1.00, 1.00, 0.00, 0.00, 0.00, 0.00, 1.00, 1.00, 0.00, 1.00
2600,  0,  43.317,  0.98,  1, 0.00, 0.00, 1.01, 0.00, 3.90, 2.55, 0.23, 2.40, 3.68, 1.66, 0.03, 0.00, 0.14, 0.00, 3.94, 0.95, 0.47, 0.00, 0.00, 0.00, 0.00, 1.00, 1.00, 1.00, 1.00, 1.00, 1.00, 0.00, 0.00, 0.00, 0.00, 1.00, 1.00, 0.00, 1.00
2601,  0,  43.333,  0.98,  1, 0.00, 0.00, 1.12, 0.00, 3.92, 2.65, 0.36, 2.40, 3.66, 1.70, 0.01, 0.00, 0.05, 0.00, 3.97, 1.04, 0.53, 0.00, 0.00, 0.00, 0.00, 1.00, 1.00, 1.00, 1.00, 1.00, 1.00, 0.00, 0.00, 0.00, 0.00, 1.00, 1.00, 0.00, 1.00
2602,  0,  43.350,  0.98,  1, 0.00, 0.00, 1.18, 0.00, 3.93, 2.75, 0.33, 2.42, 3.64, 1.73, 0.00, 0.00, 0.13, 0.00, 4.04, 1.03, 0.48, 0.00, 0.00, 0.00, 0.00, 1.00, 1.00, 1.00, 1.00, 1.00, 1.00, 0.00, 0.00, 0.00, 0.00, 1.00, 1.00, 0.00, 1.00
2603,  0,  43.367,  0.98,  1, 0.00, 0.00, 1.41, 0.00, 3.94, 2.80, 0.44, 2.46, 3.65, 1.72, 0.00, 0.00, 0.21, 0.00, 4.12, 1.08, 0.60, 0.00, 0.00, 0.00, 0.00, 1.00, 1.00, 1.00, 1.00, 1.00, 1.00, 0.00, 0.00, 0.00, 0.00, 1.00, 1.00, 0.00, 1.00
2604,  0,  43.383,  0.98,  1, 0.00, 0.00, 1.30, 0.00, 3.92, 2.49, 0.37, 2.45, 3.64, 1.78, 0.00, 0.00, 0.34, 0.00, 4.00, 1.02, 0.57, 0.00, 0.00, 0.00, 0.00, 1.00, 1.00, 1.00, 1.00, 1.00, 1.00, 0.00, 0.00, 0.00, 0.00, 1.00, 1.00, 0.00, 1.00
2605,  0,  43.400,  0.98,  1, 0.00, 0.00, 1.16, 0.00, 3.90, 2.50, 0.32, 2.38, 3.71, 1.80, 0.05, 0.00, 0.36, 0.00, 3.92, 1.01, 0.72, 0.00, 0.00, 0.00, 0.00, 1.00, 1.00, 1.00, 1.00, 1.00, 1.00, 0.00, 0.00, 0.00, 0.00, 1.00, 1.00, 0.00, 1.00
2606,  0,  43.417,  0.98,  1, 0.00, 0.00, 0.75, 0.02, 3.82, 2.23, 0.24, 2.27, 3.66, 1.81, 0.05, 0.00, 0.48, 0.00, 3.94, 1.09, 0.73, 0.00, 0.00, 0.00, 0.00, 1.00, 1.00, 1.00, 1.00, 1.00, 1.00, 0.00, 0.00, 0.00, 0.00, 1.00, 1.00, 0.00, 1.00
2607,  0,  43.433,  0.98,  1, 0.00, 0.00, 0.83, 0.02, 3.81, 2.61, 0.27, 2.30, 3.64, 1.73, 0.05, 0.00, 0.39, 0.00, 4.00, 1.22, 0.78, 0.00, 0.00, 0.00, 0.00, 1.00, 1.00, 1.00, 1.00, 1.00, 1.00, 0.00, 0.00, 0.00, 0.00, 1.00, 1.00, 0.00, 1.00
2608,  0,  43.450,  0.98,  1, 0.00, 0.00, 0.89, 0.02, 3.85, 2.52, 0.43, 2.41, 3.59, 1.74, 0.00, 0.00, 0.43, 0.00, 4.05, 1.20, 0.61, 0.00, 0.00, 0.00, 0.00, 1.00, 1.00, 1.00, 1.00, 1.00, 1.00, 0.00, 0.00, 0.00, 0.00, 1.00, 1.00, 0.00, 1.00
2609,  0,  43.467,  0.98,  1, 0.00, 0.00, 1.09, 0.00, 3.88, 2.79, 0.41, 2.49, 3.63, 1.78, 0.00, 0.00, 0.27, 0.00, 3.95, 1.08, 0.78, 0.00, 0.00, 0.00, 0.00, 1.00, 1.00, 1.00, 1.00, 1.00, 1.00, 0.00, 0.00, 0.00, 0.00, 1.00, 1.00, 0.00, 1.00
2610,  0,  43.483,  0.98,  1, 0.00, 0.00, 1.02, 0.00, 3.83, 2.38, 0.29, 2.42, 3.61, 1.76, 0.00, 0.00, 0.30, 0.00, 4.02, 1.09, 0.68, 0.00, 0.00, 0.00, 0.00, 1.00, 1.00, 1.00, 1.00, 1.00, 1.00, 0.00, 0.00, 0.00, 0.00, 1.00, 1.00, 0.00, 1.00
2611,  0,  43.500,  0.98,  1, 0.00, 0.00, 0.95, 0.00, 3.82, 2.27, 0.22, 2.31, 3.59, 1.64, 0.08, 0.00, 0.19, 0.00, 4.20, 1.21, 0.71, 0.00, 0.00, 0.00, 0.00, 1.00, 1.00, 1.00, 1.00, 1.00, 1.00, 0.00, 0.00, 0.00, 0.00, 1.00, 1.00, 0.00, 1.00
2612,  0,  43.517,  0.98,  1, 0.00, 0.00, 0.91, 0.00, 3.77, 2.08, 0.20, 2.27, 3.52, 1.65, 0.08, 0.00, 0.17, 0.00, 4.31, 1.15, 0.80, 0.00, 0.00, 0.00, 0.00, 1.00, 1.00, 1.00, 1.00, 1.00, 1.00, 0.00, 0.00, 0.00, 0.00, 1.00, 1.00, 0.00, 1.00
2613,  0,  43.533,  0.98,  1, 0.00, 0.00, 0.80, 0.00, 3.78, 2.02, 0.25, 2.28, 3.55, 1.62, 0.08, 0.00, 0.24, 0.00, 4.26, 1.14, 0.91, 0.00, 0.00, 0.00, 0.00, 1.00, 1.00, 1.00, 1.00, 1.00, 1.00, 0.00, 0.00, 0.00, 0.00, 1.00, 1.00, 0.00, 1.00
2614,  0,  43.550,  0.98,  1, 0.00, 0.00, 0.94, 0.00, 3.80, 2.07, 0.23, 2.30, 3.60, 1.87, 0.00, 0.00, 0.30, 0.00, 4.15, 1.02, 0.87, 0.00, 0.00, 0.00, 0.00, 1.00, 1.00, 1.00, 1.00, 1.00, 1.00, 0.00, 0.00, 0.00, 0.00, 1.00, 1.00, 0.00, 1.00
2615,  0,  43.567,  0.98,  1, 0.00, 0.00, 1.02, 0.00, 3.85, 1.92, 0.34, 2.36, 3.64, 1.93, 0.00, 0.00, 0.33, 0.00, 4.18, 1.06, 0.57, 0.00, 0.00, 0.00, 0.00, 1.00, 1.00, 1.00, 1.00, 1.00, 1.00, 0.00, 0.00, 0.00, 0.00, 1.00, 1.00, 0.00, 1.00
2616,  0,  43.583,  0.98,  1, 0.00, 0.00, 1.14, 0.00, 3.85, 2.00, 0.31, 2.39, 3.70, 2.04, 0.00, 0.00, 0.14, 0.00, 4.37, 1.06, 0.59, 0.00, 0.00, 0.00, 0.00, 1.00, 1.00, 1.00, 1.00, 1.00, 1.00, 0.00, 0.00, 0.00, 0.00, 1.00, 1.00, 0.00, 1.00
2617,  0,  43.600,  0.98,  1, 0.00, 0.00, 1.20, 0.00, 3.83, 1.97, 0.27, 2.40, 3.72, 2.00, 0.00, 0.00, 0.06, 0.00, 4.36, 0.99, 0.72, 0.00, 0.00, 0.00, 0.00, 1.00, 1.00, 1.00, 1.00, 1.00, 1.00, 0.00, 0.00, 0.00, 0.00, 1.00, 1.00, 0.00, 1.00
2618,  0,  43.617,  0.98,  1, 0.00, 0.00, 1.15, 0.00, 3.81, 2.07, 0.18, 2.42, 3.70, 1.93, 0.00, 0.00, 0.00, 0.00, 4.25, 1.00, 0.86, 0.00, 0.00, 0.00, 0.00, 1.00, 1.00, 1.00, 1.00, 1.00, 1.00, 0.00, 0.00, 0.00, 0.00, 1.00, 1.00, 0.00, 1.00
2619,  0,  43.633,  0.98,  1, 0.00, 0.00, 1.13, 0.00, 3.79, 2.10, 0.22, 2.36, 3.73, 1.78, 0.00, 0.00, 0.00, 0.00, 4.04, 0.90, 0.85, 0.00, 0.00, 0.00, 0.00, 1.00, 1.00, 1.00, 1.00, 1.00, 1.00, 0.00, 0.00, 0.00, 0.00, 1.00, 1.00, 0.00, 1.00
2620,  0,  43.650,  0.98,  1, 0.00, 0.00, 0.97, 0.00, 3.78, 2.26, 0.18, 2.42, 3.76, 1.73, 0.00, 0.00, 0.04, 0.00, 4.04, 0.99, 0.84, 0.00, 0.00, 0.00, 0.00, 1.00, 1.00, 1.00, 1.00, 1.00, 1.00, 0.00, 0.00, 0.00, 0.00, 1.00, 1.00, 0.00, 1.00
2621,  0,  43.667,  0.98,  1, 0.00, 0.00, 0.92, 0.00, 3.84, 2.28, 0.15, 2.54, 3.81, 1.74, 0.00, 0.00, 0.05, 0.00, 4.14, 0.91, 0.83, 0.00, 0.00, 0.00, 0.00, 1.00, 1.00, 1.00, 1.00, 1.00, 1.00, 0.00, 0.00, 0.00, 0.00, 1.00, 1.00, 0.00, 1.00
2622,  0,  43.683,  0.98,  1, 0.00, 0.00, 1.02, 0.00, 3.81, 2.23, 0.10, 2.68, 3.77, 1.92, 0.00, 0.00, 0.05, 0.00, 4.05, 0.91, 0.88, 0.00, 0.00, 0.00, 0.00, 1.00, 1.00, 1.00, 1.00, 1.00, 1.00, 0.00, 0.00, 0.00, 0.00, 1.00, 1.00, 0.00, 1.00
2623,  0,  43.700,  0.98,  1, 0.00, 0.00, 1.07, 0.00, 3.81, 2.13, 0.18, 2.70, 3.67, 1.97, 0.00, 0.00, 0.07, 0.00, 3.99, 0.88, 0.78, 0.00, 0.00, 0.00, 0.00, 1.00, 1.00, 1.00, 1.00, 1.00, 1.00, 0.00, 0.00, 0.00, 0.00, 1.00, 1.00, 0.00, 1.00
2624,  0,  43.717,  0.98,  1, 0.00, 0.00, 1.20, 0.00, 3.82, 2.02, 0.16, 2.68, 3.64, 2.03, 0.00, 0.07, 0.15, 0.00, 3.87, 1.03, 0.64, 0.00, 0.00, 0.00, 0.00, 1.00, 1.00, 1.00, 1.00, 1.00, 1.00, 0.00, 0.00, 0.00, 0.00, 1.00, 1.00, 0.00, 1.00
2625,  0,  43.733,  0.98,  1, 0.00, 0.00, 1.04, 0.00, 3.84, 2.04, 0.16, 2.61, 3.65, 1.93, 0.00, 0.07, 0.21, 0.00, 3.94, 1.11, 0.61, 0.00, 0.00, 0.00, 0.00, 1.00, 1.00, 1.00, 1.00, 1.00, 1.00, 0.00, 0.00, 0.00, 0.00, 1.00, 1.00, 0.00, 1.00
2626,  0,  43.750,  0.98,  1, 0.00, 0.00, 0.98, 0.00, 3.88, 2.25, 0.18, 2.58, 3.66, 1.89, 0.00, 0.07, 0.27, 0.00, 3.91, 1.18, 0.58, 0.00, 0.00, 0.00, 0.00, 1.00, 1.00, 1.00, 1.00, 1.00, 1.00, 0.00, 0.00, 0.00, 0.00, 1.00, 1.00, 0.00, 1.00
2627,  0,  43.767,  0.98,  1, 0.00, 0.00, 0.94, 0.00, 3.84, 2.44, 0.23, 2.58, 3.69, 1.79, 0.03, 0.00, 0.23, 0.00, 4.00, 1.11, 0.68, 0.00, 0.00, 0.00, 0.00, 1.00, 1.00, 1.00, 1.00, 1.00, 1.00, 0.00, 0.00, 0.00, 0.00, 1.00, 1.00, 0.00, 1.00
2628,  0,  43.783,  0.98,  1, 0.00, 0.00, 0.97, 0.00, 3.85, 2.51, 0.33, 2.58, 3.67, 1.80, 0.03, 0.00, 0.22, 0.00, 4.07, 1.07, 0.67, 0.00, 0.00, 0.00, 0.00, 1.00, 1.00, 1.00, 1.00, 1.00, 1.00, 0.00, 0.00, 0.00, 0.00, 1.00, 1.00, 0.00, 1.00
2629,  0,  43.800,  0.98,  1, 0.00, 0.00, 1.02, 0.00, 3.82, 2.34, 0.33, 2.63, 3.69, 1.79, 0.03, 0.00, 0.23, 0.00, 4.15, 1.11, 0.89, 0.00, 0.00, 0.00, 0.00, 1.00, 1.00, 1.00, 1.00, 1.00, 1.00, 0.00, 0.00, 0.00, 0.00, 1.00, 1.00, 0.00, 1.00
2630,  0,  43.817,  0.98,  1, 0.00, 0.00, 0.85, 0.00, 3.90, 2.26, 0.38, 2.48, 3.70, 1.69, 0.00, 0.00, 0.30, 0.00, 4.21, 1.08, 0.96, 0.00, 0.00, 0.00, 0.00, 1.00, 1.00, 1.00, 1.00, 1.00, 1.00, 0.00, 0.00, 0.00, 0.00, 1.00, 1.00, 0.00, 1.00
2631,  0,  43.833,  0.98,  1, 0.00, 0.00, 0.95, 0.00, 3.91, 2.13, 0.31, 2.46, 3.71, 1.68, 0.00, 0.00, 0.27, 0.00, 4.23, 1.12, 0.87, 0.00, 0.00, 0.00, 0.00, 1.00, 1.00, 1.00, 1.00, 1.00, 1.00, 0.00, 0.00, 0.00, 0.00, 1.00, 1.00, 0.00, 1.00
2632,  0,  43.850,  0.98,  1, 0.00, 0.00, 0.95, 0.00, 3.94, 2.09, 0.21, 2.49, 3.71, 1.81, 0.02, 0.00, 0.18, 0.00, 4.35, 1.00, 0.74, 0.00, 0.00, 0.00, 0.00, 1.00, 1.00, 1.00, 1.00, 1.00, 1.00, 0.00, 0.00, 0.00, 0.00, 1.00, 1.00, 0.00, 1.00
2633,  0,  43.867,  0.98,  1, 0.00, 0.00, 1.13, 0.00, 3.95, 2.35, 0.14, 2.72, 3.74, 2.13, 0.02, 0.00, 0.10, 0.00, 4.34, 1.04, 0.56, 0.00, 0.00, 0.00, 0.00, 1.00, 1.00, 1.00, 1.00, 1.00, 1.00, 0.00, 0.00, 0.00, 0.00, 1.00, 1.00, 0.00, 1.00
2634,  0,  43.883,  0.98,  1, 0.00, 0.00, 1.28, 0.00, 4.06, 2.66, 0.17, 2.84, 3.72, 2.25, 0.02, 0.00, 0.10, 0.00, 4.38, 0.89, 0.56, 0.00, 0.00, 0.00, 0.00, 1.00, 1.00, 1.00, 1.00, 1.00, 1.00, 0.00, 0.00, 0.00, 0.00, 1.00, 1.00, 0.00, 1.00
2635,  0,  43.900,  0.98,  1, 0.00, 0.00, 1.37, 0.00, 4.12, 2.79, 0.29, 2.84, 3.73, 2.18, 0.00, 0.00, 0.06, 0.00, 4.26, 0.87, 0.52, 0.00, 0.00, 0.00, 0.00, 1.00, 1.00, 1.00, 1.00, 1.00, 1.00, 0.00, 0.00, 0.00, 0.00, 1.00, 1.00, 0.00, 1.00
2636,  0,  43.917,  0.98,  1, 0.00, 0.00, 1.32, 0.00, 4.05, 2.58, 0.31, 2.75, 3.72, 2.14, 0.00, 0.00, 0.00, 0.00, 4.26, 0.83, 0.41, 0.00, 0.00, 0.00, 0.00, 1.00, 1.00, 1.00, 1.00, 1.00, 1.00, 0.00, 0.00, 0.00, 0.00, 1.00, 1.00, 0.00, 1.00
2637,  0,  43.933,  0.98,  1, 0.00, 0.00, 1.13, 0.00, 3.91, 2.12, 0.28, 2.68, 3.76, 1.99, 0.00, 0.00, 0.00, 0.00, 4.13, 0.93, 0.45, 0.00, 0.00, 0.00, 0.00, 1.00, 1.00, 1.00, 1.00, 1.00, 1.00, 0.00, 0.00, 0.00, 0.00, 1.00, 1.00, 0.00, 1.00
2638,  0,  43.950,  0.98,  1, 0.00, 0.00, 1.09, 0.00, 3.87, 2.02, 0.27, 2.64, 3.69, 2.01, 0.00, 0.00, 0.00, 0.00, 4.20, 1.02, 0.42, 0.00, 0.00, 0.00, 0.00, 1.00, 1.00, 1.00, 1.00, 1.00, 1.00, 0.00, 0.00, 0.00, 0.00, 1.00, 1.00, 0.00, 1.00
2639,  0,  43.967,  0.98,  1, 0.00, 0.00, 1.08, 0.00, 3.90, 1.98, 0.22, 2.70, 3.67, 1.90, 0.01, 0.00, 0.09, 0.00, 4.12, 1.00, 0.53, 0.00, 0.00, 0.00, 0.00, 1.00, 1.00, 1.00, 1.00, 1.00, 1.00, 0.00, 0.00, 0.00, 0.00, 1.00, 1.00, 0.00, 1.00
2640,  0,  43.983,  0.98,  1, 0.00, 0.00, 1.18, 0.00, 3.93, 1.91, 0.16, 2.71, 3.65, 1.98, 0.01, 0.00, 0.24, 0.00, 4.27, 0.99, 0.63, 0.00, 0.00, 0.00, 0.00, 1.00, 1.00, 1.00, 1.00, 1.00, 1.00, 0.00, 0.00, 0.00, 0.00, 1.00, 1.00, 0.00, 1.00
2641,  0,  44.000,  0.98,  1, 0.00, 0.00, 1.15, 0.00, 3.83, 1.78, 0.05, 2.73, 3.70, 1.89, 0.01, 0.00, 0.24, 0.00, 4.24, 0.95, 0.72, 0.00, 0.00, 0.00, 0.00, 1.00, 1.00, 1.00, 1.00, 1.00, 1.00, 0.00, 0.00, 0.00, 0.00, 1.00, 1.00, 0.00, 1.00
2642,  0,  44.017,  0.98,  1, 0.00, 0.00, 1.11, 0.00, 3.71, 1.67, 0.04, 2.68, 3.78, 1.88, 0.00, 0.00, 0.16, 0.00, 4.28, 0.91, 0.81, 0.00, 0.00, 0.00, 0.00, 1.00, 1.00, 1.00, 1.00, 1.00, 1.00, 0.00, 0.00, 0.00, 0.00, 1.00, 1.00, 0.00, 1.00
2643,  0,  44.033,  0.98,  1, 0.00, 0.00, 0.95, 0.00, 3.68, 1.75, 0.00, 2.72, 3.82, 1.85, 0.00, 0.00, 0.00, 0.00, 4.19, 0.94, 0.84, 0.00, 0.00, 0.00, 0.00, 1.00, 1.00, 1.00, 1.00, 1.00, 1.00, 0.00, 0.00, 0.00, 0.00, 1.00, 1.00, 0.00, 1.00
2644,  0,  44.050,  0.98,  1, 0.00, 0.00, 0.91, 0.00, 3.68, 1.79, 0.00, 2.73, 3.76, 1.90, 0.00, 0.00, 0.00, 0.00, 4.03, 0.83, 0.79, 0.00, 0.00, 0.00, 0.00, 1.00, 1.00, 1.00, 1.00, 1.00, 1.00, 0.00, 0.00, 0.00, 0.00, 1.00, 1.00, 0.00, 1.00
2645,  0,  44.067,  0.98,  1, 0.00, 0.00, 0.92, 0.00, 3.75, 1.76, 0.00, 2.74, 3.74, 1.88, 0.00, 0.00, 0.02, 0.00, 4.11, 0.91, 0.81, 0.00, 0.00, 0.00, 0.00, 1.00, 1.00, 1.00, 1.00, 1.00, 1.00, 0.00, 0.00, 0.00, 0.00, 1.00, 1.00, 0.00, 1.00
2646,  0,  44.083,  0.98,  1, 0.00, 0.00, 0.85, 0.00, 3.83, 1.85, 0.08, 2.76, 3.74, 1.96, 0.00, 0.00, 0.02, 0.00, 4.09, 0.90, 0.78, 0.00, 0.00, 0.00, 0.00, 1.00, 1.00, 1.00, 1.00, 1.00, 1.00, 0.00, 0.00, 0.00, 0.00, 1.00, 1.00, 0.00, 1.00
2647,  0,  44.100,  0.98,  1, 0.00, 0.00, 0.79, 0.01, 3.86, 1.81, 0.13, 2.75, 3.79, 1.91, 0.00, 0.00, 0.02, 0.00, 4.17, 0.86, 0.58, 0.00, 0.00, 0.00, 0.00, 1.00, 1.00, 1.00, 1.00, 1.00, 1.00, 0.00, 0.00, 0.00, 0.00, 1.00, 1.00, 0.00, 1.00
2648,  0,  44.117,  0.98,  1, 0.00, 0.00, 0.90, 0.01, 3.91, 1.75, 0.27, 2.85, 3.76, 2.03, 0.00, 0.00, 0.00, 0.00, 4.07, 0.93, 0.39, 0.00, 0.00, 0.00, 0.00, 1.00, 1.00, 1.00, 1.00, 1.00, 1.00, 0.00, 0.00, 0.00, 0.00, 1.00, 1.00, 0.00, 1.00
2649,  0,  44.133,  0.98,  1, 0.00, 0.00, 1.04, 0.01, 3.97, 1.99, 0.27, 2.81, 3.71, 1.99, 0.00, 0.00, 0.00, 0.00, 4.17, 0.88, 0.23, 0.00, 0.00, 0.00, 0.00, 1.00, 1.00, 1.00, 1.00, 1.00, 1.00, 0.00, 0.00, 0.00, 0.00, 1.00, 1.00, 0.00, 1.00
2650,  0,  44.150,  0.98,  1, 0.00, 0.00, 1.32, 0.00, 4.07, 2.27, 0.31, 2.88, 3.71, 1.96, 0.00, 0.00, 0.00, 0.00, 4.24, 0.87, 0.40, 0.00, 0.00, 0.00, 0.00, 1.00, 1.00, 1.00, 1.00, 1.00, 1.00, 0.00, 0.00, 0.00, 0.00, 1.00, 1.00, 0.00, 1.00
2651,  0,  44.167,  0.98,  1, 0.00, 0.00, 1.36, 0.00, 4.12, 2.72, 0.27, 2.83, 3.72, 1.96, 0.00, 0.00, 0.00, 0.00, 4.36, 0.72, 0.30, 0.00, 0.00, 0.00, 0.00, 1.00, 1.00, 1.00, 1.00, 1.00, 1.00, 0.00, 0.00, 0.00, 0.00, 1.00, 1.00, 0.00, 1.00
2652,  0,  44.183,  0.98,  1, 0.00, 0.00, 1.35, 0.00, 4.12, 2.70, 0.26, 2.81, 3.77, 2.04, 0.00, 0.00, 0.00, 0.00, 4.39, 0.71, 0.26, 0.00, 0.00, 1.00, 0.00, 1.00, 1.00, 1.00, 1.00, 1.00, 1.00, 0.00, 0.00, 0.00, 0.00, 1.00, 1.00, 0.00, 1.00
2653,  0,  44.200,  0.98,  1, 0.00, 0.00, 1.30, 0.00, 4.19, 2.75, 0.40, 2.86, 3.76, 2.18, 0.00, 0.00, 0.00, 0.00, 4.31, 0.76, 0.09, 0.00, 0.00, 1.00, 0.00, 1.00, 1.00, 1.00, 1.00, 1.00, 1.00, 0.00, 0.00, 0.00, 0.00, 1.00, 1.00, 0.00, 1.00
2654,  0,  44.217,  0.98,  1, 0.00, 0.00, 1.30, 0.01, 4.17, 2.59, 0.44, 2.99, 3.75, 2.17, 0.00, 0.00, 0.00, 0.00, 4.26, 0.69, 0.18, 0.00, 0.00, 1.00, 0.00, 1.00, 1.00, 1.00, 1.00, 1.00, 1.00, 0.00, 0.00, 0.00, 0.00, 1.00, 1.00, 0.00, 1.00
2655,  0,  44.233,  0.98,  1, 0.00, 0.00, 1.38, 0.01, 4.24, 2.74, 0.45, 3.08, 3.75, 2.16, 0.00, 0.00, 0.00, 0.00, 4.18, 0.55, 0.17, 0.00, 0.00, 1.00, 0.00, 1.00, 1.00, 1.00, 1.00, 1.00, 1.00, 0.00, 0.00, 0.00, 0.00, 1.00, 1.00, 0.00, 1.00
2656,  0,  44.250,  0.98,  1, 0.00, 0.00, 1.39, 0.01, 4.19, 2.82, 0.34, 3.11, 3.76, 1.90, 0.00, 0.00, 0.00, 0.00, 4.27, 0.58, 0.27, 0.00, 0.00, 1.00, 0.00, 1.00, 1.00, 1.00, 1.00, 1.00, 1.00, 0.00, 0.00, 0.00, 0.00, 1.00, 1.00, 0.00, 1.00
2657,  0,  44.267,  0.98,  1, 0.00, 0.00, 1.37, 0.00, 4.22, 2.92, 0.29, 3.01, 3.79, 1.87, 0.00, 0.00, 0.00, 0.00, 4.28, 0.45, 0.21, 0.00, 0.00, 1.00, 0.00, 1.00, 1.00, 1.00, 1.00, 1.00, 1.00, 0.00, 0.00, 0.00, 0.00, 1.00, 1.00, 0.00, 1.00
2658,  0,  44.283,  0.98,  1, 0.00, 0.00, 1.37, 0.00, 4.14, 2.67, 0.38, 2.98, 3.73, 1.93, 0.00, 0.00, 0.07, 0.00, 4.24, 0.33, 0.11, 0.00, 0.00, 1.00, 0.00, 1.00, 1.00, 1.00, 1.00, 1.00, 1.00, 0.00, 0.00, 0.00, 0.00, 1.00, 1.00, 0.00, 1.00
2659,  0,  44.300,  0.98,  1, 0.00, 0.00, 1.32, 0.00, 4.16, 2.58, 0.41, 2.84, 3.67, 2.38, 0.00, 0.00, 0.18, 0.00, 4.20, 0.16, 0.06, 0.00, 0.00, 1.00, 0.00, 1.00, 1.00, 1.00, 1.00, 1.00, 1.00, 0.00, 0.00, 0.00, 0.00, 1.00, 1.00, 0.00, 1.00
2660,  0,  44.317,  0.98,  1, 0.00, 0.00, 1.22, 0.00, 4.18, 2.57, 0.46, 2.78, 3.60, 2.63, 0.00, 0.00, 0.31, 0.00, 4.14, 0.11, 0.04, 0.00, 0.00, 1.00, 0.00, 1.00, 1.00, 1.00, 1.00, 1.00, 1.00, 0.00, 0.00, 0.00, 0.00, 1.00, 1.00, 0.00, 1.00
2661,  0,  44.333,  0.98,  1, 0.00, 0.00, 1.18, 0.00, 4.17, 2.80, 0.38, 2.69, 3.55, 2.96, 0.00, 0.00, 0.47, 0.00, 4.00, 0.07, 0.04, 0.00, 0.00, 1.00, 0.00, 1.00, 1.00, 1.00, 1.00, 1.00, 1.00, 0.00, 0.00, 0.00, 0.00, 1.00, 1.00, 0.00, 1.00
2662,  0,  44.350,  0.98,  1, 0.00, 0.00, 1.23, 0.00, 4.09, 2.68, 0.32, 2.58, 3.47, 3.15, 0.00, 0.12, 0.64, 0.00, 3.86, 0.00, 0.00, 0.00, 0.00, 1.00, 0.00, 1.00, 1.00, 1.00, 1.00, 1.00, 1.00, 0.00, 0.00, 0.00, 0.00, 1.00, 1.00, 0.00, 1.00
2663,  0,  44.367,  0.98,  1, 0.00, 0.00, 1.23, 0.00, 4.00, 2.41, 0.25, 2.49, 3.44, 3.25, 0.00, 0.23, 0.67, 0.00, 3.53, 0.06, 0.00, 0.00, 0.00, 0.00, 0.00, 1.00, 1.00, 1.00, 1.00, 1.00, 1.00, 0.00, 0.00, 0.00, 0.00, 1.00, 1.00, 0.00, 1.00
2664,  0,  44.383,  0.98,  1, 0.00, 0.00, 1.37, 0.00, 4.01, 2.21, 0.29, 2.54, 3.41, 3.28, 0.02, 0.45, 0.54, 0.00, 3.46, 0.06, 0.00, 0.00, 0.00, 0.00, 0.00, 1.00, 1.00, 1.00, 1.00, 1.00, 1.00, 0.00, 0.00, 0.00, 0.00, 1.00, 1.00, 0.00, 1.00
2665,  0,  44.400,  0.98,  1, 0.00, 0.00, 1.19, 0.00, 4.11, 2.20, 0.50, 2.63, 3.47, 3.05, 0.02, 0.43, 0.26, 0.03, 3.28, 0.06, 0.01, 0.00, 0.00, 0.00, 0.00, 1.00, 1.00, 1.00, 1.00, 1.00, 1.00, 0.00, 0.00, 0.00, 0.00, 1.00, 1.00, 0.00, 1.00
2666,  0,  44.417,  0.98,  1, 0.00, 0.00, 1.20, 0.00, 4.18, 2.30, 0.71, 2.64, 3.43, 2.82, 0.02, 0.51, 0.13, 0.13, 3.12, 0.00, 0.01, 0.00, 0.00, 1.00, 0.00, 1.00, 1.00, 1.00, 1.00, 1.00, 1.00, 0.00, 0.00, 0.00, 0.00, 1.00, 0.00, 0.00, 1.00
2667,  0,  44.433,  0.98,  1, 0.00, 0.00, 1.16, 0.00, 4.11, 2.46, 0.90, 2.51, 3.39, 2.59, 0.00, 0.50, 0.08, 0.22, 2.80, 0.00, 0.01, 0.00, 0.00, 1.00, 0.00, 1.00, 1.00, 1.00, 1.00, 1.00, 1.00, 0.00, 0.00, 0.00, 0.00, 1.00, 0.00, 0.00, 1.00
2668,  0,  44.450,  0.98,  1, 0.00, 0.00, 1.29, 0.00, 4.07, 2.50, 1.05, 2.40, 3.28, 2.54, 0.00, 0.67, 0.24, 0.32, 2.41, 0.00, 0.00, 0.00, 0.00, 1.00, 0.00, 1.00, 1.00, 1.00, 1.00, 1.00, 1.00, 0.00, 0.00, 0.00, 0.00, 1.00, 0.00, 0.00, 1.00
2669,  0,  44.467,  0.98,  1, 0.00, 0.00, 1.27, 0.00, 4.09, 2.64, 1.17, 2.34, 3.19, 2.52, 0.00, 0.98, 0.29, 0.42, 2.00, 0.00, 0.00, 0.00, 0.00, 0.00, 0.00, 1.00, 1.00, 1.00, 1.00, 1.00, 1.00, 0.00, 0.00, 0.00, 0.00, 1.00, 0.00, 0.00, 1.00
2670,  0,  44.483,  0.98,  1, 0.00, 0.00, 1.13, 0.00, 4.16, 2.29, 1.13, 2.32, 3.07, 2.34, 0.00, 1.33, 0.30, 0.58, 1.51, 0.00, 0.00, 0.00, 0.00, 0.00, 0.00, 1.00, 1.00, 1.00, 1.00, 1.00, 1.00, 0.00, 1.00, 0.00, 0.00, 1.00, 0.00, 0.00, 1.00
2671,  0,  44.500,  0.98,  1, 0.00, 0.00, 1.05, 0.00, 4.11, 2.20, 0.98, 2.35, 3.02, 2.33, 0.10, 1.90, 0.36, 0.77, 1.10, 0.00, 0.00, 0.00, 0.00, 0.00, 0.00, 1.00, 1.00, 1.00, 1.00, 1.00, 1.00, 0.00, 1.00, 0.00, 0.00, 1.00, 0.00, 0.00, 1.00
2672,  0,  44.517,  0.98,  1, 0.00, 0.00, 0.96, 0.00, 4.03, 2.10, 0.83, 2.32, 2.97, 2.15, 0.11, 2.43, 0.57, 0.94, 0.92, 0.00, 0.00, 0.00, 0.00, 0.00, 0.00, 1.00, 1.00, 1.00, 1.00, 1.00, 1.00, 0.00, 1.00, 0.00, 0.00, 1.00, 0.00, 0.00, 1.00
2673,  0,  44.533,  0.98,  1, 0.00, 0.00, 1.02, 0.00, 4.03, 2.26, 0.70, 2.22, 2.93, 2.03, 0.47, 2.88, 0.91, 1.03, 0.96, 0.00, 0.00, 0.00, 0.00, 0.00, 0.00, 1.00, 1.00, 1.00, 1.00, 1.00, 1.00, 0.00, 1.00, 0.00, 0.00, 1.00, 0.00, 0.00, 1.00
2674,  0,  44.550,  0.98,  1, 0.00, 0.00, 1.10, 0.00, 4.12, 2.09, 0.60, 2.09, 2.93, 1.89, 0.58, 3.35, 1.03, 0.98, 1.12, 0.00, 0.00, 0.00, 0.00, 0.00, 0.00, 1.00, 1.00, 1.00, 1.00, 1.00, 1.00, 0.00, 1.00, 0.00, 0.00, 1.00, 0.00, 0.00, 0.00
2675,  0,  44.567,  0.98,  1, 0.00, 0.00, 1.27, 0.00, 4.17, 2.04, 0.44, 2.09, 3.01, 1.99, 0.84, 3.68, 1.06, 1.02, 1.33, 0.00, 0.00, 0.00, 0.00, 0.00, 0.00, 1.00, 1.00, 1.00, 1.00, 1.00, 1.00, 0.00, 1.00, 0.00, 0.00, 1.00, 0.00, 0.00, 0.00
2676,  0,  44.583,  0.98,  1, 0.00, 0.00, 1.32, 0.00, 4.23, 2.17, 0.48, 2.29, 3.09, 1.96, 0.60, 4.00, 0.91, 1.02, 1.50, 0.00, 0.00, 0.00, 0.00, 0.00, 0.00, 1.00, 1.00, 1.00, 1.00, 1.00, 1.00, 0.00, 1.00, 0.00, 0.00, 1.00, 0.00, 0.00, 0.00
2677,  0,  44.600,  0.98,  1, 0.00, 0.00, 1.28, 0.00, 4.22, 2.30, 0.38, 2.20, 3.08, 2.01, 0.77, 3.94, 1.00, 1.16, 1.44, 0.00, 0.00, 0.00, 0.00, 0.00, 0.00, 1.00, 1.00, 1.00, 1.00, 1.00, 1.00, 0.00, 1.00, 0.00, 0.00, 1.00, 0.00, 0.00, 0.00
2678,  0,  44.617,  0.98,  1, 0.00, 0.00, 1.33, 0.00, 4.22, 2.42, 0.35, 2.08, 2.98, 1.96, 0.68, 3.95, 1.12, 1.11, 1.40, 0.00, 0.00, 0.00, 0.00, 0.00, 0.00, 1.00, 1.00, 1.00, 1.00, 1.00, 1.00, 0.00, 1.00, 0.00, 0.00, 1.00, 0.00, 0.00, 0.00
2679,  0,  44.633,  0.98,  1, 0.00, 0.00, 1.44, 0.00, 4.22, 2.20, 0.40, 1.94, 2.84, 1.99, 0.55, 3.98, 1.27, 1.20, 1.54, 0.00, 0.00, 0.00, 0.00, 0.00, 0.00, 1.00, 1.00, 1.00, 1.00, 1.00, 1.00, 0.00, 1.00, 0.00, 0.00, 1.00, 0.00, 0.00, 0.00
2680,  0,  44.650,  0.98,  1, 0.00, 0.00, 1.52, 0.00, 4.20, 2.34, 0.56, 2.12, 2.81, 1.92, 0.18, 4.04, 1.34, 1.11, 1.69, 0.00, 0.00, 0.00, 0.00, 1.00, 0.00, 1.00, 1.00, 1.00, 1.00, 1.00, 1.00, 0.00, 1.00, 0.00, 0.00, 1.00, 0.00, 0.00, 0.00
2681,  0,  44.667,  0.98,  1, 0.00, 0.00, 1.41, 0.00, 4.28, 2.13, 0.84, 2.30, 2.83, 2.00, 0.00, 4.00, 1.40, 0.99, 2.00, 0.00, 0.00, 0.00, 0.00, 1.00, 0.00, 1.00, 1.00, 1.00, 1.00, 1.00, 1.00, 0.00, 1.00, 0.00, 1.00, 1.00, 0.00, 0.00, 0.00
2682,  0,  44.683,  0.98,  1, 0.00, 0.00, 1.30, 0.01, 4.30, 2.38, 0.82, 2.31, 2.94, 1.92, 0.00, 3.95, 1.54, 0.80, 2.26, 0.00, 0.00, 0.00, 0.00, 1.00, 0.00, 1.00, 1.00, 1.00, 1.00, 1.00, 1.00, 0.00, 1.00, 0.00, 1.00, 1.00, 0.00, 0.00, 0.00
2683,  0,  44.700,  0.98,  1, 0.00, 0.00, 1.37, 0.01, 4.41, 2.26, 0.92, 2.37, 3.13, 1.82, 0.00, 3.66, 1.43, 0.53, 2.79, 0.00, 0.00, 0.00, 0.00, 1.00, 0.00, 1.00, 1.00, 1.00, 1.00, 1.00, 1.00, 0.00, 1.00, 0.00, 1.00, 1.00, 0.00, 0.00, 0.00
2684,  0,  44.717,  0.93,  1, 0.00, 0.00, 1.41, 0.01, 4.43, 2.41, 0.88, 2.42, 3.29, 1.80, 0.00, 3.27, 1.45, 0.29, 3.30, 0.00, 0.00, 0.00, 0.00, 1.00, 0.00, 1.00, 1.00, 1.00, 1.00, 1.00, 1.00, 0.00, 1.00, 0.00, 1.00, 1.00, 0.00, 0.00, 0.00
2685,  0,  44.733,  0.93,  1, 0.00, 0.00, 1.55, 0.00, 4.47, 2.43, 0.95, 2.46, 3.41, 1.94, 0.00, 2.86, 1.56, 0.05, 3.79, 0.00, 0.00, 0.00, 0.00, 1.00, 0.00, 1.00, 1.00, 1.00, 1.00, 1.00, 1.00, 0.00, 1.00, 0.00, 1.00, 1.00, 1.00, 0.00, 1.00
2686,  0,  44.750,  0.93,  1, 0.00, 0.00, 1.46, 0.00, 4.49, 2.57, 0.90, 2.57, 3.44, 2.06, 0.00, 2.69, 1.79, 0.00, 4.22, 0.00, 0.00, 0.00, 0.00, 1.00, 0.00, 1.00, 1.00, 1.00, 1.00, 1.00, 1.00, 0.00, 1.00, 0.00, 0.00, 1.00, 1.00, 0.00, 1.00
2687,  0,  44.767,  0.93,  1, 0.00, 0.00, 1.66, 0.00, 4.51, 2.58, 0.89, 2.61, 3.45, 2.24, 0.00, 2.55, 1.88, 0.00, 4.47, 0.00, 0.00, 0.00, 0.00, 0.00, 0.00, 1.00, 1.00, 1.00, 1.00, 1.00, 1.00, 0.00, 1.00, 0.00, 0.00, 1.00, 1.00, 0.00, 1.00
2688,  0,  44.783,  0.93,  1, 0.00, 0.00, 1.54, 0.00, 4.45, 2.45, 0.95, 2.75, 3.51, 2.34, 0.00, 2.52, 1.96, 0.00, 4.44, 0.01, 0.00, 0.00, 0.00, 0.00, 0.00, 1.00, 1.00, 1.00, 1.00, 1.00, 1.00, 0.00, 1.00, 0.00, 0.00, 1.00, 1.00, 0.00, 1.00
2689,  0,  44.800,  0.93,  1, 0.00, 0.00, 1.61, 0.00, 4.32, 2.33, 0.94, 2.70, 3.57, 2.59, 0.00, 2.42, 2.12, 0.00, 4.39, 0.02, 0.00, 0.00, 0.00, 0.00, 0.00, 1.00, 1.00, 1.00, 1.00, 1.00, 1.00, 0.00, 1.00, 0.00, 0.00, 1.00, 1.00, 0.00, 1.00
2690,  0,  44.817,  0.93,  1, 0.00, 0.00, 1.41, 0.00, 4.12, 2.18, 0.81, 2.71, 3.65, 2.47, 0.00, 2.49, 2.20, 0.00, 4.34, 0.02, 0.00, 0.00, 0.00, 0.00, 0.00, 1.00, 1.00, 1.00, 1.00, 1.00, 1.00, 0.00, 1.00, 0.00, 0.00, 1.00, 1.00, 0.00, 1.00
2691,  0,  44.833,  0.93,  1, 0.00, 0.00, 1.44, 0.00, 3.96, 1.98, 0.58, 2.79, 3.73, 2.55, 0.00, 2.61, 2.18, 0.00, 4.28, 0.15, 0.00, 0.00, 0.00, 0.00, 0.00, 1.00, 1.00, 1.00, 1.00, 1.00, 1.00, 0.00, 1.00, 0.00, 0.00, 1.00, 1.00, 0.00, 1.00
2692,  0,  44.850,  0.98,  1, 0.00, 0.00, 1.25, 0.00, 3.80, 1.88, 0.44, 2.96, 3.77, 2.38, 0.00, 2.77, 2.03, 0.01, 4.21, 0.33, 0.00, 0.00, 0.00, 0.00, 0.00, 1.00, 1.00, 1.00, 1.00, 1.00, 1.00, 0.00, 1.00, 0.00, 0.00, 1.00, 1.00, 0.00, 1.00
2693,  0,  44.867,  0.93,  1, 0.00, 0.00, 1.29, 0.00, 3.68, 1.74, 0.53, 3.05, 3.76, 2.45, 0.02, 2.61, 1.71, 0.01, 4.12, 0.48, 0.00, 0.00, 0.00, 0.00, 0.00, 1.00, 1.00, 1.00, 1.00, 1.00, 1.00, 0.00, 1.00, 0.00, 0.00, 1.00, 1.00, 0.00, 1.00
2694,  0,  44.883,  0.93,  1, 0.00, 0.00, 1.19, 0.00, 3.56, 1.70, 0.55, 2.91, 3.74, 2.27, 0.41, 2.29, 1.55, 0.10, 4.24, 0.62, 0.00, 0.00, 0.00, 0.00, 0.00, 1.00, 1.00, 1.00, 1.00, 1.00, 1.00, 0.00, 1.00, 0.00, 0.00, 1.00, 1.00, 0.00, 1.00
2695,  0,  44.900,  0.93,  1, 0.00, 0.00, 1.28, 0.00, 3.49, 1.80, 0.51, 2.68, 3.76, 1.91, 0.87, 1.97, 1.30, 0.22, 4.08, 0.94, 0.00, 0.00, 0.00, 0.00, 0.00, 1.00, 1.00, 1.00, 1.00, 1.00, 1.00, 0.00, 1.00, 0.00, 0.00, 1.00, 1.00, 0.00, 1.00
2696,  0,  44.917,  0.88,  1, 0.00, 0.00, 1.28, 0.00, 3.43, 1.94, 0.24, 2.39, 3.77, 1.46, 1.53, 1.94, 1.21, 0.35, 3.60, 1.44, 0.00, 0.00, 0.00, 0.00, 0.00, 1.00, 1.00, 1.00, 1.00, 1.00, 1.00, 0.00, 1.00, 0.00, 0.00, 1.00, 1.00, 0.00, 1.00
2697,  0,  44.933,  0.93,  1, 0.00, 0.00, 1.34, 0.00, 3.45, 2.14, 0.09, 2.28, 3.62, 1.32, 1.65, 1.52, 0.66, 0.30, 3.31, 1.80, 0.00, 0.00, 0.00, 0.00, 0.00, 1.00, 1.00, 1.00, 1.00, 1.00, 1.00, 0.00, 1.00, 0.00, 0.00, 1.00, 1.00, 0.00, 1.00
2698,  0,  44.950,  0.93,  1, 0.00, 0.00, 1.23, 0.00, 3.50, 2.30, 0.00, 2.26, 3.48, 1.25, 1.58, 0.91, 0.28, 0.16, 3.35, 1.57, 0.00, 0.00, 0.00, 0.00, 0.00, 1.00, 1.00, 1.00, 1.00, 1.00, 1.00, 0.00, 0.00, 0.00, 0.00, 1.00, 1.00, 0.00, 1.00
2699,  0,  44.967,  0.93,  1, 0.00, 0.00, 0.92, 0.00, 3.55, 2.43, 0.01, 2.38, 3.33, 1.15, 1.15, 0.33, 0.00, 0.04, 3.70, 1.04, 0.10, 0.00, 0.00, 0.00, 0.00, 1.00, 1.00, 1.00, 1.00, 1.00, 0.00, 0.00, 0.00, 0.00, 0.00, 1.00, 1.00, 0.00, 1.00
2700,  0,  44.983,  0.98,  1, 0.00, 0.00, 0.60, 0.00, 3.65, 2.73, 0.01, 2.50, 3.31, 1.01, 0.79, 0.20, 0.00, 0.00, 3.92, 0.44, 0.10, 0.00, 0.00, 0.00, 0.00, 1.00, 1.00, 1.00, 1.00, 1.00, 1.00, 0.00, 0.00, 0.00, 0.00, 1.00, 1.00, 0.00, 1.00
2701,  0,  45.000,  0.98,  1, 0.00, 0.00, 0.56, 0.00, 3.77, 2.94, 0.01, 2.69, 3.31, 0.90, 0.55, 0.21, 0.00, 0.00, 3.90, 0.27, 0.18, 0.00, 0.00, 0.00, 0.00, 1.00, 1.00, 1.00, 1.00, 1.00, 1.00, 0.00, 0.00, 0.00, 0.00, 1.00, 1.00, 0.00, 1.00
2702,  0,  45.017,  0.98,  1, 0.00, 0.00, 0.76, 0.00, 3.89, 3.45, 0.00, 2.84, 3.40, 1.02, 0.46, 0.24, 0.00, 0.00, 4.00, 0.43, 0.16, 0.00, 0.00, 0.00, 0.00, 1.00, 1.00, 1.00, 1.00, 1.00, 1.00, 0.00, 0.00, 0.00, 0.00, 1.00, 1.00, 0.00, 0.00
2703,  0,  45.033,  0.98,  1, 0.00, 0.00, 0.79, 0.00, 4.02, 3.54, 0.00, 3.04, 3.51, 1.08, 0.43, 0.12, 0.04, 0.00, 4.11, 0.61, 0.36, 0.00, 0.00, 0.00, 0.00, 1.00, 1.00, 1.00, 1.00, 1.00, 1.00, 0.00, 0.00, 0.00, 0.00, 1.00, 1.00, 0.00, 0.00
2704,  0,  45.050,  0.98,  1, 0.00, 0.00, 0.86, 0.00, 4.06, 3.43, 0.00, 3.02, 3.65, 1.39, 0.28, 0.22, 0.04, 0.00, 4.10, 0.76, 0.50, 0.00, 0.00, 0.00, 0.00, 1.00, 1.00, 1.00, 1.00, 1.00, 1.00, 0.00, 0.00, 0.00, 0.00, 1.00, 1.00, 0.00, 0.00
2705,  0,  45.067,  0.98,  1, 0.00, 0.00, 0.67, 0.05, 4.12, 3.04, 0.00, 3.09, 3.73, 1.50, 0.12, 0.11, 0.04, 0.00, 4.11, 0.72, 0.79, 0.00, 0.00, 0.00, 0.00, 1.00, 1.00, 1.00, 1.00, 1.00, 1.00, 0.00, 0.00, 0.00, 0.00, 1.00, 1.00, 0.00, 0.00
2706,  0,  45.083,  0.98,  1, 0.00, 0.00, 0.89, 0.05, 4.02, 2.83, 0.02, 2.86, 3.76, 1.72, 0.00, 0.10, 0.00, 0.00, 3.90, 0.75, 0.74, 0.00, 0.00, 0.00, 0.00, 1.00, 1.00, 1.00, 1.00, 1.00, 1.00, 0.00, 0.00, 0.00, 0.00, 1.00, 1.00, 0.00, 1.00
2707,  0,  45.100,  0.98,  1, 0.00, 0.00, 0.77, 0.05, 3.91, 2.66, 0.02, 2.79, 3.71, 1.87, 0.00, 0.00, 0.00, 0.00, 3.95, 0.74, 0.55, 0.00, 0.00, 0.00, 0.00, 1.00, 1.00, 1.00, 1.00, 1.00, 1.00, 0.00, 0.00, 0.00, 0.00, 1.00, 1.00, 0.00, 1.00
2708,  0,  45.117,  0.98,  1, 0.00, 0.00, 0.89, 0.00, 3.86, 2.59, 0.03, 2.60, 3.71, 2.06, 0.09, 0.00, 0.00, 0.00, 3.84, 0.96, 0.20, 0.00, 0.00, 0.00, 0.00, 1.00, 1.00, 1.00, 1.00, 1.00, 1.00, 0.00, 0.00, 0.00, 0.00, 1.00, 1.00, 0.00, 1.00
2709,  0,  45.133,  0.98,  1, 0.00, 0.00, 0.59, 0.00, 3.86, 2.52, 0.06, 2.68, 3.74, 2.15, 0.09, 0.00, 0.08, 0.00, 3.90, 1.10, 0.20, 0.00, 0.00, 0.00, 0.00, 1.00, 1.00, 1.00, 1.00, 1.00, 1.00, 0.00, 0.00, 0.00, 0.00, 1.00, 1.00, 0.00, 1.00
2710,  0,  45.150,  0.98,  1, 0.00, 0.00, 0.49, 0.00, 3.84, 2.54, 0.06, 2.68, 3.73, 2.25, 0.09, 0.00, 0.11, 0.00, 3.97, 1.10, 0.25, 0.00, 0.00, 0.00, 0.00, 1.00, 1.00, 1.00, 1.00, 1.00, 1.00, 0.00, 0.00, 0.00, 0.00, 1.00, 1.00, 0.00, 1.00
2711,  0,  45.167,  0.98,  1, 0.00, 0.00, 0.35, 0.08, 3.72, 2.57, 0.07, 2.55, 3.65, 2.23, 0.00, 0.01, 0.21, 0.00, 4.01, 1.09, 0.27, 0.00, 0.00, 0.00, 0.00, 1.00, 1.00, 1.00, 1.00, 1.00, 1.00, 0.00, 0.00, 0.00, 0.00, 1.00, 1.00, 0.00, 1.00
2712,  0,  45.183,  0.98,  1, 0.00, 0.00, 0.38, 0.08, 3.72, 2.57, 0.03, 2.44, 3.55, 2.20, 0.00, 0.01, 0.25, 0.00, 4.04, 0.99, 0.30, 0.00, 0.00, 0.00, 0.00, 1.00, 1.00, 1.00, 1.00, 1.00, 1.00, 0.00, 0.00, 0.00, 0.00, 1.00, 1.00, 0.00, 1.00
2713,  0,  45.200,  0.98,  1, 0.00, 0.00, 0.41, 0.08, 3.70, 2.43, 0.09, 2.46, 3.50, 2.27, 0.01, 0.01, 0.33, 0.00, 4.02, 1.07, 0.34, 0.00, 0.00, 0.00, 0.00, 1.00, 1.00, 1.00, 1.00, 1.00, 1.00, 0.00, 0.00, 0.00, 0.00, 1.00, 1.00, 0.00, 1.00
2714,  0,  45.217,  0.98,  1, 0.00, 0.00, 0.44, 0.00, 3.72, 2.28, 0.12, 2.49, 3.49, 2.21, 0.10, 0.00, 0.35, 0.00, 4.08, 1.12, 0.45, 0.00, 0.00, 0.00, 0.00, 1.00, 1.00, 1.00, 1.00, 1.00, 1.00, 0.00, 0.00, 0.00, 0.00, 1.00, 1.00, 0.00, 1.00
2715,  0,  45.233,  0.98,  1, 0.00, 0.00, 0.52, 0.00, 3.70, 2.32, 0.26, 2.50, 3.52, 2.22, 0.10, 0.00, 0.22, 0.00, 4.03, 1.12, 0.50, 0.00, 0.00, 0.00, 0.00, 1.00, 1.00, 1.00, 1.00, 1.00, 1.00, 0.00, 0.00, 0.00, 0.00, 1.00, 1.00, 0.00, 1.00
2716,  0,  45.250,  0.98,  1, 0.00, 0.00, 0.63, 0.00, 3.70, 2.45, 0.23, 2.50, 3.48, 2.01, 0.22, 0.00, 0.24, 0.00, 3.98, 1.08, 0.70, 0.00, 0.00, 0.00, 0.00, 1.00, 1.00, 1.00, 1.00, 1.00, 1.00, 0.00, 0.00, 0.00, 0.00, 1.00, 1.00, 0.00, 1.00
2717,  0,  45.267,  0.98,  1, 0.00, 0.00, 0.60, 0.00, 3.74, 2.57, 0.32, 2.61, 3.49, 2.19, 0.15, 0.00, 0.21, 0.00, 3.94, 0.91, 0.66, 0.00, 0.00, 0.00, 0.00, 1.00, 1.00, 1.00, 1.00, 1.00, 1.00, 0.00, 0.00, 0.00, 0.00, 1.00, 1.00, 0.00, 1.00
2718,  0,  45.283,  0.98,  1, 0.00, 0.00, 0.54, 0.00, 3.70, 2.36, 0.27, 2.72, 3.45, 2.15, 0.15, 0.00, 0.28, 0.00, 4.00, 0.94, 0.59, 0.00, 0.00, 0.00, 0.00, 1.00, 1.00, 1.00, 1.00, 1.00, 1.00, 0.00, 0.00, 0.00, 0.00, 1.00, 1.00, 0.00, 1.00
2719,  0,  45.300,  0.98,  1, 0.00, 0.00, 0.28, 0.00, 3.68, 2.13, 0.29, 2.56, 3.47, 2.18, 0.02, 0.00, 0.42, 0.00, 3.88, 0.98, 0.61, 0.00, 0.00, 0.00, 0.00, 1.00, 1.00, 1.00, 1.00, 1.00, 1.00, 0.00, 0.00, 0.00, 0.00, 1.00, 1.00, 0.00, 1.00
2720,  0,  45.317,  0.98,  1, 0.00, 0.00, 0.39, 0.00, 3.69, 2.07, 0.24, 2.51, 3.44, 2.11, 0.07, 0.05, 0.43, 0.00, 3.93, 1.08, 1.04, 0.00, 0.00, 0.00, 0.00, 1.00, 1.00, 1.00, 1.00, 1.00, 1.00, 0.00, 0.00, 0.00, 0.00, 1.00, 1.00, 0.00, 1.00
2721,  0,  45.333,  0.98,  1, 0.00, 0.00, 0.32, 0.00, 3.69, 2.00, 0.20, 2.38, 3.43, 2.16, 0.10, 0.13, 0.40, 0.00, 3.96, 1.11, 1.38, 0.00, 0.00, 0.00, 0.00, 1.00, 1.00, 1.00, 1.00, 1.00, 1.00, 0.00, 0.00, 0.00, 0.00, 1.00, 1.00, 0.00, 1.00
2722,  0,  45.350,  0.98,  1, 0.00, 0.00, 0.43, 0.00, 3.75, 2.08, 0.23, 2.44, 3.39, 2.12, 0.11, 0.15, 0.22, 0.00, 4.16, 1.25, 1.77, 0.00, 0.00, 0.00, 0.00, 1.00, 1.00, 1.00, 1.00, 1.00, 1.00, 0.00, 0.00, 0.00, 0.00, 1.00, 1.00, 0.00, 1.00
2723,  0,  45.367,  0.98,  1, 0.00, 0.00, 0.21, 0.00, 3.68, 1.82, 0.14, 2.40, 3.38, 1.95, 0.05, 0.10, 0.14, 0.00, 4.18, 1.22, 1.87, 0.00, 0.00, 0.00, 0.00, 1.00, 1.00, 1.00, 1.00, 1.00, 1.00, 0.00, 0.00, 0.00, 0.00, 1.00, 1.00, 0.00, 1.00
2724,  0,  45.383,  0.98,  1, 0.00, 0.00, 0.19, 0.00, 3.65, 1.62, 0.08, 2.35, 3.41, 1.90, 0.12, 0.01, 0.15, 0.00, 4.04, 1.20, 2.21, 0.00, 0.00, 0.00, 0.00, 1.00, 1.00, 1.00, 1.00, 1.00, 1.00, 0.00, 0.00, 0.00, 0.00, 1.00, 1.00, 0.00, 1.00
2725,  0,  45.400,  0.98,  1, 0.00, 0.00, 0.10, 0.00, 3.66, 1.37, 0.01, 2.34, 3.42, 1.90, 0.27, 0.06, 0.14, 0.00, 4.02, 1.15, 2.25, 0.00, 0.00, 0.00, 0.00, 1.00, 1.00, 1.00, 1.00, 1.00, 1.00, 0.00, 0.00, 0.00, 0.00, 1.00, 1.00, 0.00, 1.00
2726,  0,  45.417,  0.98,  1, 0.00, 0.00, 0.13, 0.00, 3.68, 1.34, 0.01, 2.38, 3.44, 1.87, 0.25, 0.06, 0.17, 0.00, 4.00, 1.05, 2.25, 0.00, 0.00, 0.00, 0.00, 1.00, 1.00, 1.00, 1.00, 1.00, 1.00, 0.00, 0.00, 0.00, 0.00, 1.00, 1.00, 0.00, 1.00
2727,  0,  45.433,  0.98,  1, 0.00, 0.00, 0.14, 0.00, 3.73, 1.52, 0.01, 2.40, 3.39, 1.66, 0.21, 0.06, 0.22, 0.00, 4.12, 1.01, 1.99, 0.00, 0.00, 0.00, 0.00, 1.00, 1.00, 1.00, 1.00, 1.00, 1.00, 0.00, 0.00, 0.00, 0.00, 1.00, 1.00, 0.00, 1.00
2728,  0,  45.450,  0.98,  1, 0.00, 0.00, 0.28, 0.00, 3.71, 1.82, 0.11, 2.43, 3.34, 1.47, 0.12, 0.03, 0.32, 0.00, 4.09, 0.89, 1.83, 0.00, 0.00, 0.00, 0.00, 1.00, 1.00, 1.00, 1.00, 1.00, 1.00, 0.00, 0.00, 0.00, 0.00, 1.00, 1.00, 0.00, 1.00
2729,  0,  45.467,  0.98,  1, 0.00, 0.00, 0.44, 0.00, 3.77, 2.05, 0.26, 2.47, 3.37, 1.51, 0.17, 0.03, 0.46, 0.00, 4.03, 0.97, 1.77, 0.00, 0.00, 0.00, 0.00, 1.00, 1.00, 1.00, 1.00, 1.00, 1.00, 0.00, 0.00, 0.00, 0.00, 1.00, 1.00, 0.00, 1.00
2730,  0,  45.483,  0.98,  1, 0.00, 0.00, 0.44, 0.00, 3.73, 2.08, 0.27, 2.47, 3.43, 1.64, 0.20, 0.03, 0.55, 0.00, 4.02, 1.19, 1.74, 0.00, 0.00, 0.00, 0.00, 1.00, 1.00, 1.00, 1.00, 1.00, 1.00, 0.00, 0.00, 0.00, 0.00, 1.00, 1.00, 0.00, 1.00
2731,  0,  45.500,  0.98,  1, 0.00, 0.00, 0.38, 0.00, 3.75, 1.96, 0.25, 2.42, 3.44, 1.84, 0.54, 0.00, 0.56, 0.00, 3.89, 1.16, 1.64, 0.00, 0.00, 0.00, 0.00, 1.00, 1.00, 1.00, 1.00, 1.00, 1.00, 0.00, 0.00, 0.00, 0.00, 1.00, 1.00, 0.00, 1.00
2732,  0,  45.517,  0.98,  1, 0.00, 0.00, 0.26, 0.00, 3.68, 2.00, 0.09, 2.30, 3.46, 1.68, 0.84, 0.04, 0.45, 0.00, 3.84, 1.01, 1.49, 0.00, 0.00, 0.00, 0.00, 1.00, 1.00, 1.00, 1.00, 1.00, 1.00, 0.00, 0.00, 0.00, 0.00, 1.00, 1.00, 0.00, 1.00
2733,  0,  45.533,  0.98,  1, 0.00, 0.00, 0.32, 0.00, 3.69, 2.03, 0.09, 2.33, 3.48, 1.56, 0.92, 0.15, 0.30, 0.00, 3.78, 0.86, 1.21, 0.00, 0.00, 0.00, 0.00, 1.00, 1.00, 1.00, 1.00, 1.00, 1.00, 0.00, 0.00, 0.00, 0.00, 1.00, 1.00, 0.00, 1.00
2734,  0,  45.550,  0.98,  1, 0.00, 0.00, 0.39, 0.00, 3.73, 2.11, 0.01, 2.38, 3.56, 1.47, 0.70, 0.15, 0.34, 0.00, 3.94, 0.83, 1.12, 0.00, 0.00, 0.00, 0.00, 1.00, 1.00, 1.00, 1.00, 1.00, 1.00, 0.00, 0.00, 0.00, 0.00, 1.00, 1.00, 0.00, 1.00
2735,  0,  45.567,  0.98,  1, 0.00, 0.00, 0.51, 0.00, 3.76, 1.99, 0.09, 2.47, 3.56, 1.78, 0.36, 0.21, 0.34, 0.00, 4.02, 0.97, 1.05, 0.00, 0.00, 0.00, 0.00, 1.00, 1.00, 1.00, 1.00, 1.00, 1.00, 0.00, 0.00, 0.00, 0.00, 1.00, 1.00, 0.00, 1.00
2736,  0,  45.583,  0.98,  1, 0.00, 0.00, 0.58, 0.00, 3.73, 2.04, 0.12, 2.54, 3.56, 1.81, 0.30, 0.10, 0.32, 0.00, 4.07, 0.77, 1.24, 0.00, 0.00, 0.00, 0.00, 1.00, 1.00, 1.00, 1.00, 1.00, 1.00, 0.00, 0.00, 0.00, 0.00, 1.00, 1.00, 0.00, 1.00
2737,  0,  45.600,  0.98,  1, 0.00, 0.00, 0.55, 0.00, 3.73, 1.85, 0.12, 2.56, 3.56, 1.83, 0.24, 0.10, 0.15, 0.00, 4.07, 0.85, 1.00, 0.00, 0.00, 0.00, 0.00, 1.00, 1.00, 1.00, 1.00, 1.00, 1.00, 0.00, 0.00, 0.00, 0.00, 1.00, 1.00, 0.00, 1.00
2738,  0,  45.617,  0.98,  1, 0.00, 0.00, 0.64, 0.02, 3.77, 1.89, 0.04, 2.65, 3.53, 1.71, 0.31, 0.00, 0.20, 0.00, 4.10, 0.78, 0.99, 0.00, 0.00, 0.00, 0.00, 1.00, 1.00, 1.00, 1.00, 1.00, 1.00, 0.00, 0.00, 0.00, 0.00, 1.00, 1.00, 0.00, 1.00
2739,  0,  45.633,  0.98,  1, 0.00, 0.00, 0.56, 0.02, 3.85, 1.88, 0.01, 2.72, 3.55, 1.77, 0.21, 0.00, 0.31, 0.00, 4.00, 0.92, 0.95, 0.00, 0.00, 0.00, 0.00, 1.00, 1.00, 1.00, 1.00, 1.00, 1.00, 0.00, 0.00, 0.00, 0.00, 1.00, 1.00, 0.00, 1.00
2740,  0,  45.650,  0.98,  1, 0.00, 0.00, 0.61, 0.02, 3.83, 2.03, 0.07, 2.76, 3.49, 1.78, 0.17, 0.00, 0.36, 0.00, 4.03, 0.91, 1.23, 0.00, 0.00, 0.00, 0.00, 1.00, 1.00, 1.00, 1.00, 1.00, 1.00, 0.00, 0.00, 0.00, 0.00, 1.00, 1.00, 0.00, 1.00
2741,  0,  45.667,  0.98,  1, 0.00, 0.00, 0.60, 0.00, 3.83, 2.15, 0.11, 2.77, 3.54, 1.82, 0.27, 0.02, 0.26, 0.00, 4.00, 1.00, 0.97, 0.00, 0.00, 0.00, 0.00, 1.00, 1.00, 1.00, 1.00, 1.00, 1.00, 0.00, 0.00, 0.00, 0.00, 1.00, 1.00, 0.00, 1.00
2742,  0,  45.683,  0.98,  1, 0.00, 0.00, 0.63, 0.00, 3.80, 2.17, 0.19, 2.74, 3.59, 1.75, 0.44, 0.02, 0.12, 0.00, 4.04, 1.05, 0.79, 0.00, 0.00, 0.00, 0.00, 1.00, 1.00, 1.00, 1.00, 1.00, 1.00, 0.00, 0.00, 0.00, 0.00, 1.00, 1.00, 0.00, 1.00
2743,  0,  45.700,  0.98,  1, 0.00, 0.00, 0.63, 0.00, 3.88, 2.26, 0.13, 2.75, 3.73, 1.83, 0.35, 0.05, 0.17, 0.00, 4.22, 1.01, 0.56, 0.00, 0.00, 0.00, 0.00, 1.00, 1.00, 1.00, 1.00, 1.00, 1.00, 0.00, 0.00, 0.00, 0.00, 1.00, 1.00, 0.00, 1.00
2744,  0,  45.717,  0.98,  1, 0.00, 0.00, 0.65, 0.00, 3.93, 2.22, 0.17, 2.80, 3.78, 1.87, 0.18, 0.02, 0.22, 0.00, 4.16, 0.79, 0.64, 0.00, 0.00, 0.00, 0.00, 1.00, 1.00, 1.00, 1.00, 1.00, 1.00, 0.00, 0.00, 0.00, 0.00, 1.00, 1.00, 0.00, 1.00
2745,  0,  45.733,  0.98,  1, 0.00, 0.00, 0.68, 0.00, 3.99, 2.44, 0.09, 2.79, 3.73, 1.87, 0.06, 0.09, 0.24, 0.00, 4.08, 0.73, 0.46, 0.00, 0.00, 0.00, 0.00, 1.00, 1.00, 1.00, 1.00, 1.00, 1.00, 0.00, 0.00, 0.00, 0.00, 1.00, 1.00, 0.00, 1.00
2746,  0,  45.750,  0.98,  1, 0.00, 0.00, 0.74, 0.00, 3.96, 2.53, 0.20, 2.88, 3.80, 1.72, 0.07, 0.07, 0.13, 0.00, 3.97, 0.80, 0.50, 0.00, 0.00, 0.00, 0.00, 1.00, 1.00, 1.00, 1.00, 1.00, 1.00, 0.00, 0.00, 0.00, 0.00, 1.00, 1.00, 0.00, 1.00
2747,  0,  45.767,  0.98,  1, 0.00, 0.00, 0.59, 0.00, 3.88, 2.60, 0.21, 2.88, 3.82, 1.64, 0.07, 0.07, 0.07, 0.00, 3.95, 0.83, 0.50, 0.00, 0.00, 0.00, 0.00, 1.00, 1.00, 1.00, 1.00, 1.00, 1.00, 0.00, 0.00, 0.00, 0.00, 1.00, 1.00, 0.00, 1.00
2748,  0,  45.783,  0.98,  1, 0.00, 0.00, 0.56, 0.00, 3.88, 2.41, 0.23, 2.92, 3.91, 1.75, 0.01, 0.13, 0.05, 0.00, 4.04, 0.89, 0.65, 0.00, 0.00, 0.00, 0.00, 1.00, 1.00, 1.00, 1.00, 1.00, 1.00, 0.00, 0.00, 0.00, 0.00, 1.00, 1.00, 0.00, 1.00
2749,  0,  45.800,  0.98,  1, 0.00, 0.00, 0.35, 0.00, 3.84, 2.20, 0.12, 2.87, 3.85, 2.01, 0.00, 0.19, 0.16, 0.00, 4.05, 0.76, 0.72, 0.00, 0.00, 0.00, 0.00, 1.00, 1.00, 1.00, 1.00, 1.00, 1.00, 0.00, 0.00, 0.00, 0.00, 1.00, 1.00, 0.00, 1.00
2750,  0,  45.817,  0.98,  1, 0.00, 0.00, 0.36, 0.00, 3.76, 1.61, 0.02, 2.82, 3.88, 2.10, 0.08, 0.29, 0.15, 0.00, 4.08, 0.79, 1.05, 0.00, 0.00, 0.00, 0.00, 1.00, 1.00, 1.00, 1.00, 1.00, 1.00, 0.00, 0.00, 0.00, 0.00, 1.00, 1.00, 0.00, 1.00
2751,  0,  45.833,  0.98,  1, 0.00, 0.00, 0.35, 0.00, 3.64, 1.21, 0.00, 2.92, 3.95, 2.12, 0.14, 0.16, 0.17, 0.00, 4.17, 0.68, 1.22, 0.00, 0.00, 0.00, 0.00, 1.00, 1.00, 1.00, 1.00, 1.00, 1.00, 0.00, 0.00, 0.00, 0.00, 1.00, 1.00, 0.00, 1.00
2752,  0,  45.850,  0.98,  1, 0.00, 0.00, 0.36, 0.00, 3.64, 0.89, 0.00, 3.02, 4.03, 2.02, 0.14, 0.10, 0.02, 0.00, 4.15, 0.60, 1.43, 0.00, 0.00, 0.00, 0.00, 1.00, 1.00, 1.00, 1.00, 1.00, 1.00, 0.00, 0.00, 0.00, 0.00, 1.00, 1.00, 0.00, 1.00
2753,  0,  45.867,  0.98,  1, 0.00, 0.00, 0.52, 0.00, 3.69, 1.07, 0.05, 3.02, 4.01, 1.90, 0.06, 0.14, 0.02, 0.00, 4.23, 0.56, 1.35, 0.00, 0.00, 0.00, 0.00, 1.00, 1.00, 1.00, 1.00, 1.00, 1.00, 0.00, 0.00, 0.00, 0.00, 1.00, 1.00, 0.00, 1.00
2754,  0,  45.883,  0.98,  1, 0.00, 0.00, 0.57, 0.00, 3.79, 1.32, 0.08, 2.94, 3.98, 1.77, 0.00, 0.21, 0.03, 0.00, 4.12, 0.49, 1.29, 0.00, 0.00, 0.00, 0.00, 1.00, 1.00, 1.00, 1.00, 1.00, 1.00, 0.00, 0.00, 0.00, 0.00, 1.00, 1.00, 0.00, 1.00
2755,  0,  45.900,  0.98,  1, 0.00, 0.00, 0.56, 0.00, 3.79, 1.58, 0.08, 2.97, 4.02, 1.68, 0.00, 0.21, 0.03, 0.00, 4.09, 0.44, 0.96, 0.00, 0.00, 0.00, 0.00, 1.00, 1.00, 1.00, 1.00, 1.00, 1.00, 0.00, 0.00, 0.00, 0.00, 1.00, 1.00, 0.00, 1.00
2756,  0,  45.917,  0.98,  1, 0.00, 0.00, 0.66, 0.00, 3.88, 1.71, 0.08, 3.15, 4.01, 1.67, 0.00, 0.17, 0.03, 0.00, 4.01, 0.32, 0.69, 0.00, 0.00, 0.00, 0.00, 1.00, 1.00, 1.00, 1.00, 1.00, 1.00, 0.00, 0.00, 0.00, 0.00, 1.00, 1.00, 0.00, 1.00
2757,  0,  45.933,  0.98,  1, 0.00, 0.00, 0.94, 0.00, 3.91, 2.01, 0.08, 3.25, 4.02, 1.63, 0.02, 0.19, 0.00, 0.00, 4.06, 0.23, 0.51, 0.00, 0.00, 0.00, 0.00, 1.00, 1.00, 1.00, 1.00, 1.00, 1.00, 0.00, 0.00, 0.00, 0.00, 1.00, 1.00, 0.00, 1.00
2758,  0,  45.950,  0.98,  1, 0.00, 0.00, 1.01, 0.00, 4.02, 2.07, 0.15, 3.16, 3.97, 1.73, 0.02, 0.27, 0.00, 0.00, 3.94, 0.28, 0.31, 0.00, 0.00, 0.00, 0.00, 1.00, 1.00, 1.00, 1.00, 1.00, 1.00, 0.00, 0.00, 0.00, 0.00, 1.00, 1.00, 0.00, 1.00
2759,  0,  45.967,  0.98,  1, 0.00, 0.00, 0.93, 0.00, 4.06, 2.36, 0.19, 3.03, 4.03, 1.70, 0.03, 0.17, 0.00, 0.00, 3.88, 0.31, 0.16, 0.00, 0.00, 0.00, 0.00, 1.00, 1.00, 1.00, 1.00, 1.00, 1.00, 0.00, 0.00, 0.00, 0.00, 1.00, 1.00, 0.00, 1.00
2760,  0,  45.983,  0.98,  1, 0.00, 0.00, 1.02, 0.00, 4.17, 2.48, 0.33, 3.00, 4.04, 2.01, 0.01, 0.09, 0.00, 0.00, 3.73, 0.27, 0.03, 0.00, 0.00, 0.00, 0.00, 1.00, 1.00, 1.00, 1.00, 1.00, 1.00, 0.00, 0.00, 0.00, 0.00, 1.00, 1.00, 0.00, 1.00
2761,  0,  46.000,  0.98,  1, 0.00, 0.00, 1.20, 0.00, 4.17, 2.61, 0.34, 3.01, 4.02, 1.97, 0.01, 0.02, 0.00, 0.00, 3.77, 0.14, 0.03, 0.00, 0.00, 0.00, 0.00, 1.00, 1.00, 1.00, 1.00, 1.00, 1.00, 0.00, 0.00, 0.00, 0.00, 1.00, 1.00, 0.00, 1.00
2762,  0,  46.017,  0.98,  1, 0.00, 0.00, 1.15, 0.00, 4.16, 2.50, 0.29, 3.02, 4.03, 2.06, 0.00, 0.03, 0.00, 0.00, 3.80, 0.18, 0.03, 0.00, 0.00, 0.00, 0.00, 1.00, 1.00, 1.00, 1.00, 1.00, 1.00, 0.00, 0.00, 0.00, 0.00, 1.00, 1.00, 0.00, 1.00
2763,  0,  46.033,  0.98,  1, 0.00, 0.00, 0.98, 0.00, 4.12, 2.52, 0.21, 2.94, 3.98, 1.94, 0.00, 0.02, 0.00, 0.00, 3.83, 0.15, 0.07, 0.00, 0.00, 0.00, 0.00, 1.00, 1.00, 1.00, 1.00, 1.00, 1.00, 0.00, 0.00, 0.00, 0.00, 1.00, 1.00, 0.00, 1.00
2764,  0,  46.050,  0.98,  1, 0.00, 0.00, 0.98, 0.00, 4.08, 2.50, 0.25, 2.95, 3.94, 1.93, 0.00, 0.00, 0.00, 0.00, 3.84, 0.19, 0.09, 0.00, 0.00, 0.00, 0.00, 1.00, 1.00, 1.00, 1.00, 1.00, 1.00, 0.00, 0.00, 0.00, 0.00, 1.00, 1.00, 0.00, 1.00
2765,  0,  46.067,  0.98,  1, 0.00, 0.00, 1.02, 0.00, 4.08, 2.54, 0.20, 3.01, 3.94, 2.04, 0.00, 0.00, 0.00, 0.00, 3.97, 0.16, 0.09, 0.00, 0.00, 0.00, 0.00, 1.00, 1.00, 1.00, 1.00, 1.00, 1.00, 0.00, 0.00, 0.00, 0.00, 1.00, 1.00, 0.00, 1.00
2766,  0,  46.083,  0.98,  1, 0.00, 0.00, 0.96, 0.00, 4.03, 2.38, 0.18, 3.06, 3.96, 2.01, 0.05, 0.00, 0.00, 0.00, 4.06, 0.21, 0.02, 0.00, 0.00, 0.00, 0.00, 1.00, 1.00, 1.00, 1.00, 1.00, 1.00, 0.00, 0.00, 0.00, 0.00, 1.00, 1.00, 0.00, 1.00
2767,  0,  46.100,  0.98,  1, 0.00, 0.00, 0.94, 0.00, 4.01, 2.32, 0.07, 3.03, 4.10, 2.04, 0.05, 0.01, 0.00, 0.00, 3.98, 0.17, 0.00, 0.00, 0.00, 0.00, 0.00, 1.00, 1.00, 1.00, 1.00, 1.00, 1.00, 0.00, 0.00, 0.00, 0.00, 1.00, 1.00, 0.00, 1.00
2768,  0,  46.117,  0.98,  1, 0.00, 0.00, 0.94, 0.00, 3.97, 2.26, 0.09, 2.99, 4.01, 1.85, 0.07, 0.01, 0.00, 0.00, 3.87, 0.12, 0.01, 0.00, 0.00, 0.00, 0.00, 1.00, 1.00, 1.00, 1.00, 1.00, 1.00, 0.00, 0.00, 0.00, 0.00, 1.00, 1.00, 0.00, 1.00
2769,  0,  46.133,  0.98,  1, 0.00, 0.00, 0.97, 0.00, 3.97, 2.27, 0.07, 3.08, 4.01, 1.82, 0.10, 0.02, 0.00, 0.00, 3.96, 0.12, 0.01, 0.00, 0.00, 0.00, 0.00, 1.00, 1.00, 1.00, 1.00, 1.00, 1.00, 0.00, 0.00, 0.00, 0.00, 1.00, 1.00, 0.00, 1.00
2770,  0,  46.150,  0.98,  1, 0.00, 0.00, 1.00, 0.00, 4.07, 2.44, 0.07, 3.11, 4.00, 1.75, 0.10, 0.00, 0.00, 0.00, 4.06, 0.25, 0.01, 0.00, 0.00, 0.00, 0.00, 1.00, 1.00, 1.00, 1.00, 1.00, 1.00, 0.00, 0.00, 0.00, 0.00, 1.00, 1.00, 0.00, 1.00
2771,  0,  46.167,  0.98,  1, 0.00, 0.00, 1.04, 0.00, 4.15, 2.58, 0.11, 3.12, 4.06, 1.85, 0.08, 0.01, 0.00, 0.00, 3.97, 0.20, 0.00, 0.00, 0.00, 0.00, 0.00, 1.00, 1.00, 1.00, 1.00, 1.00, 1.00, 0.00, 0.00, 0.00, 0.00, 1.00, 1.00, 0.00, 1.00
2772,  0,  46.183,  0.98,  1, 0.00, 0.00, 0.98, 0.01, 4.19, 2.64, 0.08, 3.05, 4.06, 1.90, 0.01, 0.06, 0.00, 0.00, 3.82, 0.19, 0.00, 0.00, 0.00, 0.00, 0.00, 1.00, 1.00, 1.00, 1.00, 1.00, 1.00, 0.00, 0.00, 0.00, 0.00, 1.00, 1.00, 0.00, 1.00
2773,  0,  46.200,  0.98,  1, 0.00, 0.00, 0.95, 0.01, 4.15, 2.63, 0.08, 3.07, 3.98, 1.97, 0.00, 0.21, 0.00, 0.00, 3.63, 0.09, 0.00, 0.00, 0.00, 0.00, 0.00, 1.00, 1.00, 1.00, 1.00, 1.00, 1.00, 0.00, 0.00, 0.00, 0.00, 1.00, 1.00, 0.00, 1.00
2774,  0,  46.217,  0.98,  1, 0.00, 0.00, 0.85, 0.01, 4.13, 2.62, 0.04, 2.94, 3.96, 2.01, 0.00, 0.22, 0.00, 0.00, 3.76, 0.18, 0.00, 0.00, 0.00, 0.00, 0.00, 1.00, 1.00, 1.00, 1.00, 1.00, 1.00, 0.00, 0.00, 0.00, 0.00, 1.00, 1.00, 0.00, 1.00
2775,  0,  46.233,  0.98,  1, 0.00, 0.00, 1.00, 0.00, 4.11, 2.54, 0.04, 2.94, 3.97, 1.96, 0.00, 0.31, 0.00, 0.00, 3.75, 0.22, 0.00, 0.00, 0.00, 0.00, 0.00, 1.00, 1.00, 1.00, 1.00, 1.00, 1.00, 0.00, 0.00, 0.00, 0.00, 1.00, 1.00, 0.00, 0.00
2776,  0,  46.250,  0.98,  1, 0.00, 0.00, 1.05, 0.00, 4.12, 2.41, 0.06, 2.79, 3.91, 1.86, 0.00, 0.27, 0.00, 0.00, 3.93, 0.30, 0.00, 0.00, 0.00, 0.00, 0.00, 1.00, 1.00, 1.00, 1.00, 1.00, 1.00, 0.00, 0.00, 0.00, 0.00, 1.00, 1.00, 0.00, 0.00
2777,  0,  46.267,  0.98,  1, 0.00, 0.00, 0.97, 0.00, 4.06, 2.41, 0.06, 3.01, 3.96, 1.73, 0.00, 0.33, 0.00, 0.00, 3.94, 0.26, 0.00, 0.00, 0.00, 0.00, 0.00, 1.00, 1.00, 1.00, 1.00, 1.00, 1.00, 0.00, 0.00, 0.00, 0.00, 1.00, 1.00, 0.00, 0.00
2778,  0,  46.283,  0.98,  1, 0.00, 0.00, 0.83, 0.00, 4.03, 2.40, 0.09, 2.99, 3.94, 1.71, 0.00, 0.20, 0.01, 0.00, 3.96, 0.22, 0.00, 0.00, 0.00, 0.00, 0.00, 1.00, 1.00, 1.00, 1.00, 1.00, 1.00, 0.00, 0.00, 0.00, 0.00, 1.00, 1.00, 0.00, 0.00
2779,  0,  46.300,  0.98,  1, 0.00, 0.00, 0.88, 0.00, 4.06, 2.74, 0.13, 3.18, 4.02, 1.75, 0.01, 0.23, 0.01, 0.00, 3.87, 0.18, 0.00, 0.00, 0.00, 0.00, 0.00, 1.00, 1.00, 1.00, 1.00, 1.00, 1.00, 0.00, 0.00, 0.00, 0.00, 1.00, 1.00, 0.00, 0.00
2780,  0,  46.317,  0.98,  1, 0.00, 0.00, 1.07, 0.00, 4.07, 2.62, 0.12, 3.10, 4.01, 1.66, 0.01, 0.16, 0.01, 0.00, 3.81, 0.12, 0.08, 0.00, 0.00, 0.00, 0.00, 1.00, 1.00, 1.00, 1.00, 1.00, 1.00, 0.00, 0.00, 0.00, 0.00, 1.00, 1.00, 0.00, 1.00
2781,  0,  46.333,  0.98,  1, 0.00, 0.00, 1.08, 0.00, 4.10, 2.45, 0.09, 3.15, 4.13, 1.66, 0.05, 0.14, 0.00, 0.00, 3.81, 0.20, 0.14, 0.00, 0.00, 0.00, 0.00, 1.00, 1.00, 1.00, 1.00, 1.00, 1.00, 0.00, 0.00, 0.00, 0.00, 1.00, 1.00, 0.00, 1.00
2782,  0,  46.350,  0.98,  1, 0.00, 0.00, 0.88, 0.00, 3.85, 1.72, 0.00, 3.03, 4.14, 1.74, 0.10, 0.03, 0.00, 0.00, 3.80, 0.13, 0.51, 0.00, 0.00, 0.00, 0.00, 1.00, 1.00, 1.00, 1.00, 1.00, 1.00, 0.00, 0.00, 0.00, 0.00, 1.00, 1.00, 0.00, 1.00
2783,  0,  46.367,  0.98,  1, 0.00, 0.00, 0.54, 0.00, 3.78, 1.28, 0.00, 3.09, 4.18, 1.81, 0.10, 0.03, 0.00, 0.00, 3.78, 0.13, 0.74, 0.00, 0.00, 0.00, 0.00, 1.00, 1.00, 1.00, 1.00, 1.00, 1.00, 0.00, 0.00, 0.00, 0.00, 1.00, 1.00, 0.00, 1.00
2784,  0,  46.383,  0.98,  1, 0.00, 0.00, 0.36, 0.00, 3.61, 1.04, 0.00, 3.10, 4.10, 1.83, 0.07, 0.06, 0.00, 0.00, 3.79, 0.01, 1.27, 0.00, 0.00, 0.00, 0.00, 1.00, 1.00, 1.00, 1.00, 1.00, 1.00, 0.00, 0.00, 0.00, 0.00, 1.00, 1.00, 0.00, 1.00
2785,  0,  46.400,  0.98,  1, 0.00, 0.00, 0.33, 0.00, 3.67, 0.99, 0.00, 3.15, 4.12, 1.78, 0.00, 0.04, 0.00, 0.00, 3.87, 0.01, 1.35, 0.00, 0.00, 0.00, 0.00, 1.00, 1.00, 1.00, 1.00, 1.00, 1.00, 0.00, 0.00, 0.00, 0.00, 1.00, 1.00, 0.00, 1.00
2786,  0,  46.417,  0.98,  1, 0.00, 0.00, 0.62, 0.00, 3.70, 1.08, 0.00, 3.16, 4.12, 1.90, 0.00, 0.04, 0.00, 0.00, 3.87, 0.01, 1.55, 0.00, 0.00, 0.00, 0.00, 1.00, 1.00, 1.00, 1.00, 1.00, 1.00, 0.00, 0.00, 0.00, 0.00, 1.00, 1.00, 0.00, 1.00
2787,  0,  46.433,  0.98,  1, 0.00, 0.00, 0.74, 0.00, 3.80, 1.30, 0.00, 3.16, 4.09, 1.95, 0.00, 0.01, 0.00, 0.00, 3.92, 0.00, 1.45, 0.00, 0.00, 0.00, 0.00, 1.00, 1.00, 1.00, 1.00, 1.00, 1.00, 0.00, 0.00, 0.00, 0.00, 1.00, 1.00, 0.00, 1.00
2788,  0,  46.450,  0.98,  1, 0.00, 0.00, 0.82, 0.00, 3.91, 1.49, 0.00, 3.13, 4.06, 1.93, 0.00, 0.01, 0.00, 0.00, 3.89, 0.00, 1.38, 0.00, 0.00, 0.00, 0.00, 1.00, 1.00, 1.00, 1.00, 1.00, 1.00, 0.00, 0.00, 0.00, 0.00, 1.00, 1.00, 0.00, 1.00
2789,  0,  46.467,  0.98,  1, 0.00, 0.00, 0.85, 0.00, 3.93, 1.72, 0.00, 3.07, 4.01, 1.80, 0.00, 0.02, 0.00, 0.00, 3.97, 0.00, 1.14, 0.00, 0.00, 0.00, 0.00, 1.00, 1.00, 1.00, 1.00, 1.00, 1.00, 0.00, 0.00, 0.00, 0.00, 1.00, 1.00, 0.00, 1.00
2790,  0,  46.483,  0.98,  1, 0.00, 0.00, 0.96, 0.00, 4.00, 1.58, 0.10, 3.08, 4.07, 1.74, 0.00, 0.02, 0.00, 0.00, 3.94, 0.20, 0.87, 0.00, 0.00, 0.00, 0.00, 1.00, 1.00, 1.00, 1.00, 1.00, 1.00, 0.00, 0.00, 0.00, 0.00, 1.00, 1.00, 0.00, 1.00
2791,  0,  46.500,  0.98,  1, 0.00, 0.00, 1.05, 0.00, 4.01, 1.76, 0.22, 3.09, 4.09, 1.69, 0.00, 0.09, 0.00, 0.00, 3.94, 0.20, 0.68, 0.00, 0.00, 0.00, 0.00, 1.00, 1.00, 1.00, 1.00, 1.00, 1.00, 0.00, 0.00, 0.00, 0.00, 1.00, 1.00, 0.00, 1.00
2792,  0,  46.517,  0.98,  1, 0.00, 0.00, 1.07, 0.00, 4.07, 1.85, 0.29, 3.12, 4.13, 1.68, 0.04, 0.07, 0.00, 0.00, 3.91, 0.30, 0.69, 0.00, 0.00, 0.00, 0.00, 1.00, 1.00, 1.00, 1.00, 1.00, 1.00, 0.00, 0.00, 0.00, 0.00, 1.00, 1.00, 0.00, 1.00
2793,  0,  46.533,  0.98,  1, 0.00, 0.00, 1.15, 0.00, 4.10, 2.17, 0.25, 3.21, 4.09, 1.65, 0.04, 0.07, 0.00, 0.00, 3.99, 0.11, 0.75, 0.00, 0.00, 0.00, 0.00, 1.00, 1.00, 1.00, 1.00, 1.00, 1.00, 0.00, 0.00, 0.00, 0.00, 1.00, 1.00, 0.00, 1.00
2794,  0,  46.550,  0.98,  1, 0.00, 0.00, 1.11, 0.00, 4.11, 2.26, 0.21, 3.30, 4.10, 1.66, 0.05, 0.07, 0.00, 0.00, 3.91, 0.11, 0.76, 0.00, 0.00, 0.00, 0.00, 1.00, 1.00, 1.00, 1.00, 1.00, 1.00, 0.00, 0.00, 0.00, 0.00, 1.00, 1.00, 0.00, 1.00
2795,  0,  46.567,  0.98,  1, 0.00, 0.00, 1.08, 0.00, 4.12, 2.32, 0.24, 3.24, 4.13, 1.79, 0.05, 0.07, 0.00, 0.00, 3.86, 0.07, 0.61, 0.00, 0.00, 0.00, 0.00, 1.00, 1.00, 1.00, 1.00, 1.00, 1.00, 0.00, 0.00, 0.00, 0.00, 1.00, 1.00, 0.00, 1.00
2796,  0,  46.583,  0.98,  1, 0.00, 0.00, 0.83, 0.00, 4.05, 2.27, 0.34, 3.07, 4.18, 1.65, 0.05, 0.07, 0.00, 0.00, 3.69, 0.07, 0.52, 0.00, 0.00, 0.00, 0.00, 1.00, 1.00, 1.00, 1.00, 1.00, 1.00, 0.00, 0.00, 0.00, 0.00, 1.00, 1.00, 0.00, 1.00
2797,  0,  46.600,  0.98,  1, 0.00, 0.00, 0.90, 0.00, 4.04, 2.44, 0.38, 3.12, 4.15, 1.69, 0.04, 0.00, 0.00, 0.00, 3.68, 0.07, 0.38, 0.00, 0.00, 0.00, 0.00, 1.00, 1.00, 1.00, 1.00, 1.00, 1.00, 0.00, 0.00, 0.00, 0.00, 1.00, 1.00, 0.00, 1.00
2798,  0,  46.617,  0.98,  1, 0.00, 0.00, 1.04, 0.00, 4.06, 2.56, 0.34, 3.15, 4.12, 1.66, 0.01, 0.07, 0.00, 0.00, 3.61, 0.00, 0.38, 0.00, 0.00, 0.00, 0.00, 1.00, 1.00, 1.00, 1.00, 1.00, 1.00, 0.00, 0.00, 0.00, 0.00, 1.00, 1.00, 0.00, 1.00
2799,  0,  46.633,  0.98,  1, 0.00, 0.00, 1.27, 0.00, 4.12, 2.46, 0.25, 3.23, 4.05, 1.87, 0.03, 0.09, 0.00, 0.00, 3.62, 0.04, 0.23, 0.00, 0.00, 0.00, 0.00, 1.00, 1.00, 1.00, 1.00, 1.00, 1.00, 0.00, 0.00, 0.00, 0.00, 1.00, 1.00, 0.00, 1.00
2800,  0,  46.650,  0.98,  1, 0.00, 0.00, 1.21, 0.00, 4.14, 2.25, 0.22, 3.16, 4.06, 1.88, 0.02, 0.15, 0.00, 0.00, 3.66, 0.04, 0.19, 0.00, 0.00, 0.00, 0.00, 1.00, 1.00, 1.00, 1.00, 1.00, 1.00, 0.00, 0.00, 0.00, 0.00, 1.00, 1.00, 0.00, 1.00
2801,  0,  46.667,  0.98,  1, 0.00, 0.00, 1.04, 0.00, 4.06, 2.06, 0.17, 3.21, 4.03, 1.93, 0.04, 0.27, 0.00, 0.00, 3.62, 0.07, 0.16, 0.00, 0.00, 0.00, 0.00, 1.00, 1.00, 1.00, 1.00, 1.00, 1.00, 0.00, 0.00, 0.00, 0.00, 1.00, 1.00, 0.00, 1.00
2802,  0,  46.683,  0.98,  1, 0.00, 0.00, 0.86, 0.00, 4.05, 2.02, 0.18, 3.23, 4.03, 2.00, 0.02, 0.25, 0.00, 0.00, 3.56, 0.03, 0.20, 0.00, 0.00, 0.00, 0.00, 1.00, 1.00, 1.00, 1.00, 1.00, 1.00, 0.00, 0.00, 0.00, 0.00, 1.00, 1.00, 0.00, 1.00
2803,  0,  46.700,  0.98,  1, 0.00, 0.00, 0.85, 0.00, 3.99, 2.00, 0.08, 3.17, 4.03, 1.96, 0.02, 0.18, 0.00, 0.00, 3.62, 0.08, 0.22, 0.00, 0.00, 0.00, 0.00, 1.00, 1.00, 1.00, 1.00, 1.00, 1.00, 0.00, 0.00, 0.00, 0.00, 1.00, 1.00, 0.00, 1.00
2804,  0,  46.717,  0.98,  1, 0.00, 0.00, 0.91, 0.00, 4.10, 2.15, 0.08, 3.20, 4.08, 1.89, 0.00, 0.00, 0.00, 0.00, 3.88, 0.05, 0.27, 0.00, 0.00, 0.00, 0.00, 1.00, 1.00, 1.00, 1.00, 1.00, 1.00, 0.00, 0.00, 0.00, 0.00, 1.00, 1.00, 0.00, 1.00
2805,  0,  46.733,  0.98,  1, 0.00, 0.00, 1.04, 0.00, 4.07, 2.24, 0.00, 3.23, 4.08, 1.80, 0.07, 0.01, 0.00, 0.00, 4.02, 0.05, 0.34, 0.00, 0.00, 0.00, 0.00, 1.00, 1.00, 1.00, 1.00, 1.00, 1.00, 0.00, 0.00, 0.00, 0.00, 1.00, 1.00, 0.00, 1.00
2806,  0,  46.750,  0.98,  1, 0.00, 0.00, 1.10, 0.00, 4.07, 2.22, 0.06, 3.23, 4.08, 1.84, 0.07, 0.01, 0.00, 0.00, 4.06, 0.07, 0.33, 0.00, 0.00, 0.00, 0.00, 1.00, 1.00, 1.00, 1.00, 1.00, 1.00, 0.00, 0.00, 0.00, 0.00, 1.00, 1.00, 0.00, 1.00
2807,  0,  46.767,  0.98,  1, 0.00, 0.00, 1.21, 0.00, 4.03, 2.17, 0.15, 3.15, 4.03, 1.77, 0.07, 0.01, 0.00, 0.00, 3.85, 0.07, 0.28, 0.00, 0.00, 0.00, 0.00, 1.00, 1.00, 1.00, 1.00, 1.00, 1.00, 0.00, 0.00, 0.00, 0.00, 1.00, 1.00, 0.00, 1.00
2808,  0,  46.783,  0.98,  1, 0.00, 0.00, 1.23, 0.00, 4.10, 2.36, 0.15, 3.12, 4.07, 1.81, 0.00, 0.00, 0.00, 0.00, 3.86, 0.07, 0.37, 0.00, 0.00, 0.00, 0.00, 1.00, 1.00, 1.00, 1.00, 1.00, 1.00, 0.00, 0.00, 0.00, 0.00, 1.00, 1.00, 0.00, 1.00
2809,  0,  46.800,  0.98,  1, 0.00, 0.00, 1.17, 0.00, 4.11, 2.37, 0.18, 3.26, 4.10, 1.80, 0.00, 0.06, 0.00, 0.00, 3.79, 0.02, 0.52, 0.00, 0.00, 0.00, 0.00, 1.00, 1.00, 1.00, 1.00, 1.00, 1.00, 0.00, 0.00, 0.00, 0.00, 1.00, 1.00, 0.00, 1.00
2810,  0,  46.817,  0.98,  1, 0.00, 0.00, 1.01, 0.00, 4.12, 2.56, 0.11, 3.31, 4.14, 1.88, 0.00, 0.06, 0.00, 0.00, 3.88, 0.02, 0.44, 0.00, 0.00, 0.00, 0.00, 1.00, 1.00, 1.00, 1.00, 1.00, 1.00, 0.00, 0.00, 0.00, 0.00, 1.00, 1.00, 0.00, 1.00
2811,  0,  46.833,  0.98,  1, 0.00, 0.00, 1.01, 0.00, 4.07, 2.31, 0.16, 3.36, 4.13, 1.90, 0.00, 0.06, 0.00, 0.00, 3.72, 0.02, 0.34, 0.00, 0.00, 0.00, 0.00, 1.00, 1.00, 1.00, 1.00, 1.00, 1.00, 0.00, 0.00, 0.00, 0.00, 1.00, 1.00, 0.00, 1.00
2812,  0,  46.850,  0.98,  1, 0.00, 0.00, 1.02, 0.00, 4.08, 2.46, 0.11, 3.21, 4.07, 1.83, 0.00, 0.04, 0.00, 0.00, 3.72, 0.00, 0.23, 0.00, 0.00, 0.00, 0.00, 1.00, 1.00, 1.00, 1.00, 1.00, 1.00, 0.00, 0.00, 0.00, 0.00, 1.00, 1.00, 0.00, 1.00
2813,  0,  46.867,  0.98,  1, 0.00, 0.00, 1.17, 0.00, 4.06, 2.23, 0.14, 3.16, 4.02, 1.83, 0.00, 0.05, 0.00, 0.00, 3.57, 0.00, 0.24, 0.00, 0.00, 0.00, 0.00, 1.00, 1.00, 1.00, 1.00, 1.00, 1.00, 0.00, 0.00, 0.00, 0.00, 1.00, 1.00, 0.00, 1.00
2814,  0,  46.883,  0.98,  1, 0.00, 0.00, 1.12, 0.00, 4.12, 2.41, 0.12, 3.11, 4.00, 1.65, 0.04, 0.12, 0.00, 0.00, 3.73, 0.00, 0.18, 0.00, 0.00, 0.00, 0.00, 1.00, 1.00, 1.00, 1.00, 1.00, 1.00, 0.00, 0.00, 0.00, 0.00, 1.00, 1.00, 0.00, 1.00
2815,  0,  46.900,  0.98,  1, 0.00, 0.00, 1.27, 0.00, 4.18, 2.51, 0.12, 3.11, 3.98, 1.77, 0.04, 0.10, 0.00, 0.00, 3.78, 0.00, 0.23, 0.00, 0.00, 0.00, 0.00, 1.00, 1.00, 1.00, 1.00, 1.00, 1.00, 0.00, 0.00, 0.00, 0.00, 1.00, 1.00, 0.00, 1.00
2816,  0,  46.917,  0.98,  1, 0.00, 0.00, 1.18, 0.00, 4.15, 2.62, 0.15, 3.13, 3.99, 1.71, 0.04, 0.09, 0.00, 0.00, 3.79, 0.01, 0.42, 0.00, 0.00, 0.00, 0.00, 1.00, 1.00, 1.00, 1.00, 1.00, 1.00, 0.00, 0.00, 0.00, 0.00, 1.00, 1.00, 0.00, 1.00
2817,  0,  46.933,  0.98,  1, 0.00, 0.00, 1.16, 0.00, 4.12, 2.61, 0.21, 3.04, 3.99, 1.91, 0.00, 0.02, 0.00, 0.00, 3.76, 0.10, 0.44, 0.00, 0.00, 0.00, 0.00, 1.00, 1.00, 1.00, 1.00, 1.00, 1.00, 0.00, 0.00, 0.00, 0.00, 1.00, 1.00, 0.00, 1.00
2818,  0,  46.950,  0.98,  1, 0.00, 0.00, 1.05, 0.00, 4.07, 2.55, 0.18, 3.15, 4.01, 1.88, 0.00, 0.07, 0.00, 0.00, 3.77, 0.10, 0.32, 0.00, 0.00, 0.00, 0.00, 1.00, 1.00, 1.00, 1.00, 1.00, 1.00, 0.00, 0.00, 0.00, 0.00, 1.00, 1.00, 0.00, 1.00
2819,  0,  46.967,  0.98,  1, 0.00, 0.00, 1.06, 0.00, 4.12, 2.30, 0.19, 3.11, 4.04, 1.93, 0.00, 0.07, 0.00, 0.00, 3.81, 0.09, 0.19, 0.00, 0.00, 0.00, 0.00, 1.00, 1.00, 1.00, 1.00, 1.00, 1.00, 0.00, 0.00, 0.00, 0.00, 1.00, 1.00, 0.00, 1.00
2820,  0,  46.983,  0.98,  1, 0.00, 0.00, 1.09, 0.00, 4.14, 2.16, 0.15, 3.22, 4.07, 1.78, 0.00, 0.12, 0.00, 0.00, 3.94, 0.09, 0.27, 0.00, 0.00, 0.00, 0.00, 1.00, 1.00, 1.00, 1.00, 1.00, 1.00, 0.00, 0.00, 0.00, 0.00, 1.00, 1.00, 0.00, 1.00
2821,  0,  47.000,  0.98,  1, 0.00, 0.00, 1.10, 0.00, 4.20, 2.11, 0.22, 3.15, 4.09, 1.72, 0.05, 0.07, 0.00, 0.00, 3.88, 0.09, 0.43, 0.00, 0.00, 0.00, 0.00, 1.00, 1.00, 1.00, 1.00, 1.00, 1.00, 0.00, 0.00, 0.00, 0.00, 1.00, 1.00, 0.00, 1.00
2822,  0,  47.017,  0.98,  1, 0.00, 0.00, 1.18, 0.00, 4.19, 2.41, 0.23, 3.07, 4.05, 1.62, 0.06, 0.11, 0.00, 0.00, 3.83, 0.09, 0.47, 0.00, 0.00, 0.00, 0.00, 1.00, 1.00, 1.00, 1.00, 1.00, 1.00, 0.00, 0.00, 0.00, 0.00, 1.00, 1.00, 0.00, 1.00
2823,  0,  47.033,  0.98,  1, 0.00, 0.00, 1.23, 0.00, 4.22, 2.66, 0.31, 2.87, 4.01, 1.62, 0.18, 0.14, 0.00, 0.00, 3.70, 0.11, 0.28, 0.00, 0.00, 0.00, 0.00, 1.00, 1.00, 1.00, 1.00, 1.00, 1.00, 0.00, 0.00, 0.00, 0.00, 1.00, 1.00, 0.00, 1.00
2824,  0,  47.050,  0.98,  1, 0.00, 0.00, 1.31, 0.00, 4.27, 2.73, 0.34, 2.90, 4.01, 1.56, 0.14, 0.14, 0.00, 0.00, 3.64, 0.12, 0.12, 0.00, 0.00, 0.00, 0.00, 1.00, 1.00, 1.00, 1.00, 1.00, 1.00, 0.00, 0.00, 0.00, 0.00, 1.00, 1.00, 0.00, 1.00
2825,  0,  47.067,  0.98,  1, 0.00, 0.00, 1.42, 0.00, 4.35, 2.76, 0.32, 2.91, 4.03, 1.73, 0.12, 0.16, 0.00, 0.00, 3.71, 0.12, 0.15, 0.00, 0.00, 0.00, 0.00, 1.00, 1.00, 1.00, 1.00, 1.00, 1.00, 0.00, 0.00, 0.00, 0.00, 1.00, 1.00, 0.00, 1.00
2826,  0,  47.083,  0.98,  1, 0.00, 0.00, 1.50, 0.00, 4.28, 2.75, 0.32, 3.02, 4.00, 1.82, 0.00, 0.08, 0.00, 0.00, 3.72, 0.00, 0.23, 0.00, 0.00, 0.00, 0.00, 1.00, 1.00, 1.00, 1.00, 1.00, 1.00, 0.00, 0.00, 0.00, 0.00, 1.00, 1.00, 0.00, 1.00
2827,  0,  47.100,  0.98,  1, 0.00, 0.00, 1.28, 0.00, 4.13, 2.35, 0.23, 2.95, 4.02, 1.94, 0.00, 0.06, 0.00, 0.00, 3.84, 0.00, 0.60, 0.00, 0.00, 0.00, 0.00, 1.00, 1.00, 1.00, 1.00, 1.00, 1.00, 0.00, 0.00, 0.00, 0.00, 1.00, 1.00, 0.00, 1.00
2828,  0,  47.117,  0.98,  1, 0.00, 0.00, 0.80, 0.00, 3.90, 1.54, 0.16, 2.92, 4.01, 1.95, 0.00, 0.00, 0.00, 0.00, 3.94, 0.00, 0.99, 0.00, 0.00, 0.00, 0.00, 1.00, 1.00, 1.00, 1.00, 1.00, 1.00, 0.00, 0.00, 0.00, 0.00, 1.00, 1.00, 0.00, 1.00
2829,  0,  47.133,  0.98,  1, 0.00, 0.00, 0.59, 0.00, 3.75, 1.17, 0.01, 3.05, 4.13, 2.07, 0.00, 0.00, 0.00, 0.00, 3.91, 0.00, 1.27, 0.00, 0.00, 0.00, 0.00, 1.00, 1.00, 1.00, 1.00, 1.00, 1.00, 0.00, 0.00, 0.00, 0.00, 1.00, 1.00, 0.00, 1.00
2830,  0,  47.150,  0.98,  1, 0.00, 0.00, 0.56, 0.00, 3.65, 0.90, 0.00, 3.04, 4.09, 2.20, 0.00, 0.00, 0.00, 0.00, 3.93, 0.00, 1.30, 0.00, 0.00, 0.00, 0.00, 1.00, 1.00, 1.00, 1.00, 1.00, 1.00, 0.00, 0.00, 0.00, 0.00, 1.00, 1.00, 0.00, 1.00
2831,  0,  47.167,  0.98,  1, 0.00, 0.00, 0.80, 0.00, 3.68, 1.22, 0.04, 3.21, 4.06, 2.16, 0.00, 0.00, 0.00, 0.00, 3.78, 0.00, 1.00, 0.00, 0.00, 0.00, 0.00, 1.00, 1.00, 1.00, 1.00, 1.00, 1.00, 0.00, 0.00, 0.00, 0.00, 1.00, 1.00, 0.00, 1.00
2832,  0,  47.183,  0.98,  1, 0.00, 0.00, 0.90, 0.00, 3.75, 1.13, 0.04, 3.03, 3.96, 2.01, 0.00, 0.00, 0.00, 0.00, 3.91, 0.00, 0.85, 0.00, 0.00, 0.00, 0.00, 1.00, 1.00, 1.00, 1.00, 1.00, 1.00, 0.00, 0.00, 0.00, 0.00, 1.00, 1.00, 0.00, 1.00
2833,  0,  47.200,  0.98,  1, 0.00, 0.00, 1.08, 0.00, 3.83, 1.36, 0.04, 3.02, 3.98, 1.84, 0.04, 0.00, 0.00, 0.00, 3.87, 0.05, 0.66, 0.00, 0.00, 0.00, 0.00, 1.00, 1.00, 1.00, 1.00, 1.00, 1.00, 0.00, 0.00, 0.00, 0.00, 1.00, 1.00, 0.00, 1.00
2834,  0,  47.217,  0.98,  1, 0.00, 0.00, 0.98, 0.00, 3.90, 1.62, 0.00, 2.95, 3.98, 1.80, 0.04, 0.00, 0.00, 0.00, 4.13, 0.09, 0.53, 0.00, 0.00, 0.00, 0.00, 1.00, 1.00, 1.00, 1.00, 1.00, 1.00, 0.00, 0.00, 0.00, 0.00, 1.00, 1.00, 0.00, 1.00
2835,  0,  47.233,  0.98,  1, 0.00, 0.00, 1.01, 0.00, 4.02, 1.80, 0.07, 3.00, 3.99, 1.68, 0.04, 0.00, 0.00, 0.00, 4.00, 0.09, 0.40, 0.00, 0.00, 0.00, 0.00, 1.00, 1.00, 1.00, 1.00, 1.00, 1.00, 0.00, 0.00, 0.00, 0.00, 1.00, 1.00, 0.00, 1.00
2836,  0,  47.250,  0.98,  1, 0.00, 0.00, 1.06, 0.00, 4.12, 2.41, 0.20, 3.03, 3.98, 1.62, 0.03, 0.02, 0.00, 0.00, 3.93, 0.17, 0.19, 0.00, 0.00, 0.00, 0.00, 1.00, 1.00, 1.00, 1.00, 1.00, 1.00, 0.00, 0.00, 0.00, 0.00, 1.00, 1.00, 0.00, 1.00
2837,  0,  47.267,  0.98,  1, 0.00, 0.00, 1.26, 0.00, 4.18, 2.51, 0.23, 3.01, 4.04, 1.67, 0.03, 0.03, 0.00, 0.00, 3.74, 0.15, 0.24, 0.00, 0.00, 1.00, 0.00, 1.00, 1.00, 1.00, 1.00, 1.00, 1.00, 0.00, 0.00, 0.00, 0.00, 1.00, 1.00, 0.00, 1.00
2838,  0,  47.283,  0.98,  1, 0.00, 0.00, 1.29, 0.00, 4.16, 2.77, 0.25, 3.07, 4.03, 1.79, 0.03, 0.06, 0.00, 0.00, 3.74, 0.16, 0.25, 0.00, 0.00, 1.00, 0.00, 1.00, 1.00, 1.00, 1.00, 1.00, 1.00, 0.00, 0.00, 0.00, 0.00, 1.00, 1.00, 0.00, 1.00
2839,  0,  47.300,  0.98,  1, 0.00, 0.00, 1.33, 0.00, 4.13, 2.51, 0.27, 3.10, 4.01, 1.76, 0.00, 0.04, 0.00, 0.00, 3.69, 0.08, 0.25, 0.00, 0.00, 1.00, 0.00, 1.00, 1.00, 1.00, 1.00, 1.00, 1.00, 0.00, 0.00, 0.00, 0.00, 1.00, 1.00, 0.00, 1.00
2840,  0,  47.317,  0.98,  1, 0.00, 0.00, 1.14, 0.00, 4.10, 2.59, 0.24, 3.06, 3.92, 1.64, 0.00, 0.04, 0.00, 0.00, 3.69, 0.08, 0.09, 0.00, 0.00, 1.00, 0.00, 1.00, 1.00, 1.00, 1.00, 1.00, 1.00, 0.00, 0.00, 0.00, 0.00, 1.00, 1.00, 0.00, 1.00
2841,  0,  47.333,  0.98,  1, 0.00, 0.00, 1.08, 0.00, 4.17, 2.75, 0.31, 3.05, 3.92, 1.50, 0.00, 0.10, 0.00, 0.00, 3.72, 0.13, 0.01, 0.00, 0.00, 1.00, 0.00, 1.00, 1.00, 1.00, 1.00, 1.00, 1.00, 0.00, 0.00, 0.00, 0.00, 1.00, 1.00, 0.00, 1.00
2842,  0,  47.350,  0.98,  1, 0.00, 0.00, 1.00, 0.00, 4.23, 2.91, 0.29, 2.94, 3.92, 1.54, 0.00, 0.10, 0.00, 0.00, 3.80, 0.08, 0.01, 0.00, 0.00, 0.00, 0.00, 1.00, 1.00, 1.00, 1.00, 1.00, 1.00, 0.00, 0.00, 0.00, 0.00, 1.00, 1.00, 0.00, 1.00
2843,  0,  47.367,  0.98,  1, 0.00, 0.00, 1.11, 0.00, 4.32, 2.90, 0.38, 3.04, 3.92, 1.59, 0.00, 0.10, 0.00, 0.00, 3.76, 0.09, 0.01, 0.00, 0.00, 0.00, 0.00, 1.00, 1.00, 1.00, 1.00, 1.00, 1.00, 0.00, 0.00, 0.00, 0.00, 1.00, 1.00, 0.00, 1.00
2844,  0,  47.383,  0.98,  1, 0.00, 0.00, 1.05, 0.00, 4.23, 2.65, 0.33, 2.98, 3.92, 1.55, 0.00, 0.03, 0.00, 0.00, 3.71, 0.03, 0.00, 0.00, 0.00, 0.00, 0.00, 1.00, 1.00, 1.00, 1.00, 1.00, 1.00, 0.00, 0.00, 0.00, 0.00, 1.00, 1.00, 0.00, 1.00
2845,  0,  47.400,  0.98,  1, 0.00, 0.00, 0.99, 0.00, 4.19, 2.56, 0.26, 3.07, 3.97, 1.60, 0.00, 0.03, 0.00, 0.00, 3.76, 0.06, 0.00, 0.00, 0.00, 0.00, 0.00, 1.00, 1.00, 1.00, 1.00, 1.00, 1.00, 0.00, 0.00, 0.00, 0.00, 1.00, 1.00, 0.00, 1.00
2846,  0,  47.417,  0.98,  1, 0.00, 0.00, 0.86, 0.00, 4.06, 2.36, 0.21, 3.07, 3.96, 1.54, 0.00, 0.05, 0.00, 0.00, 3.87, 0.14, 0.00, 0.00, 0.00, 0.00, 0.00, 1.00, 1.00, 1.00, 1.00, 1.00, 1.00, 0.00, 0.00, 0.00, 0.00, 1.00, 1.00, 0.00, 1.00
2847,  0,  47.433,  0.98,  1, 0.00, 0.00, 0.90, 0.00, 4.15, 2.30, 0.23, 3.22, 3.97, 1.71, 0.11, 0.06, 0.00, 0.00, 3.80, 0.14, 0.00, 0.00, 0.00, 0.00, 0.00, 1.00, 1.00, 1.00, 1.00, 1.00, 1.00, 0.00, 0.00, 0.00, 0.00, 1.00, 1.00, 0.00, 1.00
2848,  0,  47.450,  0.98,  1, 0.00, 0.00, 0.85, 0.00, 4.14, 2.35, 0.20, 3.25, 3.96, 1.47, 0.19, 0.06, 0.00, 0.00, 3.85, 0.11, 0.00, 0.00, 0.00, 0.00, 0.00, 1.00, 1.00, 1.00, 1.00, 1.00, 1.00, 0.00, 0.00, 0.00, 0.00, 1.00, 1.00, 0.00, 1.00
2849,  0,  47.467,  0.98,  1, 0.00, 0.00, 1.05, 0.00, 4.22, 2.36, 0.25, 3.26, 4.03, 1.55, 0.20, 0.04, 0.00, 0.00, 3.84, 0.00, 0.00, 0.00, 0.00, 0.00, 0.00, 1.00, 1.00, 1.00, 1.00, 1.00, 1.00, 0.00, 0.00, 0.00, 0.00, 1.00, 1.00, 0.00, 1.00
2850,  0,  47.483,  0.98,  1, 0.00, 0.00, 1.17, 0.00, 4.19, 2.47, 0.19, 3.16, 4.05, 1.48, 0.10, 0.03, 0.00, 0.00, 3.90, 0.00, 0.05, 0.00, 0.00, 0.00, 0.00, 1.00, 1.00, 1.00, 1.00, 1.00, 1.00, 0.00, 0.00, 0.00, 0.00, 1.00, 1.00, 0.00, 0.00
2851,  0,  47.500,  0.98,  1, 0.00, 0.00, 1.24, 0.00, 4.18, 2.38, 0.22, 3.13, 3.98, 1.72, 0.02, 0.03, 0.00, 0.00, 3.73, 0.00, 0.05, 0.00, 0.00, 0.00, 0.00, 1.00, 1.00, 1.00, 1.00, 1.00, 1.00, 0.00, 0.00, 0.00, 0.00, 1.00, 1.00, 0.00, 0.00
2852,  0,  47.517,  0.98,  1, 0.00, 0.00, 1.18, 0.00, 4.11, 2.58, 0.25, 3.04, 3.89, 1.70, 0.03, 0.03, 0.00, 0.00, 3.60, 0.00, 0.05, 0.00, 0.00, 0.00, 0.00, 1.00, 1.00, 1.00, 1.00, 1.00, 1.00, 0.00, 0.00, 0.00, 0.00, 1.00, 1.00, 0.00, 0.00
2853,  0,  47.533,  0.98,  1, 0.00, 0.00, 1.02, 0.00, 4.12, 2.42, 0.26, 3.08, 3.85, 1.62, 0.03, 0.00, 0.00, 0.00, 3.53, 0.00, 0.00, 0.00, 0.00, 0.00, 0.00, 1.00, 1.00, 1.00, 1.00, 1.00, 1.00, 0.00, 0.00, 0.00, 0.00, 1.00, 1.00, 0.00, 0.00
2854,  0,  47.550,  0.98,  1, 0.00, 0.00, 1.02, 0.01, 4.08, 2.43, 0.28, 3.05, 3.87, 1.47, 0.08, 0.00, 0.00, 0.00, 3.62, 0.03, 0.00, 0.00, 0.00, 0.00, 0.00, 1.00, 1.00, 1.00, 1.00, 1.00, 1.00, 0.00, 0.00, 0.00, 0.00, 1.00, 1.00, 0.00, 0.00
2855,  0,  47.567,  0.98,  1, 0.00, 0.00, 0.98, 0.01, 4.08, 2.44, 0.27, 3.18, 3.85, 1.50, 0.05, 0.00, 0.00, 0.00, 3.71, 0.03, 0.00, 0.00, 0.00, 0.00, 0.00, 1.00, 1.00, 1.00, 1.00, 1.00, 1.00, 0.00, 0.00, 0.00, 0.00, 1.00, 1.00, 0.00, 0.00
2856,  0,  47.583,  0.98,  1, 0.00, 0.00, 1.09, 0.01, 4.06, 2.47, 0.27, 3.12, 3.85, 1.65, 0.05, 0.00, 0.00, 0.00, 3.73, 0.03, 0.00, 0.00, 0.00, 0.00, 0.00, 1.00, 1.00, 1.00, 1.00, 1.00, 1.00, 0.00, 0.00, 0.00, 0.00, 1.00, 1.00, 0.00, 0.00
2857,  0,  47.600,  0.98,  1, 0.00, 0.00, 1.00, 0.00, 4.05, 2.39, 0.20, 3.17, 3.81, 1.80, 0.00, 0.00, 0.00, 0.00, 3.61, 0.00, 0.00, 0.00, 0.00, 0.00, 0.00, 1.00, 1.00, 1.00, 1.00, 1.00, 1.00, 0.00, 0.00, 0.00, 0.00, 1.00, 1.00, 0.00, 0.00
2858,  0,  47.617,  0.98,  1, 0.00, 0.00, 1.05, 0.00, 4.10, 2.37, 0.13, 3.14, 3.84, 1.70, 0.00, 0.00, 0.00, 0.00, 3.49, 0.00, 0.00, 0.00, 0.00, 0.00, 0.00, 1.00, 1.00, 1.00, 1.00, 1.00, 1.00, 0.00, 0.00, 0.00, 0.00, 1.00, 1.00, 0.00, 0.00
2859,  0,  47.633,  0.98,  1, 0.00, 0.00, 1.21, 0.00, 4.06, 2.33, 0.12, 3.07, 3.85, 1.62, 0.00, 0.02, 0.00, 0.00, 3.45, 0.00, 0.00, 0.00, 0.00, 1.00, 0.00, 1.00, 1.00, 1.00, 1.00, 1.00, 1.00, 0.00, 0.00, 0.00, 0.00, 1.00, 1.00, 0.00, 0.00
2860,  0,  47.650,  0.98,  1, 0.00, 0.00, 1.39, 0.00, 4.06, 2.50, 0.15, 3.13, 3.89, 1.52, 0.21, 0.05, 0.00, 0.00, 3.48, 0.00, 0.00, 0.00, 0.00, 1.00, 0.00, 1.00, 1.00, 1.00, 1.00, 1.00, 1.00, 0.00, 0.00, 0.00, 0.00, 1.00, 1.00, 0.00, 0.00
2861,  0,  47.667,  0.98,  1, 0.00, 0.00, 1.61, 0.00, 4.04, 2.23, 0.22, 3.12, 3.86, 1.62, 0.22, 0.08, 0.00, 0.00, 3.44, 0.00, 0.00, 0.00, 0.00, 1.00, 0.00, 1.00, 1.00, 1.00, 1.00, 1.00, 1.00, 0.00, 0.00, 0.00, 0.00, 1.00, 1.00, 0.00, 0.00
2862,  0,  47.683,  0.98,  1, 0.00, 0.00, 1.36, 0.00, 4.00, 2.17, 0.26, 3.31, 3.83, 1.71, 0.22, 0.06, 0.00, 0.00, 3.52, 0.00, 0.00, 0.00, 0.00, 1.00, 0.00, 1.00, 1.00, 1.00, 1.00, 1.00, 1.00, 0.00, 0.00, 0.00, 0.00, 1.00, 1.00, 0.00, 0.00
2863,  0,  47.700,  0.98,  1, 0.00, 0.00, 1.32, 0.00, 4.00, 2.13, 0.30, 3.26, 3.85, 1.66, 0.00, 0.03, 0.00, 0.00, 3.51, 0.03, 0.00, 0.00, 0.00, 1.00, 0.00, 1.00, 1.00, 1.00, 1.00, 1.00, 1.00, 0.00, 0.00, 0.00, 0.00, 1.00, 1.00, 0.00, 0.00
2864,  0,  47.717,  0.98,  1, 0.00, 0.00, 1.16, 0.00, 3.98, 2.26, 0.22, 3.13, 3.83, 1.57, 0.03, 0.06, 0.00, 0.00, 3.58, 0.03, 0.00, 0.00, 0.00, 1.00, 0.00, 1.00, 1.00, 1.00, 1.00, 1.00, 1.00, 0.00, 0.00, 0.00, 0.00, 1.00, 1.00, 0.00, 0.00
2865,  0,  47.733,  0.98,  1, 0.00, 0.00, 1.28, 0.00, 4.06, 2.36, 0.26, 3.09, 3.79, 1.51, 0.03, 0.06, 0.00, 0.00, 3.55, 0.03, 0.00, 0.00, 0.00, 1.00, 0.00, 1.00, 1.00, 1.00, 1.00, 1.00, 1.00, 0.00, 0.00, 0.00, 0.00, 1.00, 1.00, 0.00, 0.00
2866,  0,  47.750,  0.98,  1, 0.00, 0.00, 1.26, 0.00, 4.10, 2.43, 0.29, 3.07, 3.75, 1.60, 0.03, 0.06, 0.00, 0.00, 3.60, 0.00, 0.00, 0.00, 0.00, 1.00, 0.00, 1.00, 1.00, 1.00, 1.00, 1.00, 1.00, 0.00, 0.00, 0.00, 0.00, 1.00, 1.00, 0.00, 0.00
2867,  0,  47.767,  0.98,  1, 0.00, 0.00, 1.40, 0.00, 4.16, 2.59, 0.37, 3.18, 3.82, 1.68, 0.01, 0.00, 0.00, 0.00, 3.70, 0.00, 0.00, 0.00, 0.00, 1.00, 0.00, 1.00, 1.00, 1.00, 1.00, 1.00, 1.00, 0.00, 0.00, 0.00, 0.00, 1.00, 1.00, 0.00, 0.00
2868,  0,  47.783,  0.98,  1, 0.00, 0.00, 1.25, 0.00, 4.16, 2.61, 0.36, 3.09, 3.87, 1.61, 0.01, 0.00, 0.00, 0.00, 3.71, 0.00, 0.00, 0.00, 0.00, 0.00, 0.00, 1.00, 1.00, 1.00, 1.00, 1.00, 1.00, 0.00, 0.00, 0.00, 0.00, 1.00, 0.00, 0.00, 1.00
2869,  0,  47.800,  0.98,  1, 0.00, 0.00, 1.16, 0.00, 4.15, 2.30, 0.32, 3.10, 3.97, 1.57, 0.01, 0.03, 0.00, 0.00, 3.76, 0.00, 0.20, 0.00, 0.00, 0.00, 0.00, 1.00, 1.00, 1.00, 1.00, 1.00, 1.00, 0.00, 0.00, 0.00, 0.00, 1.00, 0.00, 0.00, 1.00
2870,  0,  47.817,  0.98,  1, 0.00, 0.00, 1.03, 0.00, 4.00, 2.07, 0.28, 3.03, 3.94, 1.52, 0.00, 0.03, 0.00, 0.00, 3.66, 0.00, 0.44, 0.00, 0.00, 0.00, 0.00, 1.00, 1.00, 1.00, 1.00, 1.00, 1.00, 0.00, 0.00, 0.00, 0.00, 1.00, 0.00, 0.00, 1.00
2871,  0,  47.833,  0.98,  1, 0.00, 0.00, 1.03, 0.00, 3.89, 1.79, 0.19, 3.06, 4.00, 1.62, 0.00, 0.03, 0.00, 0.00, 3.62, 0.00, 0.68, 0.00, 0.00, 0.00, 0.00, 1.00, 1.00, 1.00, 1.00, 1.00, 1.00, 0.00, 0.00, 0.00, 0.00, 1.00, 0.00, 0.00, 1.00
2872,  0,  47.850,  0.98,  1, 0.00, 0.00, 1.20, 0.00, 3.86, 1.75, 0.28, 3.07, 3.92, 1.74, 0.00, 0.11, 0.00, 0.00, 3.44, 0.00, 0.62, 0.00, 0.00, 0.00, 0.00, 1.00, 1.00, 1.00, 1.00, 1.00, 1.00, 0.00, 0.00, 0.00, 0.00, 1.00, 0.00, 0.00, 1.00
2873,  0,  47.867,  0.98,  1, 0.00, 0.00, 1.18, 0.00, 4.00, 1.85, 0.33, 3.17, 4.01, 1.74, 0.01, 0.11, 0.00, 0.00, 3.36, 0.00, 0.56, 0.00, 0.00, 0.00, 0.00, 1.00, 1.00, 1.00, 1.00, 1.00, 1.00, 0.00, 0.00, 0.00, 0.00, 1.00, 0.00, 0.00, 1.00
2874,  0,  47.883,  0.98,  1, 0.00, 0.00, 1.17, 0.00, 4.02, 1.99, 0.29, 3.21, 4.00, 1.65, 0.01, 0.11, 0.00, 0.00, 3.45, 0.00, 0.72, 0.00, 0.00, 0.00, 0.00, 1.00, 1.00, 1.00, 1.00, 1.00, 1.00, 0.00, 0.00, 0.00, 0.00, 1.00, 0.00, 0.00, 1.00
2875,  0,  47.900,  0.98,  1, 0.00, 0.00, 0.92, 0.00, 3.93, 1.64, 0.13, 3.14, 4.13, 1.59, 0.01, 0.00, 0.00, 0.00, 3.55, 0.00, 0.91, 0.00, 0.00, 0.00, 0.00, 1.00, 1.00, 1.00, 1.00, 1.00, 1.00, 0.00, 0.00, 0.00, 0.00, 1.00, 0.00, 0.00, 1.00
2876,  0,  47.917,  0.98,  1, 0.00, 0.00, 0.79, 0.00, 3.72, 1.28, 0.05, 3.19, 4.09, 1.64, 0.03, 0.09, 0.00, 0.00, 3.69, 0.00, 1.29, 0.00, 0.00, 0.00, 0.00, 1.00, 1.00, 1.00, 1.00, 1.00, 1.00, 0.00, 0.00, 0.00, 0.00, 1.00, 0.00, 0.00, 1.00
2877,  0,  47.933,  0.98,  1, 0.00, 0.00, 0.78, 0.00, 3.55, 0.85, 0.12, 3.14, 4.10, 1.56, 0.03, 0.09, 0.00, 0.00, 3.82, 0.00, 1.43, 0.00, 0.00, 0.00, 0.00, 1.00, 1.00, 1.00, 1.00, 1.00, 1.00, 0.00, 0.00, 0.00, 0.00, 1.00, 0.00, 0.00, 1.00
2878,  0,  47.950,  0.98,  1, 0.00, 0.00, 0.89, 0.00, 3.46, 0.71, 0.12, 3.14, 4.04, 1.55, 0.03, 0.09, 0.00, 0.00, 3.86, 0.00, 1.68, 0.00, 0.00, 0.00, 0.00, 1.00, 1.00, 1.00, 1.00, 1.00, 1.00, 0.00, 0.00, 0.00, 0.00, 1.00, 0.00, 0.00, 1.00
2879,  0,  47.967,  0.98,  1, 0.00, 0.00, 0.94, 0.00, 3.50, 0.53, 0.07, 3.02, 4.04, 1.56, 0.00, 0.04, 0.00, 0.00, 3.75, 0.00, 1.64, 0.00, 0.00, 0.00, 0.00, 1.00, 1.00, 1.00, 1.00, 1.00, 1.00, 0.00, 0.00, 0.00, 0.00, 1.00, 0.00, 0.00, 1.00
2880,  0,  47.983,  0.98,  1, 0.00, 0.00, 0.93, 0.00, 3.53, 0.53, 0.00, 3.04, 4.01, 1.67, 0.00, 0.05, 0.00, 0.00, 3.55, 0.00, 1.50, 0.00, 0.00, 0.00, 0.00, 1.00, 1.00, 1.00, 1.00, 1.00, 1.00, 0.00, 0.00, 0.00, 0.00, 1.00, 0.00, 0.00, 1.00
2881,  0,  48.000,  0.98,  1, 0.00, 0.00, 0.75, 0.00, 3.52, 0.65, 0.00, 3.09, 3.99, 1.57, 0.05, 0.05, 0.00, 0.00, 3.29, 0.00, 1.15, 0.00, 0.00, 0.00, 0.00, 1.00, 1.00, 1.00, 1.00, 1.00, 1.00, 0.00, 0.00, 0.00, 0.00, 1.00, 0.00, 0.00, 1.00
2882,  0,  48.017,  0.98,  1, 0.00, 0.00, 0.77, 0.00, 3.49, 0.78, 0.02, 2.94, 3.91, 1.52, 0.13, 0.14, 0.00, 0.00, 3.28, 0.00, 0.89, 0.00, 0.00, 0.00, 0.00, 1.00, 1.00, 1.00, 1.00, 1.00, 1.00, 0.00, 0.00, 0.00, 0.00, 1.00, 0.00, 0.00, 1.00
2883,  0,  48.033,  0.98,  1, 0.00, 0.00, 0.95, 0.00, 3.58, 1.47, 0.16, 2.88, 3.90, 1.43, 0.13, 0.14, 0.00, 0.00, 3.32, 0.00, 0.65, 0.00, 0.00, 0.00, 0.00, 1.00, 1.00, 1.00, 1.00, 1.00, 1.00, 0.00, 0.00, 0.00, 0.00, 1.00, 0.00, 0.00, 1.00
2884,  0,  48.050,  0.98,  1, 0.00, 0.00, 1.12, 0.00, 3.77, 1.79, 0.22, 2.93, 3.77, 1.65, 0.08, 0.14, 0.00, 0.00, 3.37, 0.00, 0.64, 0.00, 0.00, 0.00, 0.00, 1.00, 1.00, 1.00, 1.00, 1.00, 1.00, 0.00, 0.00, 0.00, 0.00, 1.00, 0.00, 0.00, 1.00
2885,  0,  48.067,  0.98,  1, 0.00, 0.00, 1.27, 0.00, 3.81, 2.08, 0.40, 3.11, 3.76, 1.63, 0.09, 0.05, 0.00, 0.00, 3.37, 0.00, 0.65, 0.00, 0.00, 0.00, 0.00, 1.00, 1.00, 1.00, 1.00, 1.00, 1.00, 0.00, 0.00, 0.00, 0.00, 1.00, 0.00, 0.00, 1.00
2886,  0,  48.083,  0.98,  1, 0.00, 0.00, 1.17, 0.00, 3.86, 1.80, 0.32, 3.10, 3.72, 1.59, 0.18, 0.12, 0.00, 0.00, 3.19, 0.00, 0.64, 0.00, 0.00, 1.00, 0.00, 1.00, 1.00, 1.00, 1.00, 1.00, 1.00, 0.00, 0.00, 0.00, 0.00, 1.00, 0.00, 0.00, 1.00
2887,  0,  48.100,  0.98,  1, 0.00, 0.00, 1.26, 0.00, 3.79, 1.92, 0.39, 3.05, 3.82, 1.47, 0.26, 0.28, 0.00, 0.00, 3.20, 0.00, 0.56, 0.00, 0.00, 1.00, 0.00, 1.00, 1.00, 1.00, 1.00, 1.00, 1.00, 0.00, 0.00, 0.00, 0.00, 1.00, 0.00, 0.00, 1.00
2888,  0,  48.117,  0.98,  1, 0.00, 0.00, 1.25, 0.00, 3.84, 2.23, 0.35, 3.05, 3.82, 1.46, 0.18, 0.25, 0.00, 0.00, 3.29, 0.00, 0.45, 0.00, 0.00, 1.00, 0.00, 1.00, 1.00, 1.00, 1.00, 1.00, 1.00, 0.00, 0.00, 0.00, 0.00, 1.00, 0.00, 0.00, 1.00
2889,  0,  48.133,  0.98,  1, 0.00, 0.00, 1.32, 0.00, 3.84, 2.44, 0.41, 3.06, 3.77, 1.60, 0.26, 0.30, 0.00, 0.00, 3.44, 0.00, 0.41, 0.00, 0.00, 1.00, 0.00, 1.00, 1.00, 1.00, 1.00, 1.00, 1.00, 0.00, 0.00, 0.00, 0.00, 1.00, 0.00, 0.00, 1.00
2890,  0,  48.150,  0.98,  1, 0.00, 0.00, 1.44, 0.00, 3.82, 2.42, 0.47, 3.12, 3.68, 1.64, 0.18, 0.14, 0.00, 0.00, 3.52, 0.00, 0.43, 0.00, 0.00, 1.00, 0.00, 1.00, 1.00, 1.00, 1.00, 1.00, 1.00, 0.00, 0.00, 0.00, 0.00, 1.00, 0.00, 0.00, 1.00
2891,  0,  48.167,  0.98,  1, 0.00, 0.00, 1.44, 0.00, 3.78, 2.05, 0.45, 3.13, 3.63, 1.56, 0.26, 0.14, 0.00, 0.00, 3.40, 0.00, 0.32, 0.00, 0.00, 1.00, 0.00, 1.00, 1.00, 1.00, 1.00, 1.00, 1.00, 0.00, 0.00, 0.00, 0.00, 1.00, 0.00, 0.00, 1.00
2892,  0,  48.183,  0.98,  1, 0.00, 0.00, 1.45, 0.00, 3.81, 2.00, 0.47, 3.14, 3.60, 1.52, 0.20, 0.16, 0.00, 0.00, 3.32, 0.00, 0.22, 0.00, 0.00, 1.00, 0.00, 1.00, 1.00, 1.00, 1.00, 1.00, 1.00, 0.00, 0.00, 0.00, 0.00, 1.00, 0.00, 0.00, 1.00
2893,  0,  48.200,  0.98,  1, 0.00, 0.00, 1.43, 0.00, 3.88, 2.03, 0.51, 3.09, 3.57, 1.57, 0.27, 0.19, 0.02, 0.00, 3.20, 0.00, 0.13, 0.00, 0.00, 1.00, 0.00, 1.00, 1.00, 1.00, 1.00, 1.00, 1.00, 0.00, 0.00, 0.00, 0.00, 1.00, 0.00, 0.00, 1.00
2894,  0,  48.217,  0.98,  1, 0.00, 0.00, 1.37, 0.00, 3.89, 2.10, 0.64, 2.94, 3.59, 1.64, 0.22, 0.30, 0.02, 0.00, 3.12, 0.00, 0.09, 0.00, 0.00, 1.00, 0.00, 1.00, 1.00, 1.00, 1.00, 1.00, 1.00, 0.00, 0.00, 0.00, 0.00, 1.00, 0.00, 0.00, 1.00
2895,  0,  48.233,  0.98,  1, 0.00, 0.00, 1.27, 0.00, 3.75, 2.07, 0.63, 2.86, 3.61, 1.61, 0.22, 0.21, 0.02, 0.00, 3.07, 0.00, 0.09, 0.00, 0.00, 1.00, 0.00, 1.00, 1.00, 1.00, 1.00, 1.00, 1.00, 0.00, 0.00, 0.00, 0.00, 1.00, 0.00, 0.00, 1.00
2896,  0,  48.250,  0.98,  1, 0.00, 0.00, 1.07, 0.10, 3.70, 2.25, 0.54, 2.90, 3.63, 1.40, 0.21, 0.29, 0.00, 0.00, 3.02, 0.00, 0.02, 0.00, 0.00, 1.00, 0.00, 1.00, 1.00, 1.00, 1.00, 1.00, 1.00, 0.00, 0.00, 0.00, 0.00, 1.00, 0.00, 0.00, 1.00
2897,  0,  48.267,  0.98,  1, 0.00, 0.00, 1.13, 0.10, 3.68, 2.29, 0.42, 2.84, 3.62, 1.35, 0.20, 0.24, 0.00, 0.00, 3.06, 0.00, 0.02, 0.00, 0.00, 1.00, 0.00, 1.00, 1.00, 1.00, 1.00, 1.00, 1.00, 0.00, 0.00, 0.00, 0.00, 1.00, 0.00, 0.00, 1.00
2898,  0,  48.283,  0.98,  1, 0.00, 0.00, 1.28, 0.10, 3.74, 2.45, 0.47, 2.90, 3.60, 1.35, 0.13, 0.17, 0.00, 0.00, 3.08, 0.00, 0.02, 0.00, 0.00, 1.00, 0.00, 1.00, 1.00, 1.00, 1.00, 1.00, 1.00, 0.00, 0.00, 0.00, 0.00, 1.00, 0.00, 0.00, 1.00
2899,  0,  48.300,  0.98,  1, 0.00, 0.00, 1.40, 0.00, 3.74, 2.30, 0.48, 2.90, 3.56, 1.54, 0.17, 0.11, 0.00, 0.00, 3.23, 0.00, 0.00, 0.00, 0.00, 1.00, 0.00, 1.00, 1.00, 1.00, 1.00, 1.00, 1.00, 0.00, 0.00, 0.00, 0.00, 1.00, 0.00, 0.00, 1.00
2900,  0,  48.317,  0.98,  1, 0.00, 0.00, 1.42, 0.00, 3.78, 2.34, 0.54, 3.08, 3.54, 1.51, 0.19, 0.11, 0.00, 0.00, 3.22, 0.00, 0.00, 0.00, 0.00, 1.00, 0.00, 1.00, 1.00, 1.00, 1.00, 1.00, 1.00, 0.00, 0.00, 0.00, 0.00, 1.00, 0.00, 0.00, 1.00
2901,  0,  48.333,  0.98,  1, 0.00, 0.00, 1.27, 0.03, 3.77, 2.34, 0.47, 3.08, 3.55, 1.40, 0.13, 0.16, 0.00, 0.00, 3.20, 0.00, 0.00, 0.00, 0.00, 1.00, 0.00, 1.00, 1.00, 1.00, 1.00, 1.00, 1.00, 0.00, 0.00, 0.00, 0.00, 1.00, 0.00, 0.00, 1.00
2902,  0,  48.350,  0.98,  1, 0.00, 0.00, 1.14, 0.03, 3.77, 2.28, 0.48, 3.02, 3.53, 1.31, 0.04, 0.24, 0.00, 0.00, 3.17, 0.00, 0.00, 0.00, 0.00, 1.00, 0.00, 1.00, 1.00, 1.00, 1.00, 1.00, 1.00, 0.00, 0.00, 0.00, 0.00, 1.00, 0.00, 0.00, 1.00
2903,  0,  48.367,  0.98,  1, 0.00, 0.00, 1.07, 0.03, 3.75, 2.29, 0.51, 3.11, 3.58, 1.45, 0.12, 0.25, 0.00, 0.00, 3.12, 0.00, 0.00, 0.00, 0.00, 1.00, 0.00, 1.00, 1.00, 1.00, 1.00, 1.00, 1.00, 0.00, 0.00, 0.00, 0.00, 1.00, 0.00, 0.00, 1.00
2904,  0,  48.383,  0.98,  1, 0.00, 0.00, 1.16, 0.00, 3.78, 2.09, 0.57, 3.08, 3.60, 1.67, 0.19, 0.24, 0.00, 0.00, 3.06, 0.00, 0.00, 0.00, 0.00, 1.00, 0.00, 1.00, 1.00, 1.00, 1.00, 1.00, 1.00, 0.00, 0.00, 0.00, 0.00, 1.00, 0.00, 0.00, 1.00
2905,  0,  48.400,  0.98,  1, 0.00, 0.00, 1.27, 0.00, 3.78, 1.98, 0.59, 3.19, 3.66, 1.64, 0.27, 0.24, 0.02, 0.00, 2.98, 0.00, 0.00, 0.00, 0.00, 1.00, 0.00, 1.00, 1.00, 1.00, 1.00, 1.00, 1.00, 0.00, 0.00, 0.00, 0.00, 1.00, 0.00, 0.00, 1.00
2906,  0,  48.417,  0.98,  1, 0.00, 0.00, 1.34, 0.00, 3.73, 2.05, 0.55, 3.07, 3.60, 1.66, 0.17, 0.29, 0.02, 0.00, 3.10, 0.00, 0.00, 0.00, 0.00, 1.00, 0.00, 1.00, 1.00, 1.00, 1.00, 1.00, 1.00, 0.00, 0.00, 0.00, 0.00, 1.00, 0.00, 0.00, 1.00
2907,  0,  48.433,  0.98,  1, 0.00, 0.00, 1.45, 0.00, 3.72, 2.23, 0.57, 3.23, 3.59, 1.63, 0.09, 0.38, 0.02, 0.00, 3.11, 0.00, 0.00, 0.00, 0.00, 1.00, 0.00, 1.00, 1.00, 1.00, 1.00, 1.00, 1.00, 0.00, 0.00, 0.00, 0.00, 1.00, 0.00, 0.00, 1.00
2908,  0,  48.450,  0.98,  1, 0.00, 0.00, 1.46, 0.00, 3.74, 2.41, 0.51, 3.08, 3.59, 1.74, 0.02, 0.35, 0.00, 0.00, 3.32, 0.00, 0.00, 0.00, 0.00, 1.00, 0.00, 1.00, 1.00, 1.00, 1.00, 1.00, 1.00, 0.00, 0.00, 0.00, 0.00, 1.00, 0.00, 0.00, 1.00
2909,  0,  48.467,  0.98,  1, 0.00, 0.00, 1.53, 0.00, 3.76, 2.47, 0.40, 2.98, 3.57, 1.81, 0.00, 0.44, 0.00, 0.00, 3.22, 0.00, 0.00, 0.00, 0.00, 1.00, 0.00, 1.00, 1.00, 1.00, 1.00, 1.00, 1.00, 0.00, 0.00, 0.00, 0.00, 1.00, 0.00, 0.00, 1.00
2910,  0,  48.483,  0.98,  1, 0.00, 0.00, 1.32, 0.00, 3.75, 2.12, 0.34, 2.95, 3.53, 1.80, 0.01, 0.37, 0.00, 0.00, 3.23, 0.00, 0.00, 0.00, 0.00, 1.00, 0.00, 1.00, 1.00, 1.00, 1.00, 1.00, 1.00, 0.00, 0.00, 0.00, 0.00, 1.00, 0.00, 0.00, 1.00
2911,  0,  48.500,  0.98,  1, 0.00, 0.00, 1.36, 0.00, 3.81, 2.09, 0.41, 2.93, 3.53, 1.74, 0.12, 0.37, 0.00, 0.00, 3.10, 0.00, 0.00, 0.00, 0.00, 1.00, 0.00, 1.00, 1.00, 1.00, 1.00, 1.00, 1.00, 0.00, 0.00, 0.00, 0.00, 1.00, 0.00, 0.00, 1.00
2912,  0,  48.517,  0.98,  1, 0.00, 0.00, 1.28, 0.00, 3.78, 2.03, 0.43, 3.08, 3.56, 1.65, 0.12, 0.17, 0.00, 0.00, 3.16, 0.00, 0.00, 0.00, 0.00, 1.00, 0.00, 1.00, 1.00, 1.00, 1.00, 1.00, 1.00, 0.00, 0.00, 0.00, 0.00, 1.00, 0.00, 0.00, 1.00
2913,  0,  48.533,  0.98,  1, 0.00, 0.00, 1.42, 0.09, 3.80, 2.25, 0.44, 3.06, 3.61, 1.74, 0.22, 0.21, 0.00, 0.00, 3.18, 0.00, 0.00, 0.00, 0.00, 1.00, 0.00, 1.00, 1.00, 1.00, 1.00, 1.00, 1.00, 0.00, 0.00, 0.00, 0.00, 1.00, 0.00, 0.00, 1.00
2914,  0,  48.550,  0.98,  1, 0.00, 0.00, 1.33, 0.09, 3.74, 2.44, 0.34, 3.04, 3.60, 1.73, 0.11, 0.16, 0.00, 0.00, 3.07, 0.00, 0.00, 0.00, 0.00, 1.00, 0.00, 1.00, 1.00, 1.00, 1.00, 1.00, 1.00, 0.00, 0.00, 0.00, 0.00, 1.00, 0.00, 0.00, 1.00
2915,  0,  48.567,  0.98,  1, 0.00, 0.00, 1.24, 0.09, 3.80, 2.47, 0.42, 2.99, 3.61, 1.70, 0.11, 0.25, 0.00, 0.00, 3.01, 0.00, 0.01, 0.00, 0.00, 1.00, 0.00, 1.00, 1.00, 1.00, 1.00, 1.00, 1.00, 0.00, 0.00, 0.00, 0.00, 1.00, 0.00, 0.00, 1.00
2916,  0,  48.583,  0.98,  1, 0.00, 0.00, 1.22, 0.00, 3.77, 2.55, 0.48, 2.81, 3.56, 1.63, 0.00, 0.16, 0.00, 0.00, 3.07, 0.00, 0.01, 0.00, 0.00, 1.00, 0.00, 1.00, 1.00, 1.00, 1.00, 1.00, 1.00, 0.00, 0.00, 0.00, 0.00, 1.00, 0.00, 0.00, 1.00
2917,  0,  48.600,  0.98,  1, 0.00, 0.00, 1.25, 0.00, 3.75, 2.22, 0.56, 2.95, 3.53, 1.68, 0.07, 0.30, 0.00, 0.00, 2.98, 0.00, 0.01, 0.00, 0.00, 1.00, 0.00, 1.00, 1.00, 1.00, 1.00, 1.00, 1.00, 0.00, 0.00, 0.00, 0.00, 1.00, 0.00, 0.00, 0.00
2918,  0,  48.617,  0.98,  1, 0.00, 0.00, 1.36, 0.00, 3.62, 2.20, 0.58, 2.98, 3.44, 1.63, 0.07, 0.24, 0.00, 0.00, 2.95, 0.00, 0.00, 0.00, 0.00, 1.00, 0.00, 1.00, 1.00, 1.00, 1.00, 1.00, 1.00, 0.00, 0.00, 0.00, 0.00, 1.00, 0.00, 0.00, 0.00
2919,  0,  48.633,  0.98,  1, 0.00, 0.00, 1.16, 0.00, 3.60, 2.00, 0.49, 3.12, 3.41, 1.69, 0.07, 0.40, 0.00, 0.00, 2.93, 0.00, 0.00, 0.00, 0.00, 1.00, 0.00, 1.00, 1.00, 1.00, 1.00, 1.00, 1.00, 0.00, 0.00, 0.00, 0.00, 1.00, 0.00, 0.00, 0.00
2920,  0,  48.650,  0.98,  1, 0.00, 0.00, 1.09, 0.00, 3.55, 1.89, 0.53, 3.04, 3.41, 1.68, 0.00, 0.27, 0.00, 0.00, 2.98, 0.00, 0.00, 0.00, 0.00, 1.00, 0.00, 1.00, 1.00, 1.00, 1.00, 1.00, 1.00, 0.00, 0.00, 0.00, 0.00, 1.00, 0.00, 0.00, 1.00
2921,  0,  48.667,  0.98,  1, 0.00, 0.00, 1.07, 0.00, 3.63, 1.80, 0.55, 3.07, 3.47, 1.77, 0.00, 0.30, 0.00, 0.00, 3.06, 0.00, 0.00, 0.00, 0.00, 1.00, 0.00, 1.00, 1.00, 1.00, 1.00, 1.00, 1.00, 0.00, 0.00, 0.00, 0.00, 1.00, 0.00, 0.00, 1.00
2922,  0,  48.683,  0.98,  1, 0.00, 0.00, 1.15, 0.00, 3.56, 1.78, 0.67, 3.02, 3.51, 1.73, 0.08, 0.26, 0.00, 0.00, 3.09, 0.00, 0.00, 0.00, 0.00, 1.00, 0.00, 1.00, 1.00, 1.00, 1.00, 1.00, 1.00, 0.00, 0.00, 0.00, 0.00, 1.00, 0.00, 0.00, 1.00
2923,  0,  48.700,  0.98,  1, 0.00, 0.00, 1.20, 0.00, 3.60, 1.94, 0.61, 3.02, 3.62, 1.70, 0.08, 0.21, 0.00, 0.00, 3.25, 0.00, 0.16, 0.00, 0.00, 1.00, 0.00, 1.00, 1.00, 1.00, 1.00, 1.00, 1.00, 0.00, 0.00, 0.00, 0.00, 1.00, 0.00, 0.00, 1.00
2924,  0,  48.717,  0.98,  1, 0.00, 0.00, 1.23, 0.00, 3.55, 1.94, 0.51, 3.04, 3.69, 1.71, 0.08, 0.13, 0.00, 0.00, 3.27, 0.00, 0.47, 0.00, 0.00, 1.00, 0.00, 1.00, 1.00, 1.00, 1.00, 1.00, 1.00, 0.00, 0.00, 0.00, 0.00, 1.00, 0.00, 0.00, 1.00
2925,  0,  48.733,  0.98,  1, 0.00, 0.00, 1.23, 0.00, 3.59, 1.86, 0.41, 3.11, 3.74, 1.67, 0.00, 0.02, 0.00, 0.00, 3.25, 0.00, 0.72, 0.00, 0.00, 1.00, 0.00, 1.00, 1.00, 1.00, 1.00, 1.00, 1.00, 0.00, 0.00, 0.00, 0.00, 1.00, 0.00, 0.00, 1.00
2926,  0,  48.750,  0.98,  1, 0.00, 0.00, 1.03, 0.00, 3.45, 1.51, 0.30, 3.16, 3.67, 1.60, 0.05, 0.02, 0.00, 0.00, 3.37, 0.00, 0.87, 0.00, 0.00, 1.00, 0.00, 1.00, 1.00, 1.00, 1.00, 1.00, 1.00, 0.00, 0.00, 0.00, 0.00, 1.00, 0.00, 0.00, 1.00
2927,  0,  48.767,  0.98,  1, 0.00, 0.00, 0.86, 0.00, 3.39, 1.09, 0.23, 3.09, 3.61, 1.64, 0.05, 0.02, 0.00, 0.00, 3.37, 0.00, 0.87, 0.00, 0.00, 1.00, 0.00, 1.00, 1.00, 1.00, 1.00, 1.00, 1.00, 0.00, 0.00, 0.00, 0.00, 1.00, 0.00, 0.00, 1.00
2928,  0,  48.783,  0.98,  1, 0.00, 0.00, 0.81, 0.00, 3.35, 0.97, 0.20, 2.98, 3.63, 1.57, 0.05, 0.15, 0.00, 0.00, 3.40, 0.00, 0.97, 0.00, 0.00, 0.00, 0.00, 1.00, 1.00, 1.00, 1.00, 1.00, 1.00, 0.00, 0.00, 0.00, 0.00, 1.00, 0.00, 0.00, 1.00
2929,  0,  48.800,  0.98,  1, 0.00, 0.00, 1.00, 0.00, 3.37, 1.03, 0.30, 2.95, 3.65, 1.69, 0.03, 0.15, 0.00, 0.00, 3.25, 0.00, 0.98, 0.00, 0.00, 0.00, 0.00, 1.00, 1.00, 1.00, 1.00, 1.00, 1.00, 0.00, 0.00, 0.00, 0.00, 1.00, 0.00, 0.00, 1.00
2930,  0,  48.817,  0.98,  1, 0.00, 0.00, 1.09, 0.00, 3.45, 1.21, 0.47, 3.01, 3.65, 1.63, 0.03, 0.21, 0.00, 0.00, 3.24, 0.00, 0.94, 0.00, 0.00, 0.00, 0.00, 1.00, 1.00, 1.00, 1.00, 1.00, 1.00, 0.00, 0.00, 0.00, 0.00, 1.00, 0.00, 0.00, 1.00
2931,  0,  48.833,  0.98,  1, 0.00, 0.00, 1.21, 0.00, 3.37, 1.34, 0.54, 3.09, 3.55, 1.80, 0.03, 0.15, 0.00, 0.00, 3.21, 0.00, 0.85, 0.00, 0.00, 0.00, 0.00, 1.00, 1.00, 1.00, 1.00, 1.00, 1.00, 0.00, 0.00, 0.00, 0.00, 1.00, 0.00, 0.00, 1.00
2932,  0,  48.850,  0.98,  1, 0.00, 0.00, 1.24, 0.00, 3.37, 1.57, 0.58, 2.98, 3.47, 1.85, 0.00, 0.25, 0.00, 0.00, 3.20, 0.00, 0.81, 0.00, 0.00, 0.00, 0.00, 1.00, 1.00, 1.00, 1.00, 1.00, 1.00, 0.00, 0.00, 0.00, 0.00, 1.00, 0.00, 0.00, 1.00
2933,  0,  48.867,  0.98,  1, 0.00, 0.00, 1.33, 0.00, 3.32, 1.75, 0.64, 2.88, 3.42, 1.90, 0.00, 0.31, 0.00, 0.00, 3.14, 0.00, 0.69, 0.00, 0.00, 1.00, 0.00, 1.00, 1.00, 1.00, 1.00, 1.00, 1.00, 0.00, 0.00, 0.00, 0.00, 1.00, 0.00, 0.00, 1.00
2934,  0,  48.883,  0.98,  1, 0.00, 0.00, 1.33, 0.00, 3.42, 1.97, 0.70, 2.88, 3.39, 1.88, 0.00, 0.28, 0.02, 0.00, 3.16, 0.00, 0.46, 0.00, 0.00, 1.00, 0.00, 1.00, 1.00, 1.00, 1.00, 1.00, 1.00, 0.00, 0.00, 0.00, 0.00, 1.00, 0.00, 0.00, 1.00
2935,  0,  48.900,  0.98,  1, 0.00, 0.00, 1.28, 0.00, 3.54, 1.98, 0.71, 3.09, 3.41, 1.70, 0.00, 0.34, 0.02, 0.00, 3.20, 0.00, 0.34, 0.00, 0.00, 1.00, 0.00, 1.00, 1.00, 1.00, 1.00, 1.00, 1.00, 0.00, 0.00, 0.00, 0.00, 1.00, 0.00, 0.00, 1.00
2936,  0,  48.917,  0.98,  1, 0.00, 0.00, 1.40, 0.00, 3.57, 2.04, 0.72, 3.06, 3.40, 1.62, 0.00, 0.23, 0.02, 0.00, 3.27, 0.00, 0.34, 0.00, 0.00, 1.00, 0.00, 1.00, 1.00, 1.00, 1.00, 1.00, 1.00, 0.00, 0.00, 0.00, 0.00, 1.00, 1.00, 0.00, 1.00
2937,  0,  48.933,  0.98,  1, 0.00, 0.00, 1.31, 0.00, 3.62, 2.10, 0.70, 3.01, 3.45, 1.54, 0.00, 0.22, 0.01, 0.00, 3.26, 0.00, 0.35, 0.00, 0.00, 1.00, 0.00, 1.00, 1.00, 1.00, 1.00, 1.00, 1.00, 0.00, 0.00, 0.00, 0.00, 1.00, 1.00, 0.00, 1.00
2938,  0,  48.950,  0.98,  1, 0.00, 0.00, 1.43, 0.00, 3.67, 2.31, 0.73, 2.82, 3.39, 1.69, 0.06, 0.20, 0.00, 0.00, 3.25, 0.00, 0.19, 0.00, 0.00, 1.00, 0.00, 1.00, 1.00, 1.00, 1.00, 1.00, 1.00, 0.00, 0.00, 0.00, 0.00, 1.00, 1.00, 0.00, 1.00
2939,  0,  48.967,  0.98,  1, 0.00, 0.00, 1.24, 0.00, 3.67, 2.24, 0.60, 2.95, 3.41, 1.70, 0.06, 0.26, 0.00, 0.00, 3.23, 0.00, 0.10, 0.00, 0.00, 1.00, 0.00, 1.00, 1.00, 1.00, 1.00, 1.00, 1.00, 0.00, 0.00, 0.00, 0.00, 1.00, 1.00, 0.00, 1.00
2940,  0,  48.983,  0.98,  1, 0.00, 0.00, 1.35, 0.00, 3.58, 2.13, 0.51, 2.93, 3.43, 1.78, 0.06, 0.22, 0.00, 0.00, 3.24, 0.00, 0.07, 0.00, 0.00, 1.00, 0.00, 1.00, 1.00, 1.00, 1.00, 1.00, 1.00, 0.00, 0.00, 0.00, 0.00, 1.00, 1.00, 0.00, 1.00
2941,  0,  49.000,  0.98,  1, 0.00, 0.00, 1.27, 0.00, 3.49, 2.12, 0.46, 2.95, 3.46, 1.55, 0.00, 0.26, 0.00, 0.00, 3.14, 0.00, 0.08, 0.00, 0.00, 1.00, 0.00, 1.00, 1.00, 1.00, 1.00, 1.00, 1.00, 0.00, 0.00, 0.00, 0.00, 1.00, 1.00, 0.00, 1.00
2942,  0,  49.017,  0.98,  1, 0.00, 0.00, 1.30, 0.00, 3.55, 2.25, 0.53, 2.86, 3.45, 1.61, 0.00, 0.32, 0.00, 0.00, 3.14, 0.00, 0.02, 0.00, 0.00, 1.00, 0.00, 1.00, 1.00, 1.00, 1.00, 1.00, 1.00, 0.00, 0.00, 0.00, 0.00, 1.00, 1.00, 0.00, 1.00
2943,  0,  49.033,  0.98,  1, 0.00, 0.00, 1.21, 0.00, 3.66, 2.31, 0.57, 2.87, 3.47, 1.48, 0.00, 0.45, 0.00, 0.00, 3.11, 0.00, 0.02, 0.00, 0.00, 0.00, 0.00, 1.00, 1.00, 1.00, 1.00, 1.00, 1.00, 0.00, 0.00, 0.00, 0.00, 1.00, 1.00, 0.00, 1.00
2944,  0,  49.050,  0.98,  1, 0.00, 0.00, 1.27, 0.00, 3.73, 2.32, 0.61, 2.86, 3.53, 1.68, 0.04, 0.35, 0.00, 0.00, 3.05, 0.00, 0.03, 0.00, 0.00, 1.00, 0.00, 1.00, 1.00, 1.00, 1.00, 1.00, 1.00, 0.00, 0.00, 0.00, 0.00, 1.00, 1.00, 0.00, 1.00
2945,  0,  49.067,  0.98,  1, 0.00, 0.00, 1.16, 0.00, 3.81, 2.25, 0.56, 2.94, 3.63, 1.75, 0.04, 0.23, 0.00, 0.00, 2.95, 0.00, 0.03, 0.00, 0.00, 1.00, 0.00, 1.00, 1.00, 1.00, 1.00, 1.00, 1.00, 0.00, 0.00, 0.00, 0.00, 1.00, 1.00, 0.00, 1.00
2946,  0,  49.083,  0.98,  1, 0.00, 0.00, 1.31, 0.00, 3.84, 2.41, 0.58, 2.96, 3.64, 1.75, 0.04, 0.14, 0.00, 0.00, 2.92, 0.00, 0.03, 0.00, 0.00, 1.00, 0.00, 1.00, 1.00, 1.00, 1.00, 1.00, 1.00, 0.00, 0.00, 0.00, 0.00, 1.00, 1.00, 0.00, 1.00
2947,  0,  49.100,  0.98,  1, 0.00, 0.00, 1.24, 0.00, 3.84, 2.24, 0.51, 3.02, 3.73, 1.65, 0.00, 0.08, 0.00, 0.00, 2.92, 0.00, 0.02, 0.00, 0.00, 1.00, 0.00, 1.00, 1.00, 1.00, 1.00, 1.00, 1.00, 0.00, 0.00, 0.00, 0.00, 1.00, 1.00, 0.00, 1.00
2948,  0,  49.117,  0.98,  1, 0.00, 0.00, 1.34, 0.00, 3.84, 2.34, 0.54, 3.11, 3.75, 1.52, 0.00, 0.14, 0.00, 0.00, 2.99, 0.00, 0.02, 0.00, 0.00, 1.00, 0.00, 1.00, 1.00, 1.00, 1.00, 1.00, 1.00, 0.00, 0.00, 0.00, 0.00, 1.00, 0.00, 0.00, 1.00
2949,  0,  49.133,  0.98,  1, 0.00, 0.00, 1.29, 0.00, 3.86, 2.44, 0.51, 3.09, 3.80, 1.55, 0.04, 0.10, 0.00, 0.00, 3.15, 0.00, 0.15, 0.00, 0.00, 1.00, 0.00, 1.00, 1.00, 1.00, 1.00, 1.00, 1.00, 0.00, 0.00, 0.00, 0.00, 1.00, 1.00, 0.00, 1.00
2950,  0,  49.150,  0.98,  1, 0.00, 0.00, 1.37, 0.00, 3.92, 2.51, 0.50, 3.07, 3.73, 1.54, 0.11, 0.17, 0.00, 0.00, 3.29, 0.00, 0.13, 0.00, 0.00, 1.00, 0.00, 1.00, 1.00, 1.00, 1.00, 1.00, 1.00, 0.00, 0.00, 0.00, 0.00, 1.00, 1.00, 0.00, 1.00
2951,  0,  49.167,  0.98,  1, 0.00, 0.00, 1.49, 0.00, 3.88, 2.37, 0.42, 2.96, 3.68, 1.55, 0.11, 0.12, 0.00, 0.00, 3.21, 0.00, 0.14, 0.00, 0.00, 1.00, 0.00, 1.00, 1.00, 1.00, 1.00, 1.00, 1.00, 0.00, 0.00, 0.00, 0.00, 1.00, 1.00, 0.00, 1.00
2952,  0,  49.183,  0.98,  1, 0.00, 0.00, 1.54, 0.00, 3.83, 2.23, 0.35, 3.00, 3.66, 1.51, 0.07, 0.09, 0.00, 0.00, 3.22, 0.00, 0.01, 0.00, 0.00, 1.00, 0.00, 1.00, 1.00, 1.00, 1.00, 1.00, 1.00, 0.00, 0.00, 0.00, 0.00, 1.00, 1.00, 0.00, 1.00
2953,  0,  49.200,  0.98,  1, 0.00, 0.00, 1.47, 0.00, 3.81, 2.31, 0.37, 3.05, 3.73, 1.62, 0.00, 0.08, 0.00, 0.00, 3.31, 0.00, 0.01, 0.00, 0.00, 1.00, 0.00, 1.00, 1.00, 1.00, 1.00, 1.00, 1.00, 0.00, 0.00, 0.00, 0.00, 1.00, 1.00, 0.00, 1.00
2954,  0,  49.217,  0.98,  1, 0.00, 0.00, 1.26, 0.00, 3.80, 2.45, 0.35, 3.12, 3.78, 1.61, 0.01, 0.07, 0.00, 0.00, 3.56, 0.00, 0.00, 0.00, 0.00, 1.00, 0.00, 1.00, 1.00, 1.00, 1.00, 1.00, 1.00, 0.00, 0.00, 0.00, 0.00, 1.00, 1.00, 0.00, 1.00
2955,  0,  49.233,  0.98,  1, 0.00, 0.00, 1.21, 0.00, 3.88, 2.37, 0.31, 3.23, 3.76, 1.73, 0.01, 0.07, 0.00, 0.00, 3.52, 0.00, 0.00, 0.00, 0.00, 1.00, 0.00, 1.00, 1.00, 1.00, 1.00, 1.00, 1.00, 0.00, 0.00, 0.00, 0.00, 1.00, 1.00, 0.00, 1.00
2956,  0,  49.250,  0.98,  1, 0.00, 0.00, 1.21, 0.00, 3.92, 2.42, 0.17, 3.17, 3.72, 1.66, 0.02, 0.00, 0.00, 0.00, 3.50, 0.00, 0.00, 0.00, 0.00, 1.00, 0.00, 1.00, 1.00, 1.00, 1.00, 1.00, 1.00, 0.00, 0.00, 0.00, 0.00, 1.00, 1.00, 0.00, 1.00
2957,  0,  49.267,  0.98,  1, 0.00, 0.00, 1.32, 0.00, 3.93, 2.55, 0.22, 3.11, 3.73, 1.59, 0.01, 0.00, 0.00, 0.00, 3.44, 0.00, 0.00, 0.00, 0.00, 1.00, 0.00, 1.00, 1.00, 1.00, 1.00, 1.00, 1.00, 0.00, 0.00, 0.00, 0.00, 1.00, 1.00, 0.00, 1.00
2958,  0,  49.283,  0.98,  1, 0.00, 0.00, 1.39, 0.00, 3.94, 2.63, 0.25, 3.00, 3.82, 1.56, 0.09, 0.00, 0.00, 0.00, 3.38, 0.00, 0.01, 0.00, 0.00, 1.00, 0.00, 1.00, 1.00, 1.00, 1.00, 1.00, 1.00, 0.00, 0.00, 0.00, 0.00, 1.00, 1.00, 0.00, 1.00
2959,  0,  49.300,  0.98,  1, 0.00, 0.00, 1.34, 0.00, 4.04, 2.82, 0.33, 3.14, 3.89, 1.59, 0.07, 0.03, 0.00, 0.00, 3.34, 0.00, 0.01, 0.00, 0.00, 1.00, 0.00, 1.00, 1.00, 1.00, 1.00, 1.00, 1.00, 0.00, 0.00, 0.00, 0.00, 1.00, 1.00, 0.00, 1.00
2960,  0,  49.317,  0.98,  1, 0.00, 0.00, 1.32, 0.00, 4.00, 2.49, 0.26, 3.13, 3.82, 1.71, 0.07, 0.03, 0.00, 0.00, 3.44, 0.00, 0.01, 0.00, 0.00, 1.00, 0.00, 1.00, 1.00, 1.00, 1.00, 1.00, 1.00, 0.00, 0.00, 0.00, 0.00, 1.00, 1.00, 0.00, 1.00
2961,  0,  49.333,  0.98,  1, 0.00, 0.00, 1.18, 0.00, 3.98, 2.50, 0.21, 3.12, 3.77, 1.67, 0.05, 0.03, 0.00, 0.00, 3.50, 0.00, 0.00, 0.00, 0.00, 1.00, 0.00, 1.00, 1.00, 1.00, 1.00, 1.00, 1.00, 0.00, 0.00, 0.00, 0.00, 1.00, 1.00, 0.00, 1.00
2962,  0,  49.350,  0.98,  1, 0.00, 0.00, 1.23, 0.01, 3.94, 2.49, 0.30, 3.03, 3.74, 1.62, 0.05, 0.00, 0.00, 0.00, 3.64, 0.00, 0.00, 0.00, 0.00, 1.00, 0.00, 1.00, 1.00, 1.00, 1.00, 1.00, 1.00, 0.00, 0.00, 0.00, 0.00, 1.00, 1.00, 0.00, 1.00
2963,  0,  49.367,  0.98,  1, 0.00, 0.00, 1.20, 0.03, 4.01, 2.64, 0.39, 3.08, 3.79, 1.66, 0.05, 0.07, 0.00, 0.00, 3.65, 0.00, 0.00, 0.00, 0.00, 1.00, 0.00, 1.00, 1.00, 1.00, 1.00, 1.00, 1.00, 0.00, 0.00, 0.00, 0.00, 1.00, 1.00, 0.00, 1.00
2964,  0,  49.383,  0.98,  1, 0.00, 0.00, 1.19, 0.03, 3.95, 2.44, 0.46, 3.08, 3.79, 1.55, 0.00, 0.07, 0.00, 0.00, 3.58, 0.00, 0.02, 0.00, 0.00, 1.00, 0.00, 1.00, 1.00, 1.00, 1.00, 1.00, 1.00, 0.00, 0.00, 0.00, 0.00, 1.00, 1.00, 0.00, 1.00
2965,  0,  49.400,  0.98,  1, 0.00, 0.00, 1.25, 0.02, 3.91, 2.09, 0.34, 3.06, 3.77, 1.56, 0.00, 0.09, 0.00, 0.00, 3.63, 0.00, 0.28, 0.00, 0.00, 1.00, 0.00, 1.00, 1.00, 1.00, 1.00, 1.00, 1.00, 0.00, 0.00, 0.00, 0.00, 1.00, 1.00, 0.00, 1.00
2966,  0,  49.417,  0.98,  1, 0.00, 0.00, 1.14, 0.00, 3.84, 1.67, 0.20, 3.07, 3.81, 1.59, 0.00, 0.02, 0.00, 0.00, 3.58, 0.00, 0.66, 0.00, 0.00, 0.00, 0.00, 1.00, 1.00, 1.00, 1.00, 1.00, 1.00, 0.00, 0.00, 0.00, 0.00, 1.00, 1.00, 0.00, 1.00
2967,  0,  49.433,  0.98,  1, 0.00, 0.00, 0.96, 0.00, 3.75, 1.49, 0.07, 3.15, 3.83, 1.79, 0.15, 0.02, 0.00, 0.00, 3.76, 0.00, 1.13, 0.00, 0.00, 0.00, 0.00, 1.00, 1.00, 1.00, 1.00, 1.00, 1.00, 0.00, 0.00, 0.00, 0.00, 1.00, 1.00, 0.00, 1.00
2968,  0,  49.450,  0.98,  1, 0.00, 0.00, 0.83, 0.00, 3.60, 1.29, 0.02, 3.16, 3.90, 1.84, 0.15, 0.00, 0.00, 0.00, 3.56, 0.00, 1.45, 0.00, 0.00, 0.00, 0.00, 1.00, 1.00, 1.00, 1.00, 1.00, 1.00, 0.00, 0.00, 0.00, 0.00, 1.00, 1.00, 0.00, 1.00
2969,  0,  49.467,  0.98,  1, 0.00, 0.00, 0.97, 0.00, 3.63, 1.36, 0.00, 3.07, 3.93, 1.76, 0.15, 0.00, 0.00, 0.00, 3.55, 0.00, 1.61, 0.00, 0.00, 0.00, 0.00, 1.00, 1.00, 1.00, 1.00, 1.00, 1.00, 0.00, 0.00, 0.00, 0.00, 1.00, 1.00, 0.00, 1.00
2970,  0,  49.483,  0.98,  1, 0.00, 0.00, 1.06, 0.00, 3.72, 1.31, 0.01, 3.03, 3.98, 1.73, 0.00, 0.02, 0.03, 0.00, 3.52, 0.00, 1.71, 0.00, 0.00, 0.00, 0.00, 1.00, 1.00, 1.00, 1.00, 1.00, 1.00, 0.00, 0.00, 0.00, 0.00, 1.00, 1.00, 0.00, 1.00
2971,  0,  49.500,  0.98,  1, 0.00, 0.00, 1.09, 0.00, 3.79, 1.26, 0.00, 3.03, 3.99, 1.80, 0.00, 0.02, 0.03, 0.00, 3.60, 0.00, 1.34, 0.00, 0.00, 0.00, 0.00, 1.00, 1.00, 1.00, 1.00, 1.00, 1.00, 0.00, 0.00, 0.00, 0.00, 1.00, 1.00, 0.00, 1.00
2972,  0,  49.517,  0.98,  1, 0.00, 0.00, 1.10, 0.00, 3.82, 1.41, 0.02, 3.10, 3.96, 1.83, 0.00, 0.02, 0.03, 0.00, 3.60, 0.00, 1.25, 0.00, 0.00, 0.00, 0.00, 1.00, 1.00, 1.00, 1.00, 1.00, 1.00, 0.00, 0.00, 0.00, 0.00, 1.00, 1.00, 0.00, 1.00
2973,  0,  49.533,  0.98,  1, 0.00, 0.00, 1.27, 0.00, 3.89, 1.64, 0.11, 3.06, 3.86, 1.91, 0.00, 0.01, 0.00, 0.00, 3.63, 0.00, 0.98, 0.00, 0.00, 0.00, 0.00, 1.00, 1.00, 1.00, 1.00, 1.00, 1.00, 0.00, 0.00, 0.00, 0.00, 1.00, 1.00, 0.00, 1.00
2974,  0,  49.550,  0.98,  1, 0.00, 0.00, 1.30, 0.00, 3.95, 2.10, 0.14, 3.01, 3.82, 1.87, 0.00, 0.01, 0.00, 0.00, 3.67, 0.00, 0.92, 0.00, 0.00, 0.00, 0.00, 1.00, 1.00, 1.00, 1.00, 1.00, 1.00, 0.00, 0.00, 0.00, 0.00, 1.00, 1.00, 0.00, 1.00
2975,  0,  49.567,  0.98,  1, 0.00, 0.00, 1.34, 0.00, 4.02, 2.22, 0.18, 3.02, 3.83, 1.96, 0.00, 0.05, 0.00, 0.00, 3.62, 0.02, 0.63, 0.00, 0.00, 0.00, 0.00, 1.00, 1.00, 1.00, 1.00, 1.00, 1.00, 0.00, 0.00, 0.00, 0.00, 1.00, 1.00, 0.00, 1.00
2976,  0,  49.583,  0.98,  1, 0.00, 0.00, 1.29, 0.00, 3.97, 2.22, 0.10, 3.17, 3.90, 1.91, 0.00, 0.05, 0.00, 0.00, 3.51, 0.02, 0.41, 0.00, 0.00, 0.00, 0.00, 1.00, 1.00, 1.00, 1.00, 1.00, 1.00, 0.00, 0.00, 0.00, 0.00, 1.00, 1.00, 0.00, 1.00
2977,  0,  49.600,  0.98,  1, 0.00, 0.00, 1.30, 0.02, 4.01, 2.08, 0.20, 3.16, 3.90, 1.92, 0.00, 0.05, 0.00, 0.00, 3.41, 0.02, 0.30, 0.00, 0.00, 1.00, 0.00, 1.00, 1.00, 1.00, 1.00, 1.00, 1.00, 0.00, 0.00, 0.00, 0.00, 1.00, 1.00, 0.00, 1.00
2978,  0,  49.617,  0.98,  1, 0.00, 0.00, 1.26, 0.02, 3.91, 2.22, 0.21, 3.08, 3.84, 1.74, 0.00, 0.06, 0.00, 0.00, 3.41, 0.00, 0.21, 0.00, 0.00, 0.00, 0.00, 1.00, 1.00, 1.00, 1.00, 1.00, 1.00, 0.00, 0.00, 0.00, 0.00, 1.00, 1.00, 0.00, 1.00
2979,  0,  49.633,  0.98,  1, 0.00, 0.00, 1.22, 0.02, 3.89, 2.44, 0.29, 3.06, 3.80, 1.66, 0.06, 0.06, 0.00, 0.00, 3.35, 0.00, 0.11, 0.00, 0.00, 0.00, 0.00, 1.00, 1.00, 1.00, 1.00, 1.00, 1.00, 0.00, 0.00, 0.00, 0.00, 1.00, 1.00, 0.00, 1.00
2980,  0,  49.650,  0.98,  1, 0.00, 0.00, 1.22, 0.00, 3.82, 2.55, 0.30, 3.23, 3.78, 1.76, 0.06, 0.06, 0.00, 0.00, 3.43, 0.00, 0.20, 0.00, 0.00, 0.00, 0.00, 1.00, 1.00, 1.00, 1.00, 1.00, 1.00, 0.00, 0.00, 0.00, 0.00, 1.00, 1.00, 0.00, 1.00
2981,  0,  49.667,  0.98,  1, 0.00, 0.00, 1.31, 0.00, 3.90, 2.52, 0.30, 3.23, 3.76, 1.82, 0.06, 0.04, 0.00, 0.00, 3.38, 0.00, 0.13, 0.00, 0.00, 1.00, 0.00, 1.00, 1.00, 1.00, 1.00, 1.00, 1.00, 0.00, 0.00, 0.00, 0.00, 1.00, 1.00, 0.00, 1.00
2982,  0,  49.683,  0.98,  1, 0.00, 0.00, 1.42, 0.00, 3.83, 2.48, 0.33, 3.15, 3.70, 1.74, 0.00, 0.04, 0.01, 0.00, 3.57, 0.00, 0.14, 0.00, 0.00, 1.00, 0.00, 1.00, 1.00, 1.00, 1.00, 1.00, 1.00, 0.00, 0.00, 0.00, 0.00, 1.00, 1.00, 0.00, 1.00
2983,  0,  49.700,  0.98,  1, 0.00, 0.00, 1.50, 0.00, 3.86, 2.61, 0.29, 3.07, 3.69, 1.60, 0.00, 0.13, 0.01, 0.00, 3.35, 0.00, 0.16, 0.00, 0.00, 1.00, 0.00, 1.00, 1.00, 1.00, 1.00, 1.00, 1.00, 0.00, 0.00, 0.00, 0.00, 1.00, 1.00, 0.00, 1.00
2984,  0,  49.717,  0.98,  1, 0.00, 0.00, 1.48, 0.00, 3.79, 2.59, 0.26, 3.10, 3.70, 1.57, 0.00, 0.11, 0.01, 0.00, 3.40, 0.00, 0.29, 0.00, 0.00, 1.00, 0.00, 1.00, 1.00, 1.00, 1.00, 1.00, 1.00, 0.00, 0.00, 0.00, 0.00, 1.00, 1.00, 0.00, 1.00
2985,  0,  49.733,  0.98,  1, 0.00, 0.00, 1.43, 0.00, 3.89, 2.55, 0.21, 3.13, 3.73, 1.66, 0.01, 0.11, 0.00, 0.00, 3.27, 0.00, 0.38, 0.00, 0.00, 1.00, 0.00, 1.00, 1.00, 1.00, 1.00, 1.00, 1.00, 0.00, 0.00, 0.00, 0.00, 1.00, 1.00, 0.00, 1.00
2986,  0,  49.750,  0.98,  1, 0.00, 0.00, 1.25, 0.00, 3.89, 2.49, 0.20, 3.06, 3.69, 1.70, 0.01, 0.02, 0.00, 0.00, 3.41, 0.02, 0.22, 0.00, 0.00, 1.00, 0.00, 1.00, 1.00, 1.00, 1.00, 1.00, 1.00, 0.00, 0.00, 0.00, 0.00, 1.00, 1.00, 0.00, 1.00
2987,  0,  49.767,  0.98,  1, 0.00, 0.00, 1.08, 0.00, 3.89, 2.54, 0.22, 3.07, 3.70, 1.80, 0.01, 0.01, 0.00, 0.00, 3.44, 0.02, 0.10, 0.00, 0.00, 0.00, 0.00, 1.00, 1.00, 1.00, 1.00, 1.00, 1.00, 0.00, 0.00, 0.00, 0.00, 1.00, 1.00, 0.00, 1.00
2988,  0,  49.783,  0.98,  1, 0.00, 0.00, 1.05, 0.00, 3.86, 2.58, 0.25, 3.12, 3.69, 1.73, 0.01, 0.01, 0.00, 0.00, 3.44, 0.02, 0.08, 0.00, 0.00, 0.00, 0.00, 1.00, 1.00, 1.00, 1.00, 1.00, 1.00, 0.00, 0.00, 0.00, 0.00, 1.00, 1.00, 0.00, 1.00
2989,  0,  49.800,  0.98,  1, 0.00, 0.00, 1.01, 0.00, 3.87, 2.60, 0.32, 3.13, 3.73, 1.75, 0.01, 0.01, 0.00, 0.00, 3.52, 0.00, 0.08, 0.00, 0.00, 0.00, 0.00, 1.00, 1.00, 1.00, 1.00, 1.00, 1.00, 0.00, 0.00, 0.00, 0.00, 1.00, 1.00, 0.00, 1.00
2990,  0,  49.817,  0.98,  1, 0.00, 0.00, 1.02, 0.00, 3.85, 2.49, 0.26, 3.15, 3.73, 1.68, 0.00, 0.00, 0.00, 0.00, 3.52, 0.00, 0.08, 0.00, 0.00, 0.00, 0.00, 1.00, 1.00, 1.00, 1.00, 1.00, 1.00, 0.00, 0.00, 0.00, 0.00, 1.00, 1.00, 0.00, 1.00
2991,  0,  49.833,  0.98,  1, 0.00, 0.00, 1.01, 0.00, 3.85, 2.50, 0.24, 3.07, 3.68, 1.74, 0.00, 0.06, 0.04, 0.00, 3.58, 0.00, 0.00, 0.00, 0.00, 0.00, 0.00, 1.00, 1.00, 1.00, 1.00, 1.00, 1.00, 0.00, 0.00, 0.00, 0.00, 1.00, 1.00, 0.00, 1.00
2992,  0,  49.850,  0.98,  1, 0.00, 0.00, 1.16, 0.00, 3.84, 2.43, 0.23, 3.04, 3.66, 1.57, 0.00, 0.15, 0.08, 0.00, 3.52, 0.00, 0.00, 0.00, 0.00, 0.00, 0.00, 1.00, 1.00, 1.00, 1.00, 1.00, 1.00, 0.00, 0.00, 0.00, 0.00, 1.00, 1.00, 0.00, 1.00
2993,  0,  49.867,  0.98,  1, 0.00, 0.00, 1.14, 0.00, 3.82, 2.48, 0.27, 2.97, 3.69, 1.55, 0.00, 0.21, 0.08, 0.00, 3.42, 0.00, 0.00, 0.00, 0.00, 0.00, 0.00, 1.00, 1.00, 1.00, 1.00, 1.00, 1.00, 0.00, 0.00, 0.00, 0.00, 1.00, 1.00, 0.00, 1.00
2994,  0,  49.883,  0.98,  1, 0.00, 0.00, 1.25, 0.00, 3.85, 2.51, 0.30, 3.03, 3.76, 1.50, 0.00, 0.16, 0.04, 0.00, 3.39, 0.00, 0.00, 0.00, 0.00, 1.00, 0.00, 1.00, 1.00, 1.00, 1.00, 1.00, 1.00, 0.00, 0.00, 0.00, 0.00, 1.00, 1.00, 0.00, 1.00
2995,  0,  49.900,  0.98,  1, 0.00, 0.00, 1.25, 0.00, 3.82, 2.38, 0.28, 3.13, 3.80, 1.61, 0.00, 0.14, 0.00, 0.00, 3.29, 0.00, 0.00, 0.00, 0.00, 1.00, 0.00, 1.00, 1.00, 1.00, 1.00, 1.00, 1.00, 0.00, 0.00, 0.00, 0.00, 1.00, 1.00, 0.00, 1.00
2996,  0,  49.917,  0.98,  1, 0.00, 0.00, 1.37, 0.00, 3.86, 2.31, 0.33, 3.19, 3.80, 1.63, 0.00, 0.15, 0.00, 0.00, 3.27, 0.00, 0.00, 0.00, 0.00, 1.00, 0.00, 1.00, 1.00, 1.00, 1.00, 1.00, 1.00, 0.00, 0.00, 0.00, 0.00, 1.00, 1.00, 0.00, 1.00
2997,  0,  49.933,  0.98,  1, 0.00, 0.00, 1.28, 0.00, 3.82, 2.28, 0.29, 3.17, 3.81, 1.73, 0.04, 0.24, 0.00, 0.00, 3.17, 0.00, 0.00, 0.00, 0.00, 1.00, 0.00, 1.00, 1.00, 1.00, 1.00, 1.00, 1.00, 0.00, 0.00, 0.00, 0.00, 1.00, 1.00, 0.00, 1.00
2998,  0,  49.950,  0.98,  1, 0.00, 0.00, 1.37, 0.00, 3.83, 2.29, 0.28, 3.06, 3.78, 1.81, 0.10, 0.27, 0.00, 0.00, 3.23, 0.00, 0.00, 0.00, 0.00, 1.00, 0.00, 1.00, 1.00, 1.00, 1.00, 1.00, 1.00, 0.00, 0.00, 0.00, 0.00, 1.00, 1.00, 0.00, 1.00
2999,  0,  49.967,  0.98,  1, 0.00, 0.00, 1.43, 0.00, 3.90, 2.49, 0.34, 3.13, 3.75, 1.83, 0.12, 0.22, 0.00, 0.00, 3.30, 0.00, 0.00, 0.00, 0.00, 1.00, 0.00, 1.00, 1.00, 1.00, 1.00, 1.00, 1.00, 0.00, 0.00, 0.00, 0.00, 1.00, 1.00, 0.00, 1.00
3000,  0,  49.983,  0.98,  1, 0.00, 0.00, 1.56, 0.00, 3.90, 2.39, 0.42, 3.10, 3.76, 1.68, 0.12, 0.18, 0.00, 0.00, 3.46, 0.00, 0.00, 0.00, 0.00, 1.00, 0.00, 1.00, 1.00, 1.00, 1.00, 1.00, 1.00, 0.00, 0.00, 0.00, 0.00, 1.00, 1.00, 0.00, 1.00
3001,  0,  50.000,  0.98,  1, 0.00, 0.00, 1.46, 0.00, 3.89, 2.38, 0.44, 3.11, 3.81, 1.55, 0.05, 0.11, 0.00, 0.00, 3.50, 0.00, 0.00, 0.00, 0.00, 1.00, 0.00, 1.00, 1.00, 1.00, 1.00, 1.00, 1.00, 0.00, 0.00, 0.00, 0.00, 1.00, 1.00, 0.00, 1.00
3002,  0,  50.017,  0.98,  1, 0.00, 0.00, 1.51, 0.00, 3.81, 2.49, 0.47, 3.01, 3.78, 1.38, 0.04, 0.11, 0.00, 0.00, 3.64, 0.00, 0.00, 0.00, 0.00, 1.00, 0.00, 1.00, 1.00, 1.00, 1.00, 1.00, 1.00, 0.00, 0.00, 0.00, 0.00, 1.00, 1.00, 0.00, 1.00
3003,  0,  50.033,  0.98,  1, 0.00, 0.00, 1.51, 0.01, 3.78, 2.55, 0.45, 2.97, 3.72, 1.41, 0.00, 0.05, 0.00, 0.00, 3.66, 0.00, 0.00, 0.00, 0.00, 1.00, 0.00, 1.00, 1.00, 1.00, 1.00, 1.00, 1.00, 0.00, 0.00, 0.00, 0.00, 1.00, 1.00, 0.00, 1.00
3004,  0,  50.050,  0.98,  1, 0.00, 0.00, 1.61, 0.01, 3.74, 2.45, 0.47, 3.02, 3.65, 1.46, 0.00, 0.06, 0.00, 0.00, 3.65, 0.00, 0.00, 0.00, 0.00, 1.00, 0.00, 1.00, 1.00, 1.00, 1.00, 1.00, 1.00, 0.00, 0.00, 0.00, 0.00, 1.00, 1.00, 0.00, 1.00
3005,  0,  50.067,  0.98,  1, 0.00, 0.00, 1.58, 0.01, 3.80, 2.36, 0.45, 3.08, 3.65, 1.55, 0.00, 0.04, 0.00, 0.00, 3.49, 0.00, 0.00, 0.00, 0.00, 1.00, 0.00, 1.00, 1.00, 1.00, 1.00, 1.00, 1.00, 0.00, 0.00, 0.00, 0.00, 1.00, 1.00, 0.00, 1.00
3006,  0,  50.083,  0.98,  1, 0.00, 0.00, 1.41, 0.00, 3.87, 2.32, 0.43, 3.09, 3.65, 1.58, 0.00, 0.04, 0.00, 0.00, 3.64, 0.08, 0.00, 0.00, 0.00, 1.00, 0.00, 1.00, 1.00, 1.00, 1.00, 1.00, 1.00, 0.00, 0.00, 0.00, 0.00, 1.00, 1.00, 0.00, 1.00
3007,  0,  50.100,  0.98,  1, 0.00, 0.00, 1.25, 0.00, 3.88, 2.34, 0.33, 3.12, 3.67, 1.60, 0.00, 0.04, 0.00, 0.00, 3.72, 0.08, 0.01, 0.00, 0.00, 1.00, 0.00, 1.00, 1.00, 1.00, 1.00, 1.00, 1.00, 0.00, 0.00, 0.00, 0.00, 1.00, 1.00, 0.00, 1.00
3008,  0,  50.117,  0.98,  1, 0.00, 0.00, 1.03, 0.00, 3.84, 2.02, 0.32, 3.13, 3.69, 1.69, 0.00, 0.04, 0.00, 0.00, 3.90, 0.08, 0.01, 0.00, 0.00, 0.00, 0.00, 1.00, 1.00, 1.00, 1.00, 1.00, 1.00, 0.00, 0.00, 0.00, 0.00, 1.00, 1.00, 0.00, 1.00
3009,  0,  50.133,  0.98,  1, 0.00, 0.00, 1.05, 0.00, 3.73, 1.96, 0.31, 3.10, 3.70, 1.71, 0.05, 0.04, 0.00, 0.00, 3.92, 0.00, 0.01, 0.00, 0.00, 0.00, 0.00, 1.00, 1.00, 1.00, 1.00, 1.00, 1.00, 0.00, 0.00, 0.00, 0.00, 1.00, 1.00, 0.00, 1.00
3010,  0,  50.150,  0.98,  1, 0.00, 0.00, 0.92, 0.00, 3.70, 1.94, 0.35, 3.07, 3.71, 1.64, 0.05, 0.00, 0.00, 0.00, 3.93, 0.00, 0.00, 0.00, 0.00, 0.00, 0.00, 1.00, 1.00, 1.00, 1.00, 1.00, 1.00, 0.00, 0.00, 0.00, 0.00, 1.00, 1.00, 0.00, 1.00
3011,  0,  50.167,  0.98,  1, 0.00, 0.00, 1.02, 0.00, 3.70, 1.93, 0.39, 2.96, 3.69, 1.60, 0.05, 0.00, 0.00, 0.00, 3.83, 0.00, 0.00, 0.00, 0.00, 0.00, 0.00, 1.00, 1.00, 1.00, 1.00, 1.00, 1.00, 0.00, 0.00, 0.00, 0.00, 1.00, 1.00, 0.00, 1.00
3012,  0,  50.183,  0.98,  1, 0.00, 0.00, 0.99, 0.00, 3.74, 2.14, 0.36, 3.11, 3.74, 1.70, 0.00, 0.04, 0.00, 0.00, 3.75, 0.00, 0.01, 0.00, 0.00, 0.00, 0.00, 1.00, 1.00, 1.00, 1.00, 1.00, 1.00, 0.00, 0.00, 0.00, 0.00, 1.00, 1.00, 0.00, 1.00
3013,  0,  50.200,  0.98,  1, 0.00, 0.00, 1.01, 0.09, 3.73, 2.20, 0.43, 3.12, 3.75, 1.75, 0.00, 0.04, 0.08, 0.00, 3.66, 0.02, 0.01, 0.00, 0.00, 0.00, 0.00, 1.00, 1.00, 1.00, 1.00, 1.00, 1.00, 0.00, 0.00, 0.00, 0.00, 1.00, 1.00, 0.00, 1.00
3014,  0,  50.217,  0.98,  1, 0.00, 0.00, 1.20, 0.09, 3.73, 2.36, 0.49, 3.21, 3.72, 1.77, 0.00, 0.09, 0.08, 0.00, 3.49, 0.02, 0.01, 0.00, 0.00, 0.00, 0.00, 1.00, 1.00, 1.00, 1.00, 1.00, 1.00, 0.00, 0.00, 0.00, 0.00, 1.00, 1.00, 0.00, 1.00
3015,  0,  50.233,  0.98,  1, 0.00, 0.00, 1.27, 0.09, 3.76, 2.26, 0.56, 3.19, 3.68, 1.72, 0.00, 0.18, 0.08, 0.00, 3.29, 0.02, 0.00, 0.00, 0.00, 1.00, 0.00, 1.00, 1.00, 1.00, 1.00, 1.00, 1.00, 0.00, 0.00, 0.00, 0.00, 1.00, 1.00, 0.00, 0.00
3016,  0,  50.250,  0.98,  1, 0.00, 0.00, 1.45, 0.00, 3.78, 2.50, 0.54, 3.18, 3.69, 1.80, 0.01, 0.18, 0.00, 0.00, 3.38, 0.00, 0.00, 0.00, 0.00, 1.00, 0.00, 1.00, 1.00, 1.00, 1.00, 1.00, 1.00, 0.00, 0.00, 0.00, 0.00, 1.00, 1.00, 0.00, 1.00
3017,  0,  50.267,  0.98,  1, 0.00, 0.00, 1.47, 0.00, 3.86, 2.57, 0.49, 3.08, 3.73, 1.81, 0.01, 0.17, 0.00, 0.00, 3.46, 0.00, 0.00, 0.00, 0.00, 1.00, 0.00, 1.00, 1.00, 1.00, 1.00, 1.00, 1.00, 0.00, 0.00, 0.00, 0.00, 1.00, 1.00, 0.00, 1.00
3018,  0,  50.283,  0.98,  1, 0.00, 0.00, 1.46, 0.00, 3.79, 2.49, 0.51, 3.00, 3.70, 1.71, 0.01, 0.06, 0.00, 0.00, 3.57, 0.00, 0.00, 0.00, 0.00, 1.00, 0.00, 1.00, 1.00, 1.00, 1.00, 1.00, 1.00, 0.00, 0.00, 0.00, 0.00, 1.00, 1.00, 0.00, 1.00
3019,  0,  50.300,  0.98,  1, 0.00, 0.00, 1.40, 0.00, 3.82, 2.37, 0.53, 2.98, 3.65, 1.60, 0.00, 0.06, 0.00, 0.00, 3.46, 0.00, 0.00, 0.00, 0.00, 1.00, 0.00, 1.00, 1.00, 1.00, 1.00, 1.00, 1.00, 0.00, 0.00, 0.00, 0.00, 1.00, 1.00, 0.00, 1.00
3020,  0,  50.317,  0.98,  1, 0.00, 0.00, 1.39, 0.00, 3.81, 2.49, 0.56, 3.07, 3.62, 1.70, 0.02, 0.14, 0.00, 0.00, 3.63, 0.00, 0.00, 0.00, 0.00, 1.00, 0.00, 1.00, 1.00, 1.00, 1.00, 1.00, 1.00, 0.00, 0.00, 0.00, 0.00, 1.00, 1.00, 0.00, 1.00
3021,  0,  50.333,  0.98,  1, 0.00, 0.00, 1.41, 0.00, 3.80, 2.59, 0.54, 3.08, 3.64, 1.78, 0.02, 0.10, 0.00, 0.00, 3.58, 0.02, 0.00, 0.00, 0.00, 1.00, 0.00, 1.00, 1.00, 1.00, 1.00, 1.00, 1.00, 0.00, 0.00, 0.00, 0.00, 1.00, 1.00, 0.00, 1.00
3022,  0,  50.350,  0.98,  1, 0.00, 0.00, 1.57, 0.00, 3.85, 2.56, 0.64, 3.08, 3.65, 1.74, 0.02, 0.10, 0.00, 0.00, 3.67, 0.13, 0.00, 0.00, 0.00, 1.00, 0.00, 1.00, 1.00, 1.00, 1.00, 1.00, 1.00, 0.00, 0.00, 0.00, 0.00, 1.00, 1.00, 0.00, 1.00
3023,  0,  50.367,  0.98,  1, 0.00, 0.00, 1.42, 0.06, 3.75, 2.41, 0.62, 3.04, 3.62, 1.61, 0.02, 0.09, 0.00, 0.00, 3.47, 0.13, 0.01, 0.00, 0.00, 1.00, 0.00, 1.00, 1.00, 1.00, 1.00, 1.00, 1.00, 0.00, 0.00, 0.00, 0.00, 1.00, 1.00, 0.00, 1.00
3024,  0,  50.383,  0.98,  1, 0.00, 0.00, 1.42, 0.06, 3.84, 2.26, 0.59, 3.03, 3.59, 1.56, 0.02, 0.11, 0.00, 0.00, 3.56, 0.26, 0.01, 0.00, 0.00, 1.00, 0.00, 1.00, 1.00, 1.00, 1.00, 1.00, 1.00, 0.00, 0.00, 0.00, 0.00, 1.00, 1.00, 0.00, 1.00
3025,  0,  50.400,  0.98,  1, 0.00, 0.00, 1.22, 0.06, 3.78, 2.26, 0.57, 3.01, 3.56, 1.64, 0.02, 0.11, 0.00, 0.00, 3.44, 0.19, 0.01, 0.00, 0.00, 1.00, 0.00, 1.00, 1.00, 1.00, 1.00, 1.00, 1.00, 0.00, 0.00, 0.00, 0.00, 1.00, 1.00, 0.00, 1.00
3026,  0,  50.417,  0.98,  1, 0.00, 0.00, 1.26, 0.02, 3.80, 2.25, 0.59, 3.01, 3.55, 1.67, 0.00, 0.02, 0.00, 0.00, 3.61, 0.19, 0.00, 0.00, 0.00, 1.00, 0.00, 1.00, 1.00, 1.00, 1.00, 1.00, 1.00, 0.00, 0.00, 0.00, 0.00, 1.00, 1.00, 0.00, 0.00
3027,  0,  50.433,  0.98,  1, 0.00, 0.00, 1.40, 0.02, 3.80, 2.44, 0.72, 3.10, 3.52, 1.76, 0.00, 0.00, 0.00, 0.00, 3.57, 0.04, 0.00, 0.00, 0.00, 1.00, 0.00, 1.00, 1.00, 1.00, 1.00, 1.00, 1.00, 0.00, 0.00, 0.00, 0.00, 1.00, 1.00, 0.00, 0.00
3028,  0,  50.450,  0.98,  1, 0.00, 0.00, 1.54, 0.02, 3.73, 2.31, 0.73, 3.13, 3.54, 1.62, 0.00, 0.00, 0.00, 0.00, 3.74, 0.00, 0.00, 0.00, 0.00, 1.00, 0.00, 1.00, 1.00, 1.00, 1.00, 1.00, 1.00, 0.00, 0.00, 0.00, 0.00, 1.00, 1.00, 0.00, 0.00
3029,  0,  50.467,  0.98,  1, 0.00, 0.00, 1.61, 0.00, 3.76, 2.41, 0.71, 3.09, 3.60, 1.59, 0.00, 0.00, 0.00, 0.00, 3.67, 0.00, 0.11, 0.00, 0.00, 1.00, 0.00, 1.00, 1.00, 1.00, 1.00, 1.00, 1.00, 0.00, 0.00, 0.00, 0.00, 1.00, 1.00, 0.00, 0.00
3030,  0,  50.483,  0.98,  1, 0.00, 0.00, 1.53, 0.00, 3.73, 2.31, 0.65, 3.06, 3.68, 1.48, 0.00, 0.00, 0.00, 0.00, 3.69, 0.00, 0.31, 0.00, 0.00, 1.00, 0.00, 1.00, 1.00, 1.00, 1.00, 1.00, 1.00, 0.00, 0.00, 0.00, 0.00, 1.00, 1.00, 0.00, 1.00
3031,  0,  50.500,  0.98,  1, 0.00, 0.00, 1.46, 0.00, 3.78, 2.28, 0.65, 2.98, 3.72, 1.60, 0.00, 0.03, 0.00, 0.00, 3.68, 0.04, 0.53, 0.00, 0.00, 1.00, 0.00, 1.00, 1.00, 1.00, 1.00, 1.00, 1.00, 0.00, 0.00, 0.00, 0.00, 1.00, 1.00, 0.00, 1.00
3032,  0,  50.517,  0.98,  1, 0.00, 0.00, 1.32, 0.00, 3.69, 2.00, 0.67, 3.08, 3.70, 1.81, 0.00, 0.08, 0.04, 0.00, 3.67, 0.20, 0.64, 0.00, 0.00, 0.00, 0.00, 1.00, 1.00, 1.00, 1.00, 1.00, 1.00, 0.00, 0.00, 0.00, 0.00, 1.00, 1.00, 0.00, 1.00
3033,  0,  50.533,  0.98,  1, 0.00, 0.00, 1.21, 0.00, 3.54, 1.65, 0.63, 3.02, 3.68, 1.92, 0.00, 0.08, 0.04, 0.00, 3.70, 0.20, 0.82, 0.00, 0.00, 0.00, 0.00, 1.00, 1.00, 1.00, 1.00, 1.00, 1.00, 0.00, 0.00, 0.00, 0.00, 1.00, 1.00, 0.00, 1.00
3034,  0,  50.550,  0.98,  1, 0.00, 0.00, 1.28, 0.00, 3.44, 1.46, 0.48, 3.12, 3.71, 2.01, 0.00, 0.05, 0.04, 0.00, 3.75, 0.29, 1.03, 0.00, 0.00, 0.00, 0.00, 1.00, 1.00, 1.00, 1.00, 1.00, 1.00, 0.00, 0.00, 0.00, 0.00, 1.00, 1.00, 0.00, 1.00
3035,  0,  50.567,  0.98,  1, 0.00, 0.00, 1.25, 0.00, 3.38, 1.49, 0.43, 2.98, 3.67, 1.98, 0.00, 0.00, 0.00, 0.00, 3.81, 0.13, 1.17, 0.00, 0.00, 0.00, 0.00, 1.00, 1.00, 1.00, 1.00, 1.00, 1.00, 0.00, 0.00, 0.00, 0.00, 1.00, 1.00, 0.00, 1.00
3036,  0,  50.583,  0.98,  1, 0.00, 0.00, 1.31, 0.00, 3.41, 1.60, 0.45, 2.99, 3.63, 2.07, 0.00, 0.14, 0.00, 0.00, 3.76, 0.27, 1.29, 0.00, 0.00, 0.00, 0.00, 1.00, 1.00, 1.00, 1.00, 1.00, 1.00, 0.00, 0.00, 0.00, 0.00, 1.00, 1.00, 0.00, 1.00
3037,  0,  50.600,  0.98,  1, 0.00, 0.00, 1.24, 0.00, 3.45, 1.70, 0.54, 2.89, 3.55, 2.08, 0.00, 0.15, 0.00, 0.00, 3.74, 0.14, 1.20, 0.00, 0.00, 0.00, 0.00, 1.00, 1.00, 1.00, 1.00, 1.00, 1.00, 0.00, 0.00, 0.00, 0.00, 1.00, 1.00, 0.00, 1.00
3038,  0,  50.617,  0.98,  1, 0.00, 0.00, 1.35, 0.00, 3.52, 1.56, 0.60, 2.95, 3.61, 2.00, 0.00, 0.15, 0.00, 0.00, 3.84, 0.27, 1.07, 0.00, 0.00, 1.00, 0.00, 1.00, 1.00, 1.00, 1.00, 1.00, 1.00, 0.00, 0.00, 0.00, 0.00, 1.00, 1.00, 0.00, 1.00
3039,  0,  50.633,  0.98,  1, 0.00, 0.00, 1.37, 0.00, 3.56, 1.79, 0.61, 2.89, 3.62, 2.00, 0.00, 0.01, 0.00, 0.00, 3.91, 0.21, 0.75, 0.00, 0.00, 1.00, 0.00, 1.00, 1.00, 1.00, 1.00, 1.00, 1.00, 0.00, 0.00, 0.00, 0.00, 1.00, 1.00, 0.00, 1.00
3040,  0,  50.650,  0.98,  1, 0.00, 0.00, 1.59, 0.00, 3.61, 2.01, 0.68, 2.96, 3.63, 1.86, 0.00, 0.07, 0.00, 0.00, 3.89, 0.25, 0.59, 0.00, 0.00, 1.00, 0.00, 1.00, 1.00, 1.00, 1.00, 1.00, 1.00, 0.00, 0.00, 0.00, 0.00, 1.00, 1.00, 0.00, 1.00
3041,  0,  50.667,  0.98,  1, 0.00, 0.00, 1.63, 0.00, 3.66, 2.41, 0.64, 2.99, 3.66, 1.90, 0.00, 0.13, 0.00, 0.00, 3.78, 0.20, 0.53, 0.00, 0.00, 1.00, 0.00, 1.00, 1.00, 1.00, 1.00, 1.00, 1.00, 0.00, 0.00, 0.00, 0.00, 1.00, 1.00, 0.00, 1.00
3042,  0,  50.683,  0.98,  1, 0.00, 0.00, 1.61, 0.00, 3.69, 2.52, 0.69, 3.03, 3.66, 1.73, 0.00, 0.19, 0.00, 0.00, 3.70, 0.11, 0.43, 0.00, 0.00, 1.00, 0.00, 1.00, 1.00, 1.00, 1.00, 1.00, 1.00, 0.00, 0.00, 0.00, 0.00, 1.00, 1.00, 0.00, 1.00
3043,  0,  50.700,  0.98,  1, 0.00, 0.00, 1.35, 0.04, 3.70, 2.53, 0.60, 2.99, 3.67, 1.89, 0.00, 0.12, 0.00, 0.00, 3.68, 0.09, 0.31, 0.00, 0.00, 1.00, 0.00, 1.00, 1.00, 1.00, 1.00, 1.00, 1.00, 0.00, 0.00, 0.00, 0.00, 1.00, 1.00, 0.00, 1.00
3044,  0,  50.717,  0.98,  1, 0.00, 0.00, 1.26, 0.04, 3.58, 2.31, 0.67, 2.95, 3.58, 1.78, 0.00, 0.06, 0.08, 0.00, 3.64, 0.03, 0.27, 0.00, 0.00, 1.00, 0.00, 1.00, 1.00, 1.00, 1.00, 1.00, 1.00, 0.00, 0.00, 0.00, 0.00, 1.00, 1.00, 0.00, 1.00
3045,  0,  50.733,  0.98,  1, 0.00, 0.00, 1.34, 0.04, 3.57, 2.27, 0.69, 2.93, 3.48, 1.71, 0.00, 0.00, 0.08, 0.00, 3.68, 0.08, 0.50, 0.00, 0.00, 1.00, 0.00, 1.00, 1.00, 1.00, 1.00, 1.00, 1.00, 0.00, 0.00, 0.00, 0.00, 1.00, 1.00, 0.00, 1.00
3046,  0,  50.750,  0.98,  1, 0.00, 0.00, 1.44, 0.00, 3.58, 2.36, 0.82, 2.96, 3.48, 1.65, 0.00, 0.02, 0.08, 0.00, 3.55, 0.09, 0.60, 0.00, 0.00, 1.00, 0.00, 1.00, 1.00, 1.00, 1.00, 1.00, 1.00, 0.00, 0.00, 0.00, 0.00, 1.00, 1.00, 0.00, 1.00
3047,  0,  50.767,  0.98,  1, 0.00, 0.00, 1.49, 0.00, 3.74, 2.62, 0.84, 2.95, 3.46, 1.79, 0.00, 0.03, 0.00, 0.00, 3.59, 0.13, 0.54, 0.00, 0.00, 1.00, 0.00, 1.00, 1.00, 1.00, 1.00, 1.00, 1.00, 0.00, 0.00, 0.00, 0.00, 1.00, 1.00, 0.00, 1.00
3048,  0,  50.783,  0.98,  1, 0.00, 0.00, 1.49, 0.07, 3.87, 2.82, 0.85, 2.98, 3.50, 1.98, 0.00, 0.07, 0.00, 0.00, 3.61, 0.24, 0.33, 0.00, 0.00, 1.00, 0.00, 1.00, 1.00, 1.00, 1.00, 1.00, 1.00, 0.00, 0.00, 0.00, 0.00, 1.00, 1.00, 0.00, 1.00
3049,  0,  50.800,  0.98,  1, 0.00, 0.00, 1.40, 0.07, 3.84, 2.67, 0.86, 2.96, 3.45, 1.94, 0.00, 0.05, 0.03, 0.00, 3.65, 0.26, 0.29, 0.00, 0.00, 1.00, 0.00, 1.00, 1.00, 1.00, 1.00, 1.00, 1.00, 0.00, 0.00, 0.00, 0.00, 1.00, 1.00, 0.00, 1.00
3050,  0,  50.817,  0.98,  1, 0.00, 0.00, 1.31, 0.07, 3.81, 2.49, 0.85, 3.02, 3.50, 1.89, 0.00, 0.09, 0.12, 0.00, 3.65, 0.27, 0.32, 0.00, 0.00, 1.00, 0.00, 1.00, 1.00, 1.00, 1.00, 1.00, 1.00, 0.00, 0.00, 0.00, 0.00, 1.00, 1.00, 0.00, 1.00
3051,  0,  50.833,  0.98,  1, 0.00, 0.00, 1.24, 0.00, 3.69, 2.23, 0.83, 3.05, 3.46, 1.89, 0.00, 0.05, 0.13, 0.00, 3.65, 0.20, 0.20, 0.00, 0.00, 1.00, 0.00, 1.00, 1.00, 1.00, 1.00, 1.00, 1.00, 0.00, 0.00, 0.00, 0.00, 1.00, 1.00, 0.00, 1.00
3052,  0,  50.850,  0.98,  1, 0.00, 0.00, 1.30, 0.05, 3.70, 2.30, 0.67, 3.06, 3.46, 1.99, 0.00, 0.14, 0.16, 0.00, 3.61, 0.17, 0.20, 0.00, 0.00, 1.00, 0.00, 1.00, 1.00, 1.00, 1.00, 1.00, 1.00, 0.00, 0.00, 0.00, 0.00, 1.00, 1.00, 0.00, 1.00
3053,  0,  50.867,  0.98,  1, 0.00, 0.00, 1.48, 0.05, 3.68, 2.65, 0.65, 3.00, 3.42, 1.97, 0.00, 0.18, 0.08, 0.00, 3.51, 0.10, 0.16, 0.00, 0.00, 1.00, 0.00, 1.00, 1.00, 1.00, 1.00, 1.00, 1.00, 0.00, 0.00, 0.00, 0.00, 1.00, 1.00, 0.00, 1.00
3054,  0,  50.883,  0.98,  1, 0.00, 0.00, 1.41, 0.05, 3.73, 2.89, 0.66, 2.89, 3.42, 1.91, 0.00, 0.19, 0.07, 0.00, 3.33, 0.15, 0.16, 0.00, 0.00, 1.00, 0.00, 1.00, 1.00, 1.00, 1.00, 1.00, 1.00, 0.00, 0.00, 0.00, 0.00, 1.00, 1.00, 0.00, 1.00
3055,  0,  50.900,  0.98,  1, 0.00, 0.00, 1.45, 0.02, 3.68, 3.04, 0.73, 2.82, 3.38, 1.88, 0.00, 0.29, 0.00, 0.00, 3.41, 0.23, 0.08, 0.00, 0.00, 1.00, 0.00, 1.00, 1.00, 1.00, 1.00, 1.00, 1.00, 0.00, 0.00, 0.00, 0.00, 1.00, 1.00, 0.00, 1.00
3056,  0,  50.917,  0.98,  1, 0.00, 0.00, 1.42, 0.02, 3.64, 2.75, 0.72, 2.88, 3.31, 1.83, 0.00, 0.19, 0.00, 0.00, 3.46, 0.22, 0.04, 0.00, 0.00, 1.00, 0.00, 1.00, 1.00, 1.00, 1.00, 1.00, 1.00, 0.00, 0.00, 0.00, 0.00, 1.00, 1.00, 0.00, 1.00
3057,  0,  50.933,  0.98,  1, 0.00, 0.00, 1.63, 0.02, 3.62, 2.78, 0.74, 3.02, 3.31, 1.72, 0.00, 0.23, 0.00, 0.00, 3.57, 0.22, 0.04, 0.00, 0.00, 1.00, 0.00, 1.00, 1.00, 1.00, 1.00, 1.00, 1.00, 0.00, 0.00, 0.00, 0.00, 1.00, 1.00, 0.00, 1.00
3058,  0,  50.950,  0.98,  1, 0.00, 0.00, 1.51, 0.02, 3.69, 2.72, 0.73, 3.15, 3.35, 1.58, 0.00, 0.05, 0.00, 0.00, 3.65, 0.18, 0.00, 0.00, 0.00, 1.00, 0.00, 1.00, 1.00, 1.00, 1.00, 1.00, 1.00, 0.00, 0.00, 0.00, 0.00, 1.00, 1.00, 0.00, 1.00
3059,  0,  50.967,  0.98,  1, 0.00, 0.00, 1.47, 0.02, 3.74, 2.83, 0.76, 3.10, 3.37, 1.55, 0.00, 0.05, 0.00, 0.00, 3.65, 0.22, 0.00, 0.00, 0.00, 1.00, 0.00, 1.00, 1.00, 1.00, 1.00, 1.00, 1.00, 0.00, 0.00, 0.00, 0.00, 1.00, 1.00, 0.00, 1.00
3060,  0,  50.983,  0.98,  1, 0.00, 0.00, 1.37, 0.02, 3.75, 2.71, 0.68, 3.05, 3.37, 1.68, 0.00, 0.00, 0.00, 0.00, 3.75, 0.14, 0.00, 0.00, 0.00, 1.00, 0.00, 1.00, 1.00, 1.00, 1.00, 1.00, 1.00, 0.00, 0.00, 0.00, 0.00, 1.00, 1.00, 0.00, 0.00
3061,  0,  51.000,  0.98,  1, 0.00, 0.00, 1.42, 0.00, 3.71, 2.45, 0.72, 2.84, 3.35, 1.73, 0.00, 0.02, 0.00, 0.00, 3.68, 0.09, 0.00, 0.00, 0.00, 1.00, 0.00, 1.00, 1.00, 1.00, 1.00, 1.00, 1.00, 0.00, 0.00, 0.00, 0.00, 1.00, 1.00, 0.00, 0.00
3062,  0,  51.017,  0.98,  1, 0.00, 0.00, 1.34, 0.00, 3.65, 2.19, 0.74, 2.87, 3.32, 1.78, 0.00, 0.05, 0.00, 0.00, 3.68, 0.08, 0.00, 0.00, 0.00, 0.00, 0.00, 1.00, 1.00, 1.00, 1.00, 1.00, 1.00, 0.00, 0.00, 0.00, 0.00, 1.00, 1.00, 0.00, 0.00
3063,  0,  51.033,  0.98,  1, 0.00, 0.00, 1.32, 0.00, 3.63, 2.28, 0.84, 2.83, 3.31, 1.68, 0.00, 0.05, 0.00, 0.00, 3.62, 0.10, 0.00, 0.00, 0.00, 1.00, 0.00, 1.00, 1.00, 1.00, 1.00, 1.00, 1.00, 0.00, 0.00, 0.00, 0.00, 1.00, 1.00, 0.00, 0.00
3064,  0,  51.050,  0.98,  1, 0.00, 0.00, 1.36, 0.00, 3.54, 2.39, 0.78, 2.90, 3.27, 1.63, 0.00, 0.04, 0.00, 0.00, 3.67, 0.10, 0.00, 0.00, 0.00, 1.00, 0.00, 1.00, 1.00, 1.00, 1.00, 1.00, 1.00, 0.00, 0.00, 0.00, 0.00, 1.00, 1.00, 0.00, 0.00
3065,  0,  51.067,  0.98,  1, 0.00, 0.00, 1.45, 0.00, 3.48, 2.56, 0.70, 2.85, 3.29, 1.51, 0.00, 0.00, 0.00, 0.00, 3.81, 0.07, 0.00, 0.00, 0.00, 1.00, 0.00, 1.00, 1.00, 1.00, 1.00, 1.00, 1.00, 0.00, 0.00, 0.00, 0.00, 1.00, 1.00, 0.00, 0.00
3066,  0,  51.083,  0.98,  1, 0.00, 0.00, 1.45, 0.01, 3.44, 2.57, 0.59, 2.76, 3.29, 1.46, 0.00, 0.00, 0.00, 0.00, 3.74, 0.00, 0.00, 0.00, 0.00, 1.00, 0.00, 1.00, 1.00, 1.00, 1.00, 1.00, 1.00, 0.00, 0.00, 0.00, 0.00, 1.00, 1.00, 0.00, 0.00
3067,  0,  51.100,  0.98,  1, 0.00, 0.00, 1.57, 0.01, 3.46, 2.59, 0.62, 2.82, 3.25, 1.63, 0.00, 0.00, 0.00, 0.00, 3.62, 0.00, 0.00, 0.00, 0.00, 1.00, 0.00, 1.00, 1.00, 1.00, 1.00, 1.00, 1.00, 0.00, 0.00, 0.00, 0.00, 1.00, 1.00, 0.00, 0.00
3068,  0,  51.117,  0.98,  1, 0.00, 0.00, 1.48, 0.01, 3.50, 2.41, 0.67, 2.76, 3.23, 1.75, 0.00, 0.00, 0.00, 0.00, 3.51, 0.00, 0.00, 0.00, 0.00, 1.00, 0.00, 1.00, 1.00, 1.00, 1.00, 1.00, 1.00, 0.00, 0.00, 0.00, 0.00, 1.00, 1.00, 0.00, 0.00
3069,  0,  51.133,  0.98,  1, 0.00, 0.00, 1.47, 0.26, 3.47, 2.11, 0.71, 2.90, 3.24, 1.81, 0.00, 0.00, 0.00, 0.00, 3.48, 0.00, 0.00, 0.00, 0.00, 1.00, 0.00, 1.00, 1.00, 1.00, 1.00, 1.00, 1.00, 0.00, 0.00, 0.00, 0.00, 1.00, 1.00, 0.00, 0.00
3070,  0,  51.150,  0.98,  1, 0.00, 0.00, 1.36, 0.28, 3.50, 2.05, 0.73, 2.77, 3.27, 1.68, 0.00, 0.00, 0.01, 0.00, 3.47, 0.00, 0.00, 0.00, 0.00, 1.00, 0.00, 1.00, 1.00, 1.00, 1.00, 1.00, 1.00, 0.00, 0.00, 0.00, 0.00, 1.00, 1.00, 0.00, 0.00
3071,  0,  51.167,  0.98,  1, 0.00, 0.00, 1.36, 0.32, 3.53, 2.26, 0.75, 2.77, 3.25, 1.57, 0.00, 0.00, 0.01, 0.00, 3.57, 0.00, 0.00, 0.00, 0.00, 1.00, 0.00, 1.00, 1.00, 1.00, 1.00, 1.00, 1.00, 0.00, 0.00, 0.00, 0.00, 1.00, 1.00, 0.00, 0.00
3072,  0,  51.183,  0.98,  1, 0.00, 0.00, 1.37, 0.06, 3.55, 2.27, 0.78, 2.66, 3.25, 1.55, 0.00, 0.02, 0.01, 0.00, 3.67, 0.00, 0.00, 0.00, 0.00, 1.00, 0.00, 1.00, 1.00, 1.00, 1.00, 1.00, 1.00, 0.00, 0.00, 0.00, 0.00, 1.00, 1.00, 0.00, 0.00
3073,  0,  51.200,  0.98,  1, 0.00, 0.00, 1.30, 0.04, 3.54, 2.38, 0.82, 2.80, 3.29, 1.64, 0.00, 0.02, 0.00, 0.00, 3.67, 0.03, 0.00, 0.00, 0.00, 1.00, 0.00, 1.00, 1.00, 1.00, 1.00, 1.00, 1.00, 0.00, 0.00, 0.00, 0.00, 1.00, 1.00, 0.00, 0.00
3074,  0,  51.217,  0.98,  1, 0.00, 0.00, 1.33, 0.00, 3.50, 2.09, 0.77, 2.80, 3.29, 1.72, 0.00, 0.07, 0.00, 0.00, 3.46, 0.13, 0.00, 0.00, 0.00, 1.00, 0.00, 1.00, 1.00, 1.00, 1.00, 1.00, 1.00, 0.00, 0.00, 0.00, 0.00, 1.00, 1.00, 0.00, 0.00
3075,  0,  51.233,  0.98,  1, 0.00, 0.00, 1.25, 0.00, 3.49, 2.10, 0.67, 2.87, 3.35, 1.81, 0.00, 0.10, 0.00, 0.00, 3.43, 0.21, 0.00, 0.00, 0.00, 1.00, 0.00, 1.00, 1.00, 1.00, 1.00, 1.00, 1.00, 0.00, 0.00, 0.00, 0.00, 1.00, 1.00, 0.00, 0.00
3076,  0,  51.250,  0.98,  1, 0.00, 0.00, 1.22, 0.00, 3.58, 2.14, 0.63, 2.86, 3.35, 1.75, 0.00, 0.19, 0.00, 0.00, 3.56, 0.20, 0.00, 0.00, 0.00, 1.00, 0.00, 1.00, 1.00, 1.00, 1.00, 1.00, 1.00, 0.00, 0.00, 0.00, 0.00, 1.00, 1.00, 0.00, 0.00
3077,  0,  51.267,  0.98,  1, 0.00, 0.00, 1.31, 0.00, 3.57, 2.48, 0.52, 2.87, 3.42, 1.71, 0.00, 0.13, 0.00, 0.00, 3.69, 0.09, 0.00, 0.00, 0.00, 1.00, 0.00, 1.00, 1.00, 1.00, 1.00, 1.00, 1.00, 0.00, 0.00, 0.00, 0.00, 1.00, 1.00, 0.00, 0.00
3078,  0,  51.283,  0.98,  1, 0.00, 0.00, 1.39, 0.00, 3.63, 2.66, 0.66, 2.82, 3.35, 1.61, 0.00, 0.09, 0.00, 0.00, 3.58, 0.02, 0.00, 0.00, 0.00, 1.00, 0.00, 1.00, 1.00, 1.00, 1.00, 1.00, 1.00, 0.00, 0.00, 0.00, 0.00, 1.00, 1.00, 0.00, 0.00
3079,  0,  51.300,  0.98,  1, 0.00, 0.00, 1.54, 0.01, 3.57, 2.68, 0.58, 2.77, 3.36, 1.44, 0.00, 0.06, 0.00, 0.00, 3.46, 0.00, 0.00, 0.00, 0.00, 1.00, 0.00, 1.00, 1.00, 1.00, 1.00, 1.00, 1.00, 0.00, 0.00, 0.00, 0.00, 1.00, 1.00, 0.00, 0.00
3080,  0,  51.317,  0.98,  1, 0.00, 0.00, 1.39, 0.08, 3.58, 2.67, 0.66, 2.83, 3.33, 1.42, 0.00, 0.06, 0.00, 0.00, 3.41, 0.07, 0.00, 0.00, 0.00, 1.00, 0.00, 1.00, 1.00, 1.00, 1.00, 1.00, 1.00, 0.00, 0.00, 0.00, 0.00, 1.00, 1.00, 0.00, 0.00
3081,  0,  51.333,  0.98,  1, 0.00, 0.00, 1.38, 0.18, 3.53, 2.70, 0.54, 2.86, 3.35, 1.43, 0.00, 0.10, 0.00, 0.00, 3.54, 0.07, 0.00, 0.00, 0.00, 1.00, 0.00, 1.00, 1.00, 1.00, 1.00, 1.00, 1.00, 0.00, 0.00, 0.00, 0.00, 1.00, 1.00, 0.00, 0.00
3082,  0,  51.350,  0.98,  1, 0.00, 0.00, 1.34, 0.17, 3.56, 2.80, 0.65, 2.94, 3.42, 1.51, 0.00, 0.08, 0.00, 0.00, 3.42, 0.07, 0.00, 0.00, 0.00, 1.00, 0.00, 1.00, 1.00, 1.00, 1.00, 1.00, 1.00, 0.00, 0.00, 0.00, 0.00, 1.00, 1.00, 0.00, 0.00
3083,  0,  51.367,  0.98,  1, 0.00, 0.00, 1.40, 0.14, 3.53, 2.74, 0.68, 3.00, 3.46, 1.55, 0.00, 0.08, 0.00, 0.00, 3.39, 0.02, 0.00, 0.00, 0.00, 1.00, 0.00, 1.00, 1.00, 1.00, 1.00, 1.00, 1.00, 0.00, 0.00, 0.00, 0.00, 1.00, 1.00, 0.00, 0.00
3084,  0,  51.383,  0.98,  1, 0.00, 0.00, 1.32, 0.18, 3.54, 2.61, 0.67, 3.03, 3.49, 1.65, 0.00, 0.08, 0.00, 0.00, 3.34, 0.02, 0.00, 0.00, 0.00, 1.00, 0.00, 1.00, 1.00, 1.00, 1.00, 1.00, 1.00, 0.00, 0.00, 0.00, 0.00, 1.00, 1.00, 0.00, 0.00
3085,  0,  51.400,  0.98,  1, 0.00, 0.00, 1.25, 0.22, 3.47, 2.53, 0.53, 3.00, 3.42, 1.69, 0.00, 0.10, 0.00, 0.00, 3.39, 0.02, 0.00, 0.00, 0.00, 1.00, 0.00, 1.00, 1.00, 1.00, 1.00, 1.00, 1.00, 0.00, 0.00, 0.00, 0.00, 1.00, 1.00, 0.00, 0.00
3086,  0,  51.417,  0.98,  1, 0.00, 0.00, 1.39, 0.18, 3.51, 2.43, 0.51, 2.93, 3.39, 1.75, 0.00, 0.10, 0.00, 0.00, 3.47, 0.00, 0.11, 0.00, 0.00, 1.00, 0.00, 1.00, 1.00, 1.00, 1.00, 1.00, 1.00, 0.00, 0.00, 0.00, 0.00, 1.00, 1.00, 0.00, 0.00
3087,  0,  51.433,  0.98,  1, 0.00, 0.00, 1.43, 0.04, 3.55, 2.34, 0.59, 2.87, 3.40, 1.75, 0.00, 0.07, 0.00, 0.00, 3.50, 0.00, 0.21, 0.00, 0.00, 1.00, 0.00, 1.00, 1.00, 1.00, 1.00, 1.00, 1.00, 0.00, 0.00, 0.00, 0.00, 1.00, 1.00, 0.00, 1.00
3088,  0,  51.450,  0.98,  1, 0.00, 0.00, 1.46, 0.00, 3.59, 1.87, 0.60, 2.86, 3.46, 1.86, 0.00, 0.00, 0.10, 0.00, 3.65, 0.00, 0.65, 0.00, 0.00, 1.00, 0.00, 1.00, 1.00, 1.00, 1.00, 1.00, 1.00, 0.00, 0.00, 0.00, 0.00, 1.00, 1.00, 0.00, 1.00
3089,  0,  51.467,  0.98,  1, 0.00, 0.00, 1.16, 0.00, 3.53, 1.63, 0.48, 2.87, 3.59, 1.81, 0.00, 0.02, 0.10, 0.00, 3.64, 0.00, 0.94, 0.00, 0.00, 1.00, 0.00, 1.00, 1.00, 1.00, 1.00, 1.00, 1.00, 0.00, 0.00, 0.00, 0.00, 1.00, 1.00, 0.00, 1.00
3090,  0,  51.483,  0.98,  1, 0.00, 0.00, 1.05, 0.00, 3.39, 1.45, 0.31, 2.93, 3.61, 1.79, 0.00, 0.02, 0.12, 0.00, 3.70, 0.01, 1.34, 0.00, 0.00, 1.00, 0.00, 1.00, 1.00, 1.00, 1.00, 1.00, 1.00, 0.00, 0.00, 0.00, 0.00, 1.00, 1.00, 0.00, 1.00
3091,  0,  51.500,  0.98,  1, 0.00, 0.00, 1.07, 0.00, 3.26, 1.57, 0.35, 2.92, 3.64, 1.83, 0.00, 0.02, 0.02, 0.00, 3.64, 0.01, 1.38, 0.00, 0.00, 1.00, 0.00, 1.00, 1.00, 1.00, 1.00, 1.00, 1.00, 0.00, 0.00, 0.00, 0.00, 1.00, 1.00, 0.00, 1.00
3092,  0,  51.517,  0.98,  1, 0.00, 0.00, 1.21, 0.00, 3.29, 1.64, 0.34, 2.98, 3.56, 1.88, 0.00, 0.01, 0.07, 0.00, 3.55, 0.01, 1.33, 0.00, 0.00, 0.00, 0.00, 1.00, 1.00, 1.00, 1.00, 1.00, 1.00, 0.00, 0.00, 0.00, 0.00, 1.00, 1.00, 0.00, 1.00
3093,  0,  51.533,  0.98,  1, 0.00, 0.00, 1.31, 0.00, 3.37, 1.58, 0.43, 2.90, 3.60, 1.78, 0.00, 0.01, 0.05, 0.00, 3.44, 0.00, 1.00, 0.00, 0.00, 0.00, 0.00, 1.00, 1.00, 1.00, 1.00, 1.00, 1.00, 0.00, 0.00, 0.00, 0.00, 1.00, 1.00, 0.00, 1.00
3094,  0,  51.550,  0.98,  1, 0.00, 0.00, 1.33, 0.00, 3.58, 2.02, 0.46, 2.97, 3.60, 1.83, 0.00, 0.00, 0.11, 0.00, 3.40, 0.00, 0.81, 0.00, 0.00, 1.00, 0.00, 1.00, 1.00, 1.00, 1.00, 1.00, 1.00, 0.00, 0.00, 0.00, 0.00, 1.00, 1.00, 0.00, 1.00
3095,  0,  51.567,  0.98,  1, 0.00, 0.00, 1.46, 0.00, 3.65, 2.55, 0.51, 2.93, 3.64, 1.81, 0.00, 0.00, 0.05, 0.00, 3.48, 0.00, 0.63, 0.00, 0.00, 1.00, 0.00, 1.00, 1.00, 1.00, 1.00, 1.00, 1.00, 0.00, 0.00, 0.00, 0.00, 1.00, 1.00, 0.00, 1.00
3096,  0,  51.583,  0.98,  1, 0.00, 0.00, 1.56, 0.00, 3.73, 2.98, 0.53, 3.06, 3.63, 1.95, 0.00, 0.11, 0.05, 0.00, 3.53, 0.04, 0.63, 0.00, 0.00, 1.00, 0.00, 1.00, 1.00, 1.00, 1.00, 1.00, 1.00, 0.00, 0.00, 0.00, 0.00, 1.00, 1.00, 0.00, 1.00
3097,  0,  51.600,  0.98,  1, 0.00, 0.00, 1.51, 0.00, 3.68, 2.85, 0.48, 3.07, 3.65, 1.88, 0.01, 0.23, 0.00, 0.00, 3.46, 0.05, 0.39, 0.00, 0.00, 1.00, 0.00, 1.00, 1.00, 1.00, 1.00, 1.00, 1.00, 0.00, 0.00, 0.00, 0.00, 1.00, 1.00, 0.00, 1.00
3098,  0,  51.617,  0.98,  1, 0.00, 0.00, 1.44, 0.00, 3.71, 2.59, 0.57, 3.13, 3.64, 1.84, 0.01, 0.23, 0.04, 0.00, 3.54, 0.05, 0.35, 0.00, 0.00, 1.00, 0.00, 1.00, 1.00, 1.00, 1.00, 1.00, 1.00, 0.00, 0.00, 0.00, 0.00, 1.00, 1.00, 0.00, 1.00
3099,  0,  51.633,  0.98,  1, 0.00, 0.00, 1.42, 0.00, 3.76, 2.52, 0.61, 3.11, 3.62, 1.70, 0.01, 0.21, 0.09, 0.00, 3.55, 0.02, 0.18, 0.00, 0.00, 1.00, 0.00, 1.00, 1.00, 1.00, 1.00, 1.00, 1.00, 0.00, 0.00, 0.00, 0.00, 1.00, 1.00, 0.00, 1.00
3100,  0,  51.650,  0.98,  1, 0.00, 0.00, 1.39, 0.00, 3.76, 2.36, 0.53, 3.05, 3.57, 1.54, 0.00, 0.09, 0.09, 0.00, 3.68, 0.00, 0.30, 0.00, 0.00, 1.00, 0.00, 1.00, 1.00, 1.00, 1.00, 1.00, 1.00, 0.00, 0.00, 0.00, 0.00, 1.00, 1.00, 0.00, 1.00
3101,  0,  51.667,  0.98,  1, 0.00, 0.00, 1.31, 0.00, 3.75, 2.13, 0.46, 3.06, 3.60, 1.55, 0.00, 0.19, 0.05, 0.00, 3.68, 0.05, 0.17, 0.00, 0.00, 1.00, 0.00, 1.00, 1.00, 1.00, 1.00, 1.00, 1.00, 0.00, 0.00, 0.00, 0.00, 1.00, 1.00, 0.00, 1.00
3102,  0,  51.683,  0.98,  1, 0.00, 0.00, 1.34, 0.00, 3.72, 2.20, 0.42, 3.08, 3.63, 1.59, 0.00, 0.17, 0.00, 0.00, 3.59, 0.05, 0.19, 0.00, 0.00, 1.00, 0.00, 1.00, 1.00, 1.00, 1.00, 1.00, 1.00, 0.00, 0.00, 0.00, 0.00, 1.00, 1.00, 0.00, 1.00
3103,  0,  51.700,  0.98,  1, 0.00, 0.00, 1.43, 0.00, 3.79, 2.36, 0.49, 3.19, 3.67, 1.82, 0.00, 0.21, 0.09, 0.00, 3.64, 0.05, 0.09, 0.00, 0.00, 1.00, 0.00, 1.00, 1.00, 1.00, 1.00, 1.00, 1.00, 0.00, 0.00, 0.00, 0.00, 1.00, 1.00, 0.00, 1.00
3104,  0,  51.717,  0.98,  1, 0.00, 0.00, 1.48, 0.00, 3.81, 2.56, 0.46, 3.12, 3.67, 2.00, 0.00, 0.11, 0.14, 0.00, 3.65, 0.00, 0.12, 0.00, 0.00, 1.00, 0.00, 1.00, 1.00, 1.00, 1.00, 1.00, 1.00, 0.00, 0.00, 0.00, 0.00, 1.00, 1.00, 0.00, 1.00
3105,  0,  51.733,  0.98,  1, 0.00, 0.00, 1.50, 0.00, 3.80, 2.40, 0.42, 3.07, 3.71, 1.95, 0.00, 0.08, 0.14, 0.00, 3.62, 0.00, 0.25, 0.00, 0.00, 1.00, 0.00, 1.00, 1.00, 1.00, 1.00, 1.00, 1.00, 0.00, 0.00, 0.00, 0.00, 1.00, 1.00, 0.00, 1.00
3106,  0,  51.750,  0.98,  1, 0.00, 0.00, 1.42, 0.00, 3.79, 2.36, 0.41, 2.89, 3.76, 1.84, 0.00, 0.07, 0.04, 0.00, 3.58, 0.00, 0.18, 0.00, 0.00, 1.00, 0.00, 1.00, 1.00, 1.00, 1.00, 1.00, 1.00, 0.00, 0.00, 0.00, 0.00, 1.00, 1.00, 0.00, 1.00
3107,  0,  51.767,  0.98,  1, 0.00, 0.00, 1.52, 0.00, 3.74, 2.34, 0.48, 2.82, 3.75, 1.77, 0.00, 0.13, 0.00, 0.00, 3.56, 0.00, 0.17, 0.00, 0.00, 1.00, 0.00, 1.00, 1.00, 1.00, 1.00, 1.00, 1.00, 0.00, 0.00, 0.00, 0.00, 1.00, 1.00, 0.00, 1.00
3108,  0,  51.783,  0.98,  1, 0.00, 0.00, 1.35, 0.00, 3.75, 2.44, 0.47, 2.77, 3.79, 1.88, 0.00, 0.10, 0.01, 0.00, 3.64, 0.00, 0.15, 0.00, 0.00, 1.00, 0.00, 1.00, 1.00, 1.00, 1.00, 1.00, 1.00, 0.00, 0.00, 0.00, 0.00, 1.00, 1.00, 0.00, 1.00
3109,  0,  51.800,  0.98,  1, 0.00, 0.00, 1.43, 0.00, 3.81, 2.56, 0.49, 2.81, 3.81, 1.88, 0.00, 0.07, 0.01, 0.00, 3.60, 0.00, 0.15, 0.00, 0.00, 1.00, 0.00, 1.00, 1.00, 1.00, 1.00, 1.00, 1.00, 0.00, 0.00, 0.00, 0.00, 1.00, 1.00, 0.00, 1.00
3110,  0,  51.817,  0.98,  1, 0.00, 0.00, 1.29, 0.00, 3.91, 2.80, 0.42, 2.86, 3.80, 1.75, 0.00, 0.01, 0.01, 0.00, 3.47, 0.02, 0.12, 0.00, 0.00, 1.00, 0.00, 1.00, 1.00, 1.00, 1.00, 1.00, 1.00, 0.00, 0.00, 0.00, 0.00, 1.00, 1.00, 0.00, 1.00
3111,  0,  51.833,  0.98,  1, 0.00, 0.00, 1.33, 0.07, 3.98, 2.79, 0.45, 2.98, 3.78, 1.65, 0.00, 0.01, 0.00, 0.00, 3.54, 0.02, 0.00, 0.00, 0.00, 1.00, 0.00, 1.00, 1.00, 1.00, 1.00, 1.00, 1.00, 0.00, 0.00, 0.00, 0.00, 1.00, 1.00, 0.00, 1.00
3112,  0,  51.850,  0.98,  1, 0.00, 0.00, 1.29, 0.07, 4.04, 2.58, 0.45, 3.05, 3.76, 1.63, 0.00, 0.00, 0.00, 0.00, 3.61, 0.02, 0.00, 0.00, 0.00, 1.00, 0.00, 1.00, 1.00, 1.00, 1.00, 1.00, 1.00, 0.00, 0.00, 0.00, 0.00, 1.00, 1.00, 0.00, 1.00
3113,  0,  51.867,  0.98,  1, 0.00, 0.00, 1.29, 0.07, 4.01, 2.47, 0.49, 3.14, 3.82, 1.77, 0.00, 0.05, 0.00, 0.00, 3.82, 0.00, 0.03, 0.00, 0.00, 1.00, 0.00, 1.00, 1.00, 1.00, 1.00, 1.00, 1.00, 0.00, 0.00, 0.00, 0.00, 1.00, 1.00, 0.00, 1.00
3114,  0,  51.883,  0.98,  1, 0.00, 0.00, 1.17, 0.00, 3.92, 2.55, 0.44, 3.14, 3.82, 1.93, 0.00, 0.07, 0.00, 0.00, 3.68, 0.00, 0.03, 0.00, 0.00, 1.00, 0.00, 1.00, 1.00, 1.00, 1.00, 1.00, 1.00, 0.00, 0.00, 0.00, 0.00, 1.00, 1.00, 0.00, 1.00
3115,  0,  51.900,  0.98,  1, 0.00, 0.00, 1.23, 0.00, 3.88, 2.72, 0.35, 3.08, 3.80, 1.90, 0.00, 0.07, 0.00, 0.00, 3.64, 0.00, 0.03, 0.00, 0.00, 1.00, 0.00, 1.00, 1.00, 1.00, 1.00, 1.00, 1.00, 0.00, 0.00, 0.00, 0.00, 1.00, 1.00, 0.00, 1.00
3116,  0,  51.917,  0.98,  1, 0.00, 0.00, 1.28, 0.00, 3.89, 2.78, 0.40, 3.03, 3.78, 1.86, 0.00, 0.02, 0.00, 0.00, 3.57, 0.00, 0.00, 0.00, 0.00, 1.00, 0.00, 1.00, 1.00, 1.00, 1.00, 1.00, 1.00, 0.00, 0.00, 0.00, 0.00, 1.00, 1.00, 0.00, 1.00
3117,  0,  51.933,  0.98,  1, 0.00, 0.00, 1.53, 0.04, 3.99, 2.76, 0.42, 2.99, 3.75, 1.77, 0.00, 0.01, 0.00, 0.00, 3.67, 0.00, 0.00, 0.00, 0.00, 1.00, 0.00, 1.00, 1.00, 1.00, 1.00, 1.00, 1.00, 0.00, 0.00, 0.00, 0.00, 1.00, 1.00, 0.00, 1.00
3118,  0,  51.950,  0.98,  1, 0.00, 0.00, 1.53, 0.04, 3.97, 2.87, 0.45, 3.02, 3.73, 1.68, 0.05, 0.14, 0.00, 0.00, 3.64, 0.00, 0.00, 0.00, 0.00, 1.00, 0.00, 1.00, 1.00, 1.00, 1.00, 1.00, 1.00, 0.00, 0.00, 0.00, 0.00, 1.00, 1.00, 0.00, 1.00
3119,  0,  51.967,  0.98,  1, 0.00, 0.00, 1.53, 0.04, 4.00, 2.75, 0.33, 3.05, 3.72, 1.64, 0.05, 0.18, 0.00, 0.00, 3.55, 0.00, 0.00, 0.00, 0.00, 1.00, 0.00, 1.00, 1.00, 1.00, 1.00, 1.00, 1.00, 0.00, 0.00, 0.00, 0.00, 1.00, 1.00, 0.00, 1.00
3120,  0,  51.983,  0.98,  1, 0.00, 0.00, 1.31, 0.00, 4.00, 2.65, 0.33, 3.08, 3.78, 1.67, 0.05, 0.16, 0.08, 0.00, 3.51, 0.00, 0.00, 0.00, 0.00, 1.00, 0.00, 1.00, 1.00, 1.00, 1.00, 1.00, 1.00, 0.00, 0.00, 0.00, 0.00, 1.00, 1.00, 0.00, 1.00
3121,  0,  52.000,  0.98,  1, 0.00, 0.00, 1.23, 0.00, 4.03, 2.56, 0.36, 3.15, 3.85, 1.72, 0.00, 0.03, 0.08, 0.00, 3.49, 0.00, 0.01, 0.00, 0.00, 1.00, 0.00, 1.00, 1.00, 1.00, 1.00, 1.00, 1.00, 0.00, 0.00, 0.00, 0.00, 1.00, 1.00, 0.00, 1.00
3122,  0,  52.017,  0.98,  1, 0.00, 0.00, 1.06, 0.00, 4.03, 2.60, 0.38, 3.17, 3.87, 1.70, 0.00, 0.06, 0.08, 0.00, 3.55, 0.00, 0.09, 0.00, 0.00, 1.00, 0.00, 1.00, 1.00, 1.00, 1.00, 1.00, 1.00, 0.00, 0.00, 0.00, 0.00, 1.00, 1.00, 0.00, 1.00
3123,  0,  52.033,  0.98,  1, 0.00, 0.00, 1.31, 0.00, 4.00, 2.72, 0.36, 3.15, 3.79, 1.66, 0.00, 0.06, 0.00, 0.00, 3.51, 0.00, 0.09, 0.00, 0.00, 1.00, 0.00, 1.00, 1.00, 1.00, 1.00, 1.00, 1.00, 0.00, 0.00, 0.00, 0.00, 1.00, 1.00, 0.00, 1.00
3124,  0,  52.050,  0.98,  1, 0.00, 0.00, 1.31, 0.00, 3.91, 2.64, 0.32, 3.05, 3.76, 1.76, 0.00, 0.17, 0.00, 0.00, 3.64, 0.00, 0.08, 0.00, 0.00, 1.00, 0.00, 1.00, 1.00, 1.00, 1.00, 1.00, 1.00, 0.00, 0.00, 0.00, 0.00, 1.00, 1.00, 0.00, 1.00
3125,  0,  52.067,  0.98,  1, 0.00, 0.00, 1.46, 0.00, 3.92, 2.54, 0.36, 2.94, 3.75, 1.58, 0.00, 0.11, 0.00, 0.00, 3.76, 0.00, 0.00, 0.00, 0.00, 1.00, 0.00, 1.00, 1.00, 1.00, 1.00, 1.00, 1.00, 0.00, 0.00, 0.00, 0.00, 1.00, 1.00, 0.00, 1.00
3126,  0,  52.083,  0.98,  1, 0.00, 0.00, 1.27, 0.00, 3.92, 2.55, 0.38, 2.87, 3.84, 1.59, 0.00, 0.11, 0.00, 0.00, 3.91, 0.00, 0.00, 0.00, 0.00, 1.00, 0.00, 1.00, 1.00, 1.00, 1.00, 1.00, 1.00, 0.00, 0.00, 0.00, 0.00, 1.00, 1.00, 0.00, 1.00
3127,  0,  52.100,  0.98,  1, 0.00, 0.00, 1.23, 0.00, 3.88, 2.56, 0.44, 2.96, 3.88, 1.59, 0.00, 0.00, 0.00, 0.00, 3.87, 0.00, 0.00, 0.00, 0.00, 1.00, 0.00, 1.00, 1.00, 1.00, 1.00, 1.00, 1.00, 0.00, 0.00, 0.00, 0.00, 1.00, 1.00, 0.00, 1.00
3128,  0,  52.117,  0.98,  1, 0.00, 0.00, 1.16, 0.00, 3.88, 2.63, 0.43, 3.07, 3.87, 1.69, 0.00, 0.00, 0.00, 0.00, 3.75, 0.00, 0.00, 0.00, 0.00, 1.00, 0.00, 1.00, 1.00, 1.00, 1.00, 1.00, 1.00, 0.00, 0.00, 0.00, 0.00, 1.00, 1.00, 0.00, 1.00
3129,  0,  52.133,  0.98,  1, 0.00, 0.00, 1.17, 0.00, 3.82, 2.48, 0.36, 3.09, 3.84, 1.58, 0.00, 0.01, 0.00, 0.00, 3.72, 0.00, 0.00, 0.00, 0.00, 1.00, 0.00, 1.00, 1.00, 1.00, 1.00, 1.00, 1.00, 0.00, 0.00, 0.00, 0.00, 1.00, 1.00, 0.00, 1.00
3130,  0,  52.150,  0.98,  1, 0.00, 0.00, 1.32, 0.00, 3.96, 2.52, 0.34, 3.10, 3.83, 1.58, 0.00, 0.01, 0.00, 0.00, 3.71, 0.00, 0.00, 0.00, 0.00, 1.00, 0.00, 1.00, 1.00, 1.00, 1.00, 1.00, 1.00, 0.00, 0.00, 0.00, 0.00, 1.00, 1.00, 0.00, 1.00
3131,  0,  52.167,  0.98,  1, 0.00, 0.00, 1.31, 0.00, 3.98, 2.58, 0.26, 2.99, 3.85, 1.62, 0.00, 0.01, 0.00, 0.00, 3.79, 0.00, 0.00, 0.00, 0.00, 1.00, 0.00, 1.00, 1.00, 1.00, 1.00, 1.00, 1.00, 0.00, 0.00, 0.00, 0.00, 1.00, 1.00, 0.00, 1.00
3132,  0,  52.183,  0.98,  1, 0.00, 0.00, 1.25, 0.00, 4.02, 2.60, 0.34, 3.09, 3.86, 1.74, 0.00, 0.00, 0.00, 0.00, 3.73, 0.00, 0.07, 0.00, 0.00, 0.00, 0.00, 1.00, 1.00, 1.00, 1.00, 1.00, 1.00, 0.00, 0.00, 0.00, 0.00, 1.00, 1.00, 0.00, 1.00
3133,  0,  52.200,  0.98,  1, 0.00, 0.00, 1.17, 0.00, 3.99, 2.54, 0.27, 3.11, 3.83, 1.64, 0.00, 0.00, 0.00, 0.00, 3.80, 0.00, 0.07, 0.00, 0.00, 0.00, 0.00, 1.00, 1.00, 1.00, 1.00, 1.00, 1.00, 0.00, 0.00, 0.00, 0.00, 1.00, 1.00, 0.00, 1.00
3134,  0,  52.217,  0.98,  1, 0.00, 0.00, 1.01, 0.00, 3.92, 2.40, 0.40, 3.22, 3.86, 1.59, 0.00, 0.00, 0.00, 0.00, 3.65, 0.00, 0.07, 0.00, 0.00, 0.00, 0.00, 1.00, 1.00, 1.00, 1.00, 1.00, 1.00, 0.00, 0.00, 0.00, 0.00, 1.00, 1.00, 0.00, 1.00
3135,  0,  52.233,  0.98,  1, 0.00, 0.00, 1.00, 0.00, 3.96, 2.36, 0.41, 3.16, 3.86, 1.65, 0.00, 0.00, 0.00, 0.00, 3.62, 0.09, 0.00, 0.00, 0.00, 0.00, 0.00, 1.00, 1.00, 1.00, 1.00, 1.00, 1.00, 0.00, 0.00, 0.00, 0.00, 1.00, 1.00, 0.00, 1.00
3136,  0,  52.250,  0.98,  1, 0.00, 0.00, 1.06, 0.04, 3.97, 2.51, 0.46, 3.10, 3.90, 1.60, 0.00, 0.05, 0.00, 0.00, 3.54, 0.09, 0.07, 0.00, 0.00, 0.00, 0.00, 1.00, 1.00, 1.00, 1.00, 1.00, 1.00, 0.00, 0.00, 0.00, 0.00, 1.00, 1.00, 0.00, 1.00
3137,  0,  52.267,  0.98,  1, 0.00, 0.00, 1.30, 0.04, 4.02, 2.66, 0.42, 3.12, 3.92, 1.58, 0.00, 0.11, 0.00, 0.00, 3.56, 0.09, 0.07, 0.00, 0.00, 0.00, 0.00, 1.00, 1.00, 1.00, 1.00, 1.00, 1.00, 0.00, 0.00, 0.00, 0.00, 1.00, 1.00, 0.00, 1.00
3138,  0,  52.283,  0.98,  1, 0.00, 0.00, 1.42, 0.04, 4.02, 2.73, 0.44, 3.20, 3.91, 1.44, 0.00, 0.11, 0.00, 0.00, 3.72, 0.00, 0.07, 0.00, 0.00, 0.00, 0.00, 1.00, 1.00, 1.00, 1.00, 1.00, 1.00, 0.00, 0.00, 0.00, 0.00, 1.00, 1.00, 0.00, 1.00
3139,  0,  52.300,  0.98,  1, 0.00, 0.00, 1.27, 0.00, 3.96, 2.55, 0.33, 3.15, 3.89, 1.43, 0.00, 0.06, 0.00, 0.00, 3.88, 0.00, 0.00, 0.00, 0.00, 0.00, 0.00, 1.00, 1.00, 1.00, 1.00, 1.00, 1.00, 0.00, 0.00, 0.00, 0.00, 1.00, 1.00, 0.00, 1.00
3140,  0,  52.317,  0.98,  1, 0.00, 0.00, 1.25, 0.00, 3.94, 2.39, 0.32, 3.04, 3.87, 1.53, 0.00, 0.00, 0.00, 0.00, 3.93, 0.00, 0.00, 0.00, 0.00, 0.00, 0.00, 1.00, 1.00, 1.00, 1.00, 1.00, 1.00, 0.00, 0.00, 0.00, 0.00, 1.00, 1.00, 0.00, 1.00
3141,  0,  52.333,  0.98,  1, 0.00, 0.00, 1.17, 0.00, 3.97, 2.55, 0.31, 3.02, 3.87, 1.51, 0.00, 0.00, 0.00, 0.00, 3.92, 0.00, 0.00, 0.00, 0.00, 0.00, 0.00, 1.00, 1.00, 1.00, 1.00, 1.00, 1.00, 0.00, 0.00, 0.00, 0.00, 1.00, 1.00, 0.00, 1.00
3142,  0,  52.350,  0.98,  1, 0.00, 0.00, 1.21, 0.00, 4.00, 2.47, 0.45, 2.95, 3.88, 1.54, 0.00, 0.00, 0.00, 0.00, 3.82, 0.00, 0.00, 0.00, 0.00, 0.00, 0.00, 1.00, 1.00, 1.00, 1.00, 1.00, 1.00, 0.00, 0.00, 0.00, 0.00, 1.00, 1.00, 0.00, 1.00
3143,  0,  52.367,  0.98,  1, 0.00, 0.00, 1.16, 0.00, 3.96, 2.44, 0.38, 2.94, 3.84, 1.51, 0.00, 0.00, 0.00, 0.00, 3.79, 0.00, 0.01, 0.00, 0.00, 0.00, 0.00, 1.00, 1.00, 1.00, 1.00, 1.00, 1.00, 0.00, 0.00, 0.00, 0.00, 1.00, 1.00, 0.00, 1.00
3144,  0,  52.383,  0.98,  1, 0.00, 0.00, 1.14, 0.00, 3.89, 2.20, 0.27, 2.93, 3.85, 1.54, 0.00, 0.00, 0.00, 0.00, 3.65, 0.00, 0.10, 0.00, 0.00, 0.00, 0.00, 1.00, 1.00, 1.00, 1.00, 1.00, 1.00, 0.00, 0.00, 0.00, 0.00, 1.00, 1.00, 0.00, 1.00
3145,  0,  52.400,  0.98,  1, 0.00, 0.00, 1.25, 0.00, 3.93, 2.45, 0.20, 3.05, 3.79, 1.58, 0.00, 0.00, 0.00, 0.00, 3.54, 0.00, 0.10, 0.00, 0.00, 0.00, 0.00, 1.00, 1.00, 1.00, 1.00, 1.00, 1.00, 0.00, 0.00, 0.00, 0.00, 1.00, 1.00, 0.00, 1.00
3146,  0,  52.417,  0.98,  1, 0.00, 0.00, 1.11, 0.00, 4.04, 2.64, 0.24, 3.08, 3.79, 1.62, 0.00, 0.00, 0.00, 0.00, 3.57, 0.00, 0.09, 0.00, 0.00, 0.00, 0.00, 1.00, 1.00, 1.00, 1.00, 1.00, 1.00, 0.00, 0.00, 0.00, 0.00, 1.00, 1.00, 0.00, 1.00
3147,  0,  52.433,  0.98,  1, 0.00, 0.00, 1.22, 0.03, 4.05, 2.52, 0.27, 3.14, 3.81, 1.68, 0.00, 0.02, 0.00, 0.00, 3.55, 0.00, 0.00, 0.00, 0.00, 1.00, 0.00, 1.00, 1.00, 1.00, 1.00, 1.00, 1.00, 0.00, 0.00, 0.00, 0.00, 1.00, 1.00, 0.00, 1.00
3148,  0,  52.450,  0.98,  1, 0.00, 0.00, 1.25, 0.03, 4.04, 2.42, 0.34, 3.22, 3.85, 1.74, 0.00, 0.02, 0.00, 0.00, 3.52, 0.00, 0.03, 0.00, 0.00, 1.00, 0.00, 1.00, 1.00, 1.00, 1.00, 1.00, 1.00, 0.00, 0.00, 0.00, 0.00, 1.00, 1.00, 0.00, 1.00
3149,  0,  52.467,  0.98,  1, 0.00, 0.00, 1.56, 0.03, 3.97, 2.52, 0.40, 3.21, 3.87, 1.72, 0.00, 0.02, 0.00, 0.00, 3.51, 0.00, 0.09, 0.00, 0.00, 1.00, 0.00, 1.00, 1.00, 1.00, 1.00, 1.00, 1.00, 0.00, 0.00, 0.00, 0.00, 1.00, 1.00, 0.00, 1.00
3150,  0,  52.483,  0.98,  1, 0.00, 0.00, 1.47, 0.00, 3.96, 2.50, 0.36, 3.12, 3.86, 1.87, 0.00, 0.00, 0.00, 0.00, 3.57, 0.00, 0.45, 0.00, 0.00, 1.00, 0.00, 1.00, 1.00, 1.00, 1.00, 1.00, 1.00, 0.00, 0.00, 0.00, 0.00, 1.00, 1.00, 0.00, 1.00
3151,  0,  52.500,  0.98,  1, 0.00, 0.00, 1.38, 0.00, 3.88, 2.20, 0.24, 3.05, 3.91, 1.81, 0.00, 0.00, 0.00, 0.00, 3.75, 0.00, 0.82, 0.00, 0.00, 1.00, 0.00, 1.00, 1.00, 1.00, 1.00, 1.00, 1.00, 0.00, 0.00, 0.00, 0.00, 1.00, 1.00, 0.00, 1.00
3152,  0,  52.517,  0.98,  1, 0.00, 0.00, 1.24, 0.00, 3.73, 1.45, 0.13, 3.01, 3.97, 1.93, 0.00, 0.03, 0.00, 0.00, 3.85, 0.00, 1.31, 0.00, 0.00, 1.00, 0.00, 1.00, 1.00, 1.00, 1.00, 1.00, 1.00, 0.00, 0.00, 0.00, 0.00, 1.00, 1.00, 0.00, 1.00
3153,  0,  52.533,  0.98,  1, 0.00, 0.00, 1.17, 0.00, 3.65, 1.34, 0.14, 2.96, 4.00, 1.81, 0.00, 0.06, 0.00, 0.00, 3.93, 0.00, 1.24, 0.00, 0.00, 1.00, 0.00, 1.00, 1.00, 1.00, 1.00, 1.00, 1.00, 0.00, 0.00, 0.00, 0.00, 1.00, 1.00, 0.00, 1.00
3154,  0,  52.550,  0.98,  1, 0.00, 0.00, 1.19, 0.00, 3.57, 1.11, 0.12, 3.01, 3.96, 1.75, 0.00, 0.09, 0.00, 0.00, 3.85, 0.01, 1.25, 0.00, 0.00, 0.00, 0.00, 1.00, 1.00, 1.00, 1.00, 1.00, 1.00, 0.00, 0.00, 0.00, 0.00, 1.00, 1.00, 0.00, 1.00
3155,  0,  52.567,  0.98,  1, 0.00, 0.00, 1.02, 0.00, 3.65, 1.37, 0.09, 3.05, 3.94, 1.67, 0.00, 0.08, 0.00, 0.00, 3.82, 0.01, 1.19, 0.00, 0.00, 0.00, 0.00, 1.00, 1.00, 1.00, 1.00, 1.00, 1.00, 0.00, 0.00, 0.00, 0.00, 1.00, 1.00, 0.00, 1.00
3156,  0,  52.583,  0.98,  1, 0.00, 0.00, 0.95, 0.00, 3.64, 1.18, 0.12, 3.01, 3.87, 1.70, 0.00, 0.06, 0.03, 0.00, 3.76, 0.01, 1.31, 0.00, 0.00, 0.00, 0.00, 1.00, 1.00, 1.00, 1.00, 1.00, 1.00, 0.00, 0.00, 0.00, 0.00, 1.00, 1.00, 0.00, 1.00
3157,  0,  52.600,  0.98,  1, 0.00, 0.00, 0.85, 0.00, 3.66, 1.50, 0.24, 2.86, 3.83, 1.83, 0.00, 0.02, 0.07, 0.00, 3.77, 0.00, 1.35, 0.00, 0.00, 0.00, 0.00, 1.00, 1.00, 1.00, 1.00, 1.00, 1.00, 0.00, 0.00, 0.00, 0.00, 1.00, 1.00, 0.00, 1.00
3158,  0,  52.617,  0.98,  1, 0.00, 0.00, 0.95, 0.00, 3.68, 1.65, 0.27, 2.92, 3.78, 1.78, 0.00, 0.00, 0.07, 0.00, 3.73, 0.00, 1.11, 0.00, 0.00, 0.00, 0.00, 1.00, 1.00, 1.00, 1.00, 1.00, 1.00, 0.00, 0.00, 0.00, 0.00, 1.00, 1.00, 0.00, 1.00
3159,  0,  52.633,  0.98,  1, 0.00, 0.00, 1.13, 0.00, 3.74, 1.86, 0.28, 2.97, 3.84, 1.58, 0.00, 0.00, 0.04, 0.00, 3.71, 0.00, 0.89, 0.00, 0.00, 0.00, 0.00, 1.00, 1.00, 1.00, 1.00, 1.00, 1.00, 0.00, 0.00, 0.00, 0.00, 1.00, 1.00, 0.00, 1.00
3160,  0,  52.650,  0.98,  1, 0.00, 0.00, 1.22, 0.00, 3.83, 2.00, 0.30, 3.04, 3.83, 1.40, 0.00, 0.00, 0.00, 0.00, 3.67, 0.00, 0.67, 0.00, 0.00, 0.00, 0.00, 1.00, 1.00, 1.00, 1.00, 1.00, 1.00, 0.00, 0.00, 0.00, 0.00, 1.00, 1.00, 0.00, 1.00
3161,  0,  52.667,  0.98,  1, 0.00, 0.00, 1.42, 0.00, 3.90, 2.08, 0.39, 3.04, 3.87, 1.40, 0.00, 0.00, 0.00, 0.00, 3.72, 0.00, 0.49, 0.00, 0.00, 0.00, 0.00, 1.00, 1.00, 1.00, 1.00, 1.00, 1.00, 0.00, 0.00, 0.00, 0.00, 1.00, 1.00, 0.00, 1.00
3162,  0,  52.683,  0.98,  1, 0.00, 0.00, 1.39, 0.00, 3.95, 2.46, 0.51, 3.06, 3.86, 1.47, 0.00, 0.00, 0.00, 0.00, 3.81, 0.00, 0.53, 0.00, 0.00, 0.00, 0.00, 1.00, 1.00, 1.00, 1.00, 1.00, 1.00, 0.00, 0.00, 0.00, 0.00, 1.00, 1.00, 0.00, 1.00
3163,  0,  52.700,  0.98,  1, 0.00, 0.00, 1.51, 0.00, 3.90, 2.28, 0.55, 3.08, 3.85, 1.51, 0.00, 0.00, 0.00, 0.00, 3.83, 0.00, 0.43, 0.00, 0.00, 0.00, 0.00, 1.00, 1.00, 1.00, 1.00, 1.00, 1.00, 0.00, 0.00, 0.00, 0.00, 1.00, 1.00, 0.00, 1.00
3164,  0,  52.717,  0.98,  1, 0.00, 0.00, 1.31, 0.00, 3.85, 2.27, 0.56, 3.02, 3.82, 1.61, 0.00, 0.00, 0.00, 0.00, 3.70, 0.00, 0.52, 0.00, 0.00, 0.00, 0.00, 1.00, 1.00, 1.00, 1.00, 1.00, 1.00, 0.00, 0.00, 0.00, 0.00, 1.00, 1.00, 0.00, 1.00
3165,  0,  52.733,  0.98,  1, 0.00, 0.00, 1.39, 0.00, 3.89, 2.15, 0.55, 2.95, 3.84, 1.65, 0.00, 0.00, 0.00, 0.00, 3.65, 0.00, 0.42, 0.00, 0.00, 1.00, 0.00, 1.00, 1.00, 1.00, 1.00, 1.00, 1.00, 0.00, 0.00, 0.00, 0.00, 1.00, 1.00, 0.00, 1.00
3166,  0,  52.750,  0.98,  1, 0.00, 0.00, 1.34, 0.00, 3.98, 2.46, 0.54, 2.91, 3.83, 1.73, 0.00, 0.00, 0.00, 0.00, 3.62, 0.00, 0.30, 0.00, 0.00, 1.00, 0.00, 1.00, 1.00, 1.00, 1.00, 1.00, 1.00, 0.00, 0.00, 0.00, 0.00, 1.00, 1.00, 0.00, 1.00
3167,  0,  52.767,  0.98,  1, 0.00, 0.00, 1.49, 0.00, 4.01, 2.60, 0.53, 2.98, 3.85, 1.62, 0.00, 0.00, 0.00, 0.00, 3.65, 0.00, 0.17, 0.00, 0.00, 1.00, 0.00, 1.00, 1.00, 1.00, 1.00, 1.00, 1.00, 0.00, 0.00, 0.00, 0.00, 1.00, 1.00, 0.00, 1.00
3168,  0,  52.783,  0.98,  1, 0.00, 0.00, 1.46, 0.00, 3.89, 2.80, 0.52, 3.12, 3.82, 1.55, 0.03, 0.00, 0.00, 0.00, 3.61, 0.00, 0.09, 0.00, 0.00, 1.00, 0.00, 1.00, 1.00, 1.00, 1.00, 1.00, 1.00, 0.00, 0.00, 0.00, 0.00, 1.00, 1.00, 0.00, 1.00
3169,  0,  52.800,  0.98,  1, 0.00, 0.00, 1.51, 0.00, 3.86, 2.71, 0.45, 3.21, 3.85, 1.59, 0.03, 0.02, 0.00, 0.00, 3.66, 0.03, 0.16, 0.00, 0.00, 1.00, 0.00, 1.00, 1.00, 1.00, 1.00, 1.00, 1.00, 0.00, 0.00, 0.00, 0.00, 1.00, 1.00, 0.00, 1.00
3170,  0,  52.817,  0.98,  1, 0.00, 0.00, 1.43, 0.00, 3.90, 2.70, 0.46, 3.19, 3.81, 1.62, 0.03, 0.02, 0.00, 0.00, 3.70, 0.03, 0.22, 0.00, 0.00, 1.00, 0.00, 1.00, 1.00, 1.00, 1.00, 1.00, 1.00, 0.00, 0.00, 0.00, 0.00, 1.00, 1.00, 0.00, 1.00
3171,  0,  52.833,  0.98,  1, 0.00, 0.00, 1.45, 0.00, 3.92, 2.30, 0.37, 3.16, 3.83, 1.62, 0.02, 0.05, 0.00, 0.00, 3.70, 0.03, 0.25, 0.00, 0.00, 1.00, 0.00, 1.00, 1.00, 1.00, 1.00, 1.00, 1.00, 0.00, 0.00, 0.00, 0.00, 1.00, 1.00, 0.00, 1.00
3172,  0,  52.850,  0.98,  1, 0.00, 0.00, 1.47, 0.00, 3.94, 2.23, 0.41, 3.17, 3.82, 1.57, 0.02, 0.03, 0.00, 0.00, 3.66, 0.00, 0.17, 0.00, 0.00, 1.00, 0.00, 1.00, 1.00, 1.00, 1.00, 1.00, 1.00, 0.00, 0.00, 0.00, 0.00, 1.00, 1.00, 0.00, 1.00
3173,  0,  52.867,  0.98,  1, 0.00, 0.00, 1.47, 0.00, 3.93, 2.08, 0.32, 3.25, 3.92, 1.63, 0.06, 0.09, 0.01, 0.00, 3.61, 0.00, 0.07, 0.00, 0.00, 1.00, 0.00, 1.00, 1.00, 1.00, 1.00, 1.00, 1.00, 0.00, 0.00, 0.00, 0.00, 1.00, 1.00, 0.00, 1.00
3174,  0,  52.883,  0.98,  1, 0.00, 0.00, 1.45, 0.01, 3.99, 2.28, 0.38, 3.23, 3.97, 1.68, 0.09, 0.10, 0.01, 0.00, 3.49, 0.05, 0.00, 0.00, 0.00, 1.00, 0.00, 1.00, 1.00, 1.00, 1.00, 1.00, 1.00, 0.00, 0.00, 0.00, 0.00, 1.00, 1.00, 0.00, 1.00
3175,  0,  52.900,  0.98,  1, 0.00, 0.00, 1.41, 0.06, 4.04, 2.25, 0.46, 3.12, 3.95, 1.72, 0.09, 0.10, 0.01, 0.00, 3.44, 0.05, 0.00, 0.00, 0.00, 1.00, 0.00, 1.00, 1.00, 1.00, 1.00, 1.00, 1.00, 0.00, 0.00, 0.00, 0.00, 1.00, 1.00, 0.00, 1.00
3176,  0,  52.917,  0.98,  1, 0.00, 0.00, 1.41, 0.12, 4.01, 2.23, 0.49, 2.96, 3.88, 1.53, 0.04, 0.04, 0.00, 0.00, 3.42, 0.05, 0.00, 0.00, 0.00, 1.00, 0.00, 1.00, 1.00, 1.00, 1.00, 1.00, 1.00, 0.00, 0.00, 0.00, 0.00, 1.00, 1.00, 0.00, 1.00
3177,  0,  52.933,  0.98,  1, 0.00, 0.00, 1.42, 0.11, 3.97, 2.23, 0.50, 2.90, 3.80, 1.52, 0.00, 0.02, 0.00, 0.00, 3.47, 0.00, 0.00, 0.00, 0.00, 1.00, 0.00, 1.00, 1.00, 1.00, 1.00, 1.00, 1.00, 0.00, 0.00, 0.00, 0.00, 1.00, 1.00, 0.00, 1.00
3178,  0,  52.950,  0.98,  1, 0.00, 0.00, 1.30, 0.07, 3.91, 2.25, 0.42, 2.93, 3.81, 1.49, 0.00, 0.02, 0.00, 0.00, 3.41, 0.00, 0.01, 0.00, 0.00, 1.00, 0.00, 1.00, 1.00, 1.00, 1.00, 1.00, 1.00, 0.00, 0.00, 0.00, 0.00, 1.00, 1.00, 0.00, 1.00
3179,  0,  52.967,  0.98,  1, 0.00, 0.00, 1.25, 0.01, 3.95, 2.32, 0.43, 3.03, 3.85, 1.57, 0.00, 0.07, 0.00, 0.00, 3.39, 0.00, 0.01, 0.00, 0.00, 1.00, 0.00, 1.00, 1.00, 1.00, 1.00, 1.00, 1.00, 0.00, 0.00, 0.00, 0.00, 1.00, 1.00, 0.00, 1.00
3180,  0,  52.983,  0.98,  1, 0.00, 0.00, 1.27, 0.01, 4.03, 2.43, 0.41, 3.06, 3.91, 1.59, 0.00, 0.05, 0.00, 0.00, 3.44, 0.00, 0.01, 0.00, 0.00, 1.00, 0.00, 1.00, 1.00, 1.00, 1.00, 1.00, 1.00, 0.00, 0.00, 0.00, 0.00, 1.00, 1.00, 0.00, 1.00
3181,  0,  53.000,  0.98,  1, 0.00, 0.00, 1.32, 0.00, 4.09, 2.71, 0.42, 2.99, 3.89, 1.57, 0.00, 0.05, 0.00, 0.00, 3.49, 0.00, 0.00, 0.00, 0.00, 1.00, 0.00, 1.00, 1.00, 1.00, 1.00, 1.00, 1.00, 0.00, 0.00, 0.00, 0.00, 1.00, 1.00, 0.00, 1.00
3182,  0,  53.017,  0.98,  1, 0.00, 0.00, 1.38, 0.06, 4.08, 2.82, 0.49, 2.99, 3.91, 1.62, 0.06, 0.00, 0.00, 0.00, 3.41, 0.00, 0.00, 0.00, 0.00, 1.00, 0.00, 1.00, 1.00, 1.00, 1.00, 1.00, 1.00, 0.00, 0.00, 0.00, 0.00, 1.00, 1.00, 0.00, 1.00
3183,  0,  53.033,  0.98,  1, 0.00, 0.00, 1.45, 0.20, 4.06, 2.78, 0.60, 3.03, 3.93, 1.64, 0.06, 0.00, 0.00, 0.00, 3.40, 0.00, 0.00, 0.00, 0.00, 1.00, 0.00, 1.00, 1.00, 1.00, 1.00, 1.00, 1.00, 0.00, 0.00, 0.00, 0.00, 1.00, 1.00, 0.00, 0.00
3184,  0,  53.050,  0.98,  1, 0.00, 0.00, 1.39, 0.20, 4.00, 2.44, 0.69, 3.14, 3.96, 1.55, 0.06, 0.00, 0.00, 0.00, 3.46, 0.00, 0.00, 0.00, 0.00, 1.00, 0.00, 1.00, 1.00, 1.00, 1.00, 1.00, 1.00, 0.00, 0.00, 0.00, 0.00, 1.00, 1.00, 0.00, 0.00
3185,  0,  53.067,  0.98,  1, 0.00, 0.00, 1.33, 0.15, 3.92, 2.56, 0.58, 3.15, 3.93, 1.48, 0.00, 0.00, 0.00, 0.00, 3.49, 0.00, 0.00, 0.00, 0.00, 1.00, 0.00, 1.00, 1.00, 1.00, 1.00, 1.00, 1.00, 0.00, 0.00, 0.00, 0.00, 1.00, 1.00, 0.00, 0.00
3186,  0,  53.083,  0.98,  1, 0.00, 0.00, 1.21, 0.02, 3.89, 2.46, 0.50, 3.12, 3.82, 1.44, 0.00, 0.00, 0.00, 0.00, 3.43, 0.00, 0.00, 0.00, 0.00, 1.00, 0.00, 1.00, 1.00, 1.00, 1.00, 1.00, 1.00, 0.00, 0.00, 0.00, 0.00, 1.00, 1.00, 0.00, 0.00
3187,  0,  53.100,  0.98,  1, 0.00, 0.00, 1.38, 0.02, 3.83, 2.66, 0.45, 3.13, 3.80, 1.54, 0.06, 0.00, 0.00, 0.00, 3.36, 0.00, 0.00, 0.00, 0.00, 1.00, 0.00, 1.00, 1.00, 1.00, 1.00, 1.00, 1.00, 0.00, 0.00, 0.00, 0.00, 1.00, 1.00, 0.00, 0.00
3188,  0,  53.117,  0.98,  1, 0.00, 0.00, 1.42, 0.02, 4.00, 2.62, 0.46, 3.12, 3.80, 1.62, 0.06, 0.00, 0.00, 0.00, 3.49, 0.00, 0.00, 0.00, 0.00, 1.00, 0.00, 1.00, 1.00, 1.00, 1.00, 1.00, 1.00, 0.00, 0.00, 0.00, 0.00, 1.00, 1.00, 0.00, 0.00
3189,  0,  53.133,  0.98,  1, 0.00, 0.00, 1.37, 0.00, 3.99, 2.61, 0.46, 3.07, 3.83, 1.76, 0.09, 0.00, 0.00, 0.00, 3.46, 0.00, 0.00, 0.00, 0.00, 1.00, 0.00, 1.00, 1.00, 1.00, 1.00, 1.00, 1.00, 0.00, 0.00, 0.00, 0.00, 1.00, 1.00, 0.00, 0.00
3190,  0,  53.150,  0.98,  1, 0.00, 0.00, 1.11, 0.00, 3.99, 2.43, 0.42, 3.00, 3.80, 1.66, 0.06, 0.13, 0.00, 0.00, 3.38, 0.00, 0.00, 0.00, 0.00, 1.00, 0.00, 1.00, 1.00, 1.00, 1.00, 1.00, 1.00, 0.00, 0.00, 0.00, 0.00, 1.00, 1.00, 0.00, 0.00
3191,  0,  53.167,  0.98,  1, 0.00, 0.00, 1.25, 0.00, 3.91, 2.30, 0.44, 2.96, 3.82, 1.48, 0.06, 0.13, 0.00, 0.00, 3.27, 0.00, 0.10, 0.00, 0.00, 1.00, 0.00, 1.00, 1.00, 1.00, 1.00, 1.00, 1.00, 0.00, 0.00, 0.00, 0.00, 1.00, 1.00, 0.00, 0.00
3192,  0,  53.183,  0.98,  1, 0.00, 0.00, 1.42, 0.06, 3.92, 2.27, 0.48, 3.11, 3.81, 1.54, 0.03, 0.17, 0.00, 0.00, 3.31, 0.00, 0.13, 0.00, 0.00, 1.00, 0.00, 1.00, 1.00, 1.00, 1.00, 1.00, 1.00, 0.00, 0.00, 0.00, 0.00, 1.00, 1.00, 0.00, 1.00
3193,  0,  53.200,  0.98,  1, 0.00, 0.00, 1.55, 0.06, 3.86, 1.92, 0.45, 3.16, 3.89, 1.65, 0.00, 0.06, 0.00, 0.00, 3.33, 0.00, 0.23, 0.00, 0.00, 1.00, 0.00, 1.00, 1.00, 1.00, 1.00, 1.00, 1.00, 0.00, 0.00, 0.00, 0.00, 1.00, 1.00, 0.00, 1.00
3194,  0,  53.217,  0.98,  1, 0.00, 0.00, 1.24, 0.06, 3.79, 1.70, 0.39, 3.09, 3.87, 1.79, 0.00, 0.06, 0.00, 0.00, 3.49, 0.00, 0.43, 0.00, 0.00, 0.00, 0.00, 1.00, 1.00, 1.00, 1.00, 1.00, 1.00, 0.00, 0.00, 0.00, 0.00, 1.00, 1.00, 0.00, 1.00
3195,  0,  53.233,  0.98,  1, 0.00, 0.00, 0.99, 0.00, 3.73, 1.38, 0.32, 3.03, 3.92, 1.57, 0.01, 0.02, 0.00, 0.00, 3.60, 0.00, 0.72, 0.00, 0.00, 0.00, 0.00, 1.00, 1.00, 1.00, 1.00, 1.00, 1.00, 0.00, 0.00, 0.00, 0.00, 1.00, 1.00, 0.00, 1.00
3196,  0,  53.250,  0.98,  1, 0.00, 0.00, 0.84, 0.00, 3.76, 1.62, 0.26, 3.03, 3.96, 1.61, 0.01, 0.00, 0.00, 0.00, 3.79, 0.00, 1.11, 0.00, 0.00, 0.00, 0.00, 1.00, 1.00, 1.00, 1.00, 1.00, 1.00, 0.00, 0.00, 0.00, 0.00, 1.00, 1.00, 0.00, 1.00
3197,  0,  53.267,  0.98,  1, 0.00, 0.00, 0.92, 0.00, 3.68, 1.44, 0.27, 3.08, 4.02, 1.59, 0.01, 0.00, 0.00, 0.00, 3.72, 0.00, 1.27, 0.00, 0.00, 0.00, 0.00, 1.00, 1.00, 1.00, 1.00, 1.00, 1.00, 0.00, 0.00, 0.00, 0.00, 1.00, 0.00, 0.00, 1.00
3198,  0,  53.283,  0.98,  1, 0.00, 0.00, 0.96, 0.00, 3.60, 1.43, 0.22, 3.06, 4.04, 1.73, 0.00, 0.00, 0.00, 0.00, 3.67, 0.00, 1.39, 0.00, 0.00, 0.00, 0.00, 1.00, 1.00, 1.00, 1.00, 1.00, 1.00, 0.00, 0.00, 0.00, 0.00, 1.00, 0.00, 0.00, 1.00
3199,  0,  53.300,  0.98,  1, 0.00, 0.00, 1.03, 0.00, 3.51, 1.14, 0.25, 3.00, 3.94, 1.69, 0.01, 0.02, 0.00, 0.00, 3.60, 0.00, 1.28, 0.00, 0.00, 0.00, 0.00, 1.00, 1.00, 1.00, 1.00, 1.00, 1.00, 0.00, 0.00, 0.00, 0.00, 1.00, 1.00, 0.00, 1.00
3200,  0,  53.317,  0.98,  1, 0.00, 0.00, 1.22, 0.00, 3.56, 1.30, 0.26, 2.99, 3.95, 1.84, 0.01, 0.02, 0.00, 0.00, 3.64, 0.00, 1.21, 0.00, 0.00, 0.00, 0.00, 1.00, 1.00, 1.00, 1.00, 1.00, 1.00, 0.00, 0.00, 0.00, 0.00, 1.00, 1.00, 0.00, 1.00
3201,  0,  53.333,  0.98,  1, 0.00, 0.00, 1.19, 0.00, 3.54, 1.39, 0.32, 2.97, 3.94, 1.77, 0.01, 0.02, 0.00, 0.00, 3.62, 0.00, 1.00, 0.00, 0.00, 0.00, 0.00, 1.00, 1.00, 1.00, 1.00, 1.00, 1.00, 0.00, 0.00, 0.00, 0.00, 1.00, 1.00, 0.00, 1.00
3202,  0,  53.350,  0.98,  1, 0.00, 0.00, 1.24, 0.00, 3.63, 1.58, 0.34, 2.96, 3.94, 1.69, 0.02, 0.00, 0.00, 0.00, 3.54, 0.00, 0.79, 0.00, 0.00, 0.00, 0.00, 1.00, 1.00, 1.00, 1.00, 1.00, 1.00, 0.00, 0.00, 0.00, 0.00, 1.00, 1.00, 0.00, 1.00
3203,  0,  53.367,  0.98,  1, 0.00, 0.00, 1.05, 0.00, 3.77, 1.58, 0.41, 2.99, 3.85, 1.58, 0.02, 0.00, 0.00, 0.00, 3.58, 0.00, 0.63, 0.00, 0.00, 0.00, 0.00, 1.00, 1.00, 1.00, 1.00, 1.00, 1.00, 0.00, 0.00, 0.00, 0.00, 1.00, 1.00, 0.00, 1.00
3204,  0,  53.383,  0.98,  1, 0.00, 0.00, 1.21, 0.00, 3.87, 1.69, 0.41, 3.06, 3.79, 1.59, 0.02, 0.07, 0.00, 0.00, 3.52, 0.00, 0.59, 0.00, 0.00, 0.00, 0.00, 1.00, 1.00, 1.00, 1.00, 1.00, 1.00, 0.00, 0.00, 0.00, 0.00, 1.00, 1.00, 0.00, 1.00
3205,  0,  53.400,  0.98,  1, 0.00, 0.00, 1.30, 0.00, 3.93, 1.83, 0.45, 3.09, 3.81, 1.69, 0.02, 0.07, 0.00, 0.00, 3.64, 0.00, 0.58, 0.00, 0.00, 0.00, 0.00, 1.00, 1.00, 1.00, 1.00, 1.00, 1.00, 0.00, 0.00, 0.00, 0.00, 1.00, 1.00, 0.00, 1.00
3206,  0,  53.417,  0.98,  1, 0.00, 0.00, 1.48, 0.00, 3.92, 2.13, 0.53, 3.13, 3.83, 1.84, 0.02, 0.12, 0.00, 0.00, 3.62, 0.03, 0.48, 0.00, 0.00, 0.00, 0.00, 1.00, 1.00, 1.00, 1.00, 1.00, 1.00, 0.00, 0.00, 0.00, 0.00, 1.00, 1.00, 0.00, 1.00
3207,  0,  53.433,  0.98,  1, 0.00, 0.00, 1.39, 0.00, 3.95, 2.16, 0.59, 3.21, 3.85, 1.99, 0.02, 0.27, 0.00, 0.00, 3.66, 0.03, 0.43, 0.00, 0.00, 0.00, 0.00, 1.00, 1.00, 1.00, 1.00, 1.00, 1.00, 0.00, 0.00, 0.00, 0.00, 1.00, 1.00, 0.00, 1.00
3208,  0,  53.450,  0.98,  1, 0.00, 0.00, 1.43, 0.00, 4.00, 2.41, 0.70, 3.28, 3.79, 2.03, 0.00, 0.28, 0.00, 0.00, 3.70, 0.03, 0.42, 0.00, 0.00, 0.00, 0.00, 1.00, 1.00, 1.00, 1.00, 1.00, 1.00, 0.00, 0.00, 0.00, 0.00, 1.00, 1.00, 0.00, 1.00
3209,  0,  53.467,  0.98,  1, 0.00, 0.00, 1.40, 0.00, 3.95, 2.27, 0.66, 3.34, 3.76, 2.01, 0.00, 0.26, 0.00, 0.00, 3.52, 0.00, 0.38, 0.00, 0.00, 0.00, 0.00, 1.00, 1.00, 1.00, 1.00, 1.00, 1.00, 0.00, 0.00, 0.00, 0.00, 1.00, 1.00, 0.00, 1.00
3210,  0,  53.483,  0.98,  1, 0.00, 0.00, 1.45, 0.00, 3.90, 2.39, 0.69, 3.25, 3.71, 1.90, 0.00, 0.04, 0.00, 0.00, 3.55, 0.00, 0.27, 0.00, 0.00, 0.00, 0.00, 1.00, 1.00, 1.00, 1.00, 1.00, 1.00, 0.00, 0.00, 0.00, 0.00, 1.00, 1.00, 0.00, 1.00
3211,  0,  53.500,  0.98,  1, 0.00, 0.00, 1.58, 0.00, 3.85, 2.33, 0.70, 3.20, 3.78, 1.99, 0.00, 0.11, 0.00, 0.00, 3.37, 0.00, 0.16, 0.00, 0.00, 0.00, 0.00, 1.00, 1.00, 1.00, 1.00, 1.00, 1.00, 0.00, 0.00, 0.00, 0.00, 1.00, 1.00, 0.00, 1.00
3212,  0,  53.517,  0.98,  1, 0.00, 0.00, 1.59, 0.00, 3.94, 2.47, 0.79, 3.20, 3.82, 1.89, 0.00, 0.18, 0.00, 0.00, 3.37, 0.04, 0.07, 0.00, 0.00, 0.00, 0.00, 1.00, 1.00, 1.00, 1.00, 1.00, 1.00, 0.00, 0.00, 0.00, 0.00, 1.00, 1.00, 0.00, 1.00
3213,  0,  53.533,  0.98,  1, 0.00, 0.00, 1.51, 0.00, 3.98, 2.53, 0.79, 3.19, 3.71, 1.94, 0.00, 0.19, 0.00, 0.00, 3.33, 0.10, 0.10, 0.00, 0.00, 0.00, 0.00, 1.00, 1.00, 1.00, 1.00, 1.00, 1.00, 0.00, 0.00, 0.00, 0.00, 1.00, 1.00, 0.00, 1.00
3214,  0,  53.550,  0.98,  1, 0.00, 0.00, 1.32, 0.00, 3.93, 2.60, 0.75, 3.18, 3.67, 1.79, 0.00, 0.13, 0.00, 0.00, 3.46, 0.17, 0.06, 0.00, 0.00, 1.00, 0.00, 1.00, 1.00, 1.00, 1.00, 1.00, 1.00, 0.00, 0.00, 0.00, 0.00, 1.00, 1.00, 0.00, 1.00
3215,  0,  53.567,  0.98,  1, 0.00, 0.00, 1.35, 0.00, 3.80, 2.40, 0.75, 3.14, 3.60, 1.92, 0.00, 0.06, 0.02, 0.00, 3.52, 0.15, 0.06, 0.00, 0.00, 1.00, 0.00, 1.00, 1.00, 1.00, 1.00, 1.00, 1.00, 0.00, 0.00, 0.00, 0.00, 1.00, 1.00, 0.00, 1.00
3216,  0,  53.583,  0.98,  1, 0.00, 0.00, 1.53, 0.00, 3.78, 2.49, 0.70, 3.22, 3.66, 1.90, 0.00, 0.09, 0.02, 0.00, 3.59, 0.08, 0.00, 0.00, 0.00, 1.00, 0.00, 1.00, 1.00, 1.00, 1.00, 1.00, 1.00, 0.00, 0.00, 0.00, 0.00, 1.00, 1.00, 0.00, 1.00
3217,  0,  53.600,  0.98,  1, 0.00, 0.00, 1.67, 0.00, 3.76, 2.33, 0.75, 3.25, 3.66, 1.95, 0.00, 0.07, 0.04, 0.00, 3.49, 0.02, 0.00, 0.00, 0.00, 1.00, 0.00, 1.00, 1.00, 1.00, 1.00, 1.00, 1.00, 0.00, 0.00, 0.00, 0.00, 1.00, 1.00, 0.00, 1.00
3218,  0,  53.617,  0.98,  1, 0.00, 0.00, 1.57, 0.00, 3.77, 2.12, 0.62, 3.28, 3.68, 1.78, 0.00, 0.13, 0.01, 0.00, 3.69, 0.11, 0.11, 0.00, 0.00, 1.00, 0.00, 1.00, 1.00, 1.00, 1.00, 1.00, 1.00, 0.00, 0.00, 0.00, 0.00, 1.00, 1.00, 0.00, 1.00
3219,  0,  53.633,  0.98,  1, 0.00, 0.00, 1.43, 0.00, 3.80, 2.23, 0.69, 3.24, 3.72, 1.67, 0.00, 0.09, 0.01, 0.00, 3.61, 0.20, 0.11, 0.00, 0.00, 1.00, 0.00, 1.00, 1.00, 1.00, 1.00, 1.00, 1.00, 0.00, 0.00, 0.00, 0.00, 1.00, 1.00, 0.00, 1.00
3220,  0,  53.650,  0.98,  1, 0.00, 0.00, 1.39, 0.00, 3.88, 2.10, 0.58, 3.17, 3.63, 1.65, 0.00, 0.13, 0.04, 0.00, 3.55, 0.21, 0.11, 0.00, 0.00, 1.00, 0.00, 1.00, 1.00, 1.00, 1.00, 1.00, 1.00, 0.00, 0.00, 0.00, 0.00, 1.00, 1.00, 0.00, 0.00
3221,  0,  53.667,  0.98,  1, 0.00, 0.00, 1.40, 0.00, 3.92, 2.37, 0.69, 3.03, 3.64, 1.79, 0.00, 0.04, 0.04, 0.00, 3.41, 0.10, 0.00, 0.00, 0.00, 1.00, 0.00, 1.00, 1.00, 1.00, 1.00, 1.00, 1.00, 0.00, 0.00, 0.00, 0.00, 1.00, 1.00, 0.00, 0.00
3222,  0,  53.683,  0.98,  1, 0.00, 0.00, 1.50, 0.01, 3.90, 1.94, 0.65, 3.00, 3.59, 1.78, 0.00, 0.04, 0.04, 0.00, 3.35, 0.07, 0.04, 0.00, 0.00, 1.00, 0.00, 1.00, 1.00, 1.00, 1.00, 1.00, 1.00, 0.00, 0.00, 0.00, 0.00, 1.00, 1.00, 0.00, 0.00
3223,  0,  53.700,  0.98,  1, 0.00, 0.00, 1.40, 0.01, 3.85, 2.14, 0.80, 3.05, 3.68, 1.50, 0.00, 0.05, 0.00, 0.00, 3.40, 0.07, 0.04, 0.00, 0.00, 1.00, 0.00, 1.00, 1.00, 1.00, 1.00, 1.00, 1.00, 0.00, 0.00, 0.00, 0.00, 1.00, 1.00, 0.00, 0.00
3224,  0,  53.717,  0.98,  1, 0.00, 0.00, 1.56, 0.12, 3.82, 2.21, 0.79, 3.09, 3.64, 1.46, 0.00, 0.18, 0.03, 0.00, 3.43, 0.07, 0.04, 0.00, 0.00, 1.00, 0.00, 1.00, 1.00, 1.00, 1.00, 1.00, 1.00, 0.00, 0.00, 0.00, 0.00, 1.00, 1.00, 0.00, 0.00
3225,  0,  53.733,  0.98,  1, 0.00, 0.00, 1.53, 0.10, 3.83, 2.58, 0.86, 2.99, 3.62, 1.47, 0.00, 0.18, 0.03, 0.00, 3.48, 0.00, 0.00, 0.00, 0.00, 1.00, 0.00, 1.00, 1.00, 1.00, 1.00, 1.00, 1.00, 0.00, 0.00, 0.00, 0.00, 1.00, 1.00, 0.00, 0.00
3226,  0,  53.750,  0.98,  1, 0.00, 0.00, 1.63, 0.10, 3.85, 2.47, 0.75, 2.87, 3.55, 1.76, 0.00, 0.26, 0.03, 0.00, 3.42, 0.00, 0.00, 0.00, 0.00, 1.00, 0.00, 1.00, 1.00, 1.00, 1.00, 1.00, 1.00, 0.00, 0.00, 0.00, 0.00, 1.00, 1.00, 0.00, 0.00
3227,  0,  53.767,  0.98,  1, 0.00, 0.00, 1.56, 0.00, 3.88, 2.45, 0.75, 2.94, 3.53, 1.76, 0.00, 0.18, 0.00, 0.00, 3.34, 0.01, 0.00, 0.00, 0.00, 1.00, 0.00, 1.00, 1.00, 1.00, 1.00, 1.00, 1.00, 0.00, 0.00, 0.00, 0.00, 1.00, 1.00, 0.00, 0.00
3228,  0,  53.783,  0.98,  1, 0.00, 0.00, 1.51, 0.00, 3.95, 2.29, 0.68, 2.98, 3.56, 1.94, 0.00, 0.18, 0.06, 0.00, 3.46, 0.01, 0.00, 0.00, 0.00, 1.00, 0.00, 1.00, 1.00, 1.00, 1.00, 1.00, 1.00, 0.00, 0.00, 0.00, 0.00, 1.00, 1.00, 0.00, 0.00
3229,  0,  53.800,  0.98,  1, 0.00, 0.00, 1.38, 0.00, 3.92, 2.18, 0.74, 3.00, 3.62, 1.92, 0.00, 0.14, 0.07, 0.00, 3.49, 0.08, 0.00, 0.00, 0.00, 1.00, 0.00, 1.00, 1.00, 1.00, 1.00, 1.00, 1.00, 0.00, 0.00, 0.00, 0.00, 1.00, 1.00, 0.00, 0.00
3230,  0,  53.817,  0.98,  1, 0.00, 0.00, 1.39, 0.04, 3.90, 2.14, 0.63, 2.92, 3.68, 1.85, 0.00, 0.12, 0.07, 0.00, 3.56, 0.14, 0.00, 0.00, 0.00, 1.00, 0.00, 1.00, 1.00, 1.00, 1.00, 1.00, 1.00, 0.00, 0.00, 0.00, 0.00, 1.00, 1.00, 0.00, 0.00
3231,  0,  53.833,  0.98,  1, 0.00, 0.00, 1.41, 0.05, 3.79, 2.13, 0.63, 2.96, 3.62, 1.67, 0.00, 0.17, 0.01, 0.00, 3.39, 0.16, 0.00, 0.00, 0.00, 1.00, 0.00, 1.00, 1.00, 1.00, 1.00, 1.00, 1.00, 0.00, 0.00, 0.00, 0.00, 1.00, 1.00, 0.00, 0.00
3232,  0,  53.850,  0.98,  1, 0.00, 0.00, 1.56, 0.10, 3.80, 2.38, 0.54, 3.13, 3.62, 1.53, 0.00, 0.09, 0.00, 0.00, 3.37, 0.10, 0.00, 0.00, 0.00, 1.00, 0.00, 1.00, 1.00, 1.00, 1.00, 1.00, 1.00, 0.00, 0.00, 0.00, 0.00, 1.00, 1.00, 0.00, 0.00
3233,  0,  53.867,  0.98,  1, 0.00, 0.00, 1.64, 0.12, 3.82, 2.61, 0.57, 3.17, 3.57, 1.57, 0.00, 0.11, 0.00, 0.00, 3.42, 0.10, 0.00, 0.00, 0.00, 1.00, 0.00, 1.00, 1.00, 1.00, 1.00, 1.00, 1.00, 0.00, 0.00, 0.00, 0.00, 1.00, 1.00, 0.00, 0.00
3234,  0,  53.883,  0.98,  1, 0.00, 0.00, 1.67, 0.12, 3.87, 2.71, 0.54, 3.24, 3.66, 1.76, 0.00, 0.06, 0.00, 0.00, 3.43, 0.14, 0.00, 0.00, 0.00, 1.00, 0.00, 1.00, 1.00, 1.00, 1.00, 1.00, 1.00, 0.00, 0.00, 0.00, 0.00, 1.00, 1.00, 0.00, 0.00
3235,  0,  53.900,  0.98,  1, 0.00, 0.00, 1.50, 0.06, 3.88, 2.52, 0.56, 3.08, 3.61, 1.88, 0.00, 0.06, 0.00, 0.00, 3.52, 0.14, 0.00, 0.00, 0.00, 1.00, 0.00, 1.00, 1.00, 1.00, 1.00, 1.00, 1.00, 0.00, 0.00, 0.00, 0.00, 1.00, 1.00, 0.00, 0.00
3236,  0,  53.917,  0.98,  1, 0.00, 0.00, 1.30, 0.00, 3.89, 2.50, 0.61, 3.05, 3.65, 1.91, 0.00, 0.01, 0.00, 0.00, 3.50, 0.06, 0.00, 0.00, 0.00, 1.00, 0.00, 1.00, 1.00, 1.00, 1.00, 1.00, 1.00, 0.00, 0.00, 0.00, 0.00, 1.00, 1.00, 0.00, 0.00
3237,  0,  53.933,  0.98,  1, 0.00, 0.00, 1.21, 0.00, 3.85, 2.40, 0.72, 3.02, 3.63, 1.73, 0.00, 0.01, 0.00, 0.00, 3.54, 0.01, 0.00, 0.00, 0.00, 1.00, 0.00, 1.00, 1.00, 1.00, 1.00, 1.00, 1.00, 0.00, 0.00, 0.00, 0.00, 1.00, 1.00, 0.00, 0.00
3238,  0,  53.950,  0.98,  1, 0.00, 0.00, 1.10, 0.10, 3.84, 2.34, 0.74, 3.09, 3.61, 1.77, 0.00, 0.05, 0.00, 0.00, 3.40, 0.01, 0.00, 0.00, 0.00, 1.00, 0.00, 1.00, 1.00, 1.00, 1.00, 1.00, 1.00, 0.00, 0.00, 0.00, 0.00, 1.00, 1.00, 0.00, 0.00
3239,  0,  53.967,  0.98,  1, 0.00, 0.00, 1.19, 0.10, 3.77, 2.12, 0.72, 3.14, 3.62, 1.63, 0.00, 0.08, 0.00, 0.00, 3.29, 0.01, 0.00, 0.00, 0.00, 1.00, 0.00, 1.00, 1.00, 1.00, 1.00, 1.00, 1.00, 0.00, 0.00, 0.00, 0.00, 1.00, 1.00, 0.00, 0.00
3240,  0,  53.983,  0.98,  1, 0.00, 0.00, 1.20, 0.10, 3.80, 2.02, 0.64, 3.16, 3.56, 1.66, 0.00, 0.08, 0.00, 0.00, 3.43, 0.00, 0.00, 0.00, 0.00, 1.00, 0.00, 1.00, 1.00, 1.00, 1.00, 1.00, 1.00, 0.00, 0.00, 0.00, 0.00, 1.00, 1.00, 0.00, 0.00
3241,  0,  54.000,  0.98,  1, 0.00, 0.00, 1.45, 0.00, 3.84, 2.25, 0.67, 3.26, 3.59, 1.57, 0.00, 0.03, 0.00, 0.00, 3.61, 0.00, 0.00, 0.00, 0.00, 1.00, 0.00, 1.00, 1.00, 1.00, 1.00, 1.00, 1.00, 0.00, 0.00, 0.00, 0.00, 1.00, 1.00, 0.00, 0.00
3242,  0,  54.017,  0.98,  1, 0.00, 0.00, 1.53, 0.00, 3.93, 2.56, 0.67, 3.24, 3.58, 1.66, 0.00, 0.00, 0.00, 0.00, 3.67, 0.00, 0.00, 0.00, 0.00, 1.00, 0.00, 1.00, 1.00, 1.00, 1.00, 1.00, 1.00, 0.00, 0.00, 0.00, 0.00, 1.00, 1.00, 0.00, 0.00
3243,  0,  54.033,  0.98,  1, 0.00, 0.00, 1.71, 0.00, 3.91, 2.76, 0.72, 3.11, 3.60, 1.59, 0.00, 0.00, 0.00, 0.00, 3.44, 0.00, 0.00, 0.00, 0.00, 1.00, 0.00, 1.00, 1.00, 1.00, 1.00, 1.00, 1.00, 0.00, 0.00, 0.00, 0.00, 1.00, 1.00, 0.00, 0.00
3244,  0,  54.050,  0.98,  1, 0.00, 0.00, 1.83, 0.00, 3.80, 2.44, 0.67, 2.92, 3.61, 1.61, 0.00, 0.02, 0.00, 0.00, 3.38, 0.00, 0.00, 0.00, 0.00, 1.00, 0.00, 1.00, 1.00, 1.00, 1.00, 1.00, 1.00, 0.00, 0.00, 0.00, 0.00, 1.00, 1.00, 0.00, 0.00
3245,  0,  54.067,  0.98,  1, 0.00, 0.00, 1.60, 0.00, 3.77, 2.12, 0.71, 2.90, 3.56, 1.65, 0.02, 0.03, 0.00, 0.00, 3.30, 0.00, 0.00, 0.00, 0.00, 1.00, 0.00, 1.00, 1.00, 1.00, 1.00, 1.00, 1.00, 0.00, 0.00, 0.00, 0.00, 1.00, 1.00, 0.00, 0.00
3246,  0,  54.083,  0.98,  1, 0.00, 0.00, 1.44, 0.11, 3.77, 1.97, 0.61, 2.86, 3.62, 1.73, 0.02, 0.12, 0.00, 0.00, 3.38, 0.08, 0.00, 0.00, 0.00, 1.00, 0.00, 1.00, 1.00, 1.00, 1.00, 1.00, 1.00, 0.00, 0.00, 0.00, 0.00, 1.00, 1.00, 0.00, 0.00
3247,  0,  54.100,  0.98,  1, 0.00, 0.00, 1.29, 0.13, 3.86, 2.46, 0.63, 2.98, 3.67, 1.62, 0.02, 0.10, 0.00, 0.00, 3.31, 0.08, 0.00, 0.00, 0.00, 1.00, 0.00, 1.00, 1.00, 1.00, 1.00, 1.00, 1.00, 0.00, 0.00, 0.00, 0.00, 1.00, 1.00, 0.00, 0.00
3248,  0,  54.117,  0.98,  1, 0.00, 0.00, 1.49, 0.13, 3.86, 2.67, 0.55, 2.99, 3.71, 1.67, 0.07, 0.15, 0.00, 0.00, 3.38, 0.11, 0.00, 0.00, 0.00, 1.00, 0.00, 1.00, 1.00, 1.00, 1.00, 1.00, 1.00, 0.00, 0.00, 0.00, 0.00, 1.00, 1.00, 0.00, 0.00
3249,  0,  54.133,  0.98,  1, 0.00, 0.00, 1.50, 0.07, 3.87, 2.95, 0.54, 3.06, 3.67, 1.58, 0.07, 0.17, 0.00, 0.00, 3.45, 0.03, 0.00, 0.00, 0.00, 1.00, 0.00, 1.00, 1.00, 1.00, 1.00, 1.00, 1.00, 0.00, 0.00, 0.00, 0.00, 1.00, 1.00, 0.00, 0.00
3250,  0,  54.150,  0.98,  1, 0.00, 0.00, 1.38, 0.04, 3.89, 2.84, 0.57, 3.08, 3.70, 1.87, 0.07, 0.22, 0.00, 0.00, 3.48, 0.03, 0.00, 0.00, 0.00, 1.00, 0.00, 1.00, 1.00, 1.00, 1.00, 1.00, 1.00, 0.00, 0.00, 0.00, 0.00, 1.00, 1.00, 0.00, 0.00
3251,  0,  54.167,  0.98,  1, 0.00, 0.00, 1.34, 0.05, 3.87, 2.61, 0.61, 3.09, 3.71, 1.79, 0.00, 0.15, 0.00, 0.00, 3.56, 0.00, 0.00, 0.00, 0.00, 1.00, 0.00, 1.00, 1.00, 1.00, 1.00, 1.00, 1.00, 0.00, 0.00, 0.00, 0.00, 1.00, 1.00, 0.00, 0.00
3252,  0,  54.183,  0.98,  1, 0.00, 0.00, 1.41, 0.01, 3.81, 2.33, 0.58, 2.97, 3.70, 1.96, 0.00, 0.11, 0.00, 0.00, 3.43, 0.00, 0.00, 0.00, 0.00, 1.00, 0.00, 1.00, 1.00, 1.00, 1.00, 1.00, 1.00, 0.00, 0.00, 0.00, 0.00, 1.00, 1.00, 0.00, 0.00
3253,  0,  54.200,  0.98,  1, 0.00, 0.00, 1.47, 0.01, 3.85, 2.19, 0.46, 2.95, 3.68, 1.88, 0.00, 0.06, 0.00, 0.00, 3.44, 0.09, 0.00, 0.00, 0.00, 1.00, 0.00, 1.00, 1.00, 1.00, 1.00, 1.00, 1.00, 0.00, 0.00, 0.00, 0.00, 1.00, 1.00, 0.00, 0.00
3254,  0,  54.217,  0.98,  1, 0.00, 0.00, 1.54, 0.07, 3.88, 2.26, 0.52, 2.85, 3.71, 1.74, 0.00, 0.06, 0.00, 0.00, 3.45, 0.09, 0.00, 0.00, 0.00, 1.00, 0.00, 1.00, 1.00, 1.00, 1.00, 1.00, 1.00, 0.00, 0.00, 0.00, 0.00, 1.00, 1.00, 0.00, 0.00
3255,  0,  54.233,  0.98,  1, 0.00, 0.00, 1.41, 0.07, 3.95, 2.39, 0.55, 2.92, 3.73, 1.72, 0.00, 0.01, 0.00, 0.00, 3.49, 0.09, 0.00, 0.00, 0.00, 1.00, 0.00, 1.00, 1.00, 1.00, 1.00, 1.00, 1.00, 0.00, 0.00, 0.00, 0.00, 1.00, 1.00, 0.00, 0.00
3256,  0,  54.250,  0.98,  1, 0.00, 0.00, 1.46, 0.07, 3.83, 2.44, 0.55, 2.82, 3.71, 1.57, 0.00, 0.00, 0.00, 0.00, 3.39, 0.00, 0.00, 0.00, 0.00, 1.00, 0.00, 1.00, 1.00, 1.00, 1.00, 1.00, 1.00, 0.00, 0.00, 0.00, 0.00, 1.00, 1.00, 0.00, 0.00
3257,  0,  54.267,  0.98,  1, 0.00, 0.00, 1.41, 0.00, 3.78, 2.31, 0.43, 2.86, 3.70, 1.65, 0.00, 0.00, 0.00, 0.00, 3.21, 0.00, 0.00, 0.00, 0.00, 1.00, 0.00, 1.00, 1.00, 1.00, 1.00, 1.00, 1.00, 0.00, 0.00, 0.00, 0.00, 1.00, 1.00, 0.00, 0.00
3258,  0,  54.283,  0.98,  1, 0.00, 0.00, 1.47, 0.00, 3.76, 2.37, 0.41, 2.95, 3.75, 1.47, 0.00, 0.00, 0.00, 0.00, 3.13, 0.00, 0.00, 0.00, 0.00, 1.00, 0.00, 1.00, 1.00, 1.00, 1.00, 1.00, 1.00, 0.00, 0.00, 0.00, 0.00, 1.00, 1.00, 0.00, 0.00
3259,  0,  54.300,  0.98,  1, 0.00, 0.00, 1.26, 0.01, 3.81, 2.35, 0.41, 3.03, 3.81, 1.59, 0.00, 0.00, 0.00, 0.00, 3.26, 0.00, 0.00, 0.00, 0.00, 1.00, 0.00, 1.00, 1.00, 1.00, 1.00, 1.00, 1.00, 0.00, 0.00, 0.00, 0.00, 1.00, 1.00, 0.00, 0.00
3260,  0,  54.317,  0.98,  1, 0.00, 0.00, 1.26, 0.01, 3.91, 2.48, 0.37, 3.06, 3.86, 1.56, 0.02, 0.00, 0.00, 0.00, 3.40, 0.00, 0.00, 0.00, 0.00, 1.00, 0.00, 1.00, 1.00, 1.00, 1.00, 1.00, 1.00, 0.00, 0.00, 0.00, 0.00, 1.00, 1.00, 0.00, 0.00
3261,  0,  54.333,  0.98,  1, 0.00, 0.00, 1.18, 0.01, 3.92, 2.13, 0.28, 3.01, 3.84, 1.75, 0.02, 0.00, 0.00, 0.00, 3.58, 0.00, 0.20, 0.00, 0.00, 1.00, 0.00, 1.00, 1.00, 1.00, 1.00, 1.00, 1.00, 0.00, 0.00, 0.00, 0.00, 1.00, 1.00, 0.00, 1.00
3262,  0,  54.350,  0.98,  1, 0.00, 0.00, 1.32, 0.00, 3.86, 1.79, 0.26, 2.99, 3.86, 1.74, 0.02, 0.00, 0.00, 0.00, 3.68, 0.00, 0.51, 0.00, 0.00, 1.00, 0.00, 1.00, 1.00, 1.00, 1.00, 1.00, 1.00, 0.00, 0.00, 0.00, 0.00, 1.00, 1.00, 0.00, 1.00
3263,  0,  54.367,  0.98,  1, 0.00, 0.00, 1.06, 0.00, 3.65, 1.41, 0.18, 2.91, 3.93, 1.87, 0.00, 0.00, 0.00, 0.00, 3.69, 0.00, 0.76, 0.00, 0.00, 0.00, 0.00, 1.00, 1.00, 1.00, 1.00, 1.00, 1.00, 0.00, 0.00, 0.00, 0.00, 1.00, 1.00, 0.00, 1.00
3264,  0,  54.383,  0.98,  1, 0.00, 0.00, 1.21, 0.00, 3.59, 1.44, 0.21, 2.92, 3.95, 1.82, 0.00, 0.00, 0.00, 0.00, 3.64, 0.01, 1.00, 0.00, 0.00, 0.00, 0.00, 1.00, 1.00, 1.00, 1.00, 1.00, 1.00, 0.00, 0.00, 0.00, 0.00, 1.00, 1.00, 0.00, 1.00
3265,  0,  54.400,  0.98,  1, 0.00, 0.00, 1.19, 0.00, 3.65, 1.33, 0.15, 2.83, 3.92, 1.70, 0.07, 0.00, 0.00, 0.00, 3.54, 0.01, 1.03, 0.00, 0.00, 0.00, 0.00, 1.00, 1.00, 1.00, 1.00, 1.00, 1.00, 0.00, 0.00, 0.00, 0.00, 1.00, 1.00, 0.00, 1.00
3266,  0,  54.417,  0.98,  1, 0.00, 0.00, 1.34, 0.00, 3.70, 1.43, 0.15, 2.93, 3.86, 1.77, 0.07, 0.02, 0.00, 0.00, 3.47, 0.01, 1.10, 0.00, 0.00, 0.00, 0.00, 1.00, 1.00, 1.00, 1.00, 1.00, 1.00, 0.00, 0.00, 0.00, 0.00, 1.00, 1.00, 0.00, 1.00
3267,  0,  54.433,  0.98,  1, 0.00, 0.00, 1.26, 0.00, 3.70, 1.39, 0.13, 2.93, 3.91, 1.76, 0.07, 0.07, 0.00, 0.00, 3.48, 0.00, 0.98, 0.00, 0.00, 1.00, 0.00, 1.00, 1.00, 1.00, 1.00, 1.00, 1.00, 0.00, 0.00, 0.00, 0.00, 1.00, 1.00, 0.00, 1.00
3268,  0,  54.450,  0.98,  1, 0.00, 0.00, 1.23, 0.00, 3.70, 1.77, 0.30, 2.99, 3.96, 1.81, 0.00, 0.07, 0.00, 0.00, 3.59, 0.00, 0.84, 0.00, 0.00, 1.00, 0.00, 1.00, 1.00, 1.00, 1.00, 1.00, 1.00, 0.00, 0.00, 0.00, 0.00, 1.00, 1.00, 0.00, 1.00
3269,  0,  54.467,  0.98,  1, 0.00, 0.00, 1.35, 0.00, 3.77, 2.01, 0.39, 2.96, 3.96, 1.66, 0.00, 0.05, 0.00, 0.00, 3.76, 0.00, 0.78, 0.00, 0.00, 1.00, 0.00, 1.00, 1.00, 1.00, 1.00, 1.00, 1.00, 0.00, 0.00, 0.00, 0.00, 1.00, 1.00, 0.00, 1.00
3270,  0,  54.483,  0.98,  1, 0.00, 0.00, 1.49, 0.00, 3.85, 2.26, 0.51, 2.95, 3.87, 1.63, 0.00, 0.00, 0.00, 0.00, 3.82, 0.00, 0.55, 0.00, 0.00, 1.00, 0.00, 1.00, 1.00, 1.00, 1.00, 1.00, 1.00, 0.00, 0.00, 0.00, 0.00, 1.00, 1.00, 0.00, 1.00
3271,  0,  54.500,  0.98,  1, 0.00, 0.00, 1.59, 0.00, 3.88, 2.15, 0.42, 2.98, 3.79, 1.64, 0.00, 0.06, 0.00, 0.00, 3.78, 0.00, 0.43, 0.00, 0.00, 1.00, 0.00, 1.00, 1.00, 1.00, 1.00, 1.00, 1.00, 0.00, 0.00, 0.00, 0.00, 1.00, 1.00, 0.00, 1.00
3272,  0,  54.517,  0.98,  1, 0.00, 0.00, 1.52, 0.00, 4.00, 2.04, 0.52, 2.95, 3.82, 1.76, 0.00, 0.06, 0.00, 0.00, 3.67, 0.00, 0.31, 0.00, 0.00, 1.00, 0.00, 1.00, 1.00, 1.00, 1.00, 1.00, 1.00, 0.00, 0.00, 0.00, 0.00, 1.00, 1.00, 0.00, 1.00
3273,  0,  54.533,  0.98,  1, 0.00, 0.00, 1.53, 0.00, 4.05, 2.16, 0.50, 3.04, 3.87, 1.78, 0.00, 0.06, 0.00, 0.00, 3.65, 0.00, 0.27, 0.00, 0.00, 1.00, 0.00, 1.00, 1.00, 1.00, 1.00, 1.00, 1.00, 0.00, 0.00, 0.00, 0.00, 1.00, 1.00, 0.00, 1.00
3274,  0,  54.550,  0.98,  1, 0.00, 0.00, 1.48, 0.00, 4.14, 2.32, 0.54, 3.04, 3.91, 1.81, 0.00, 0.00, 0.00, 0.00, 3.44, 0.00, 0.27, 0.00, 0.00, 1.00, 0.00, 1.00, 1.00, 1.00, 1.00, 1.00, 1.00, 0.00, 0.00, 0.00, 0.00, 1.00, 1.00, 0.00, 1.00
3275,  0,  54.567,  0.98,  1, 0.00, 0.00, 1.51, 0.00, 4.05, 2.40, 0.49, 3.05, 3.83, 1.80, 0.00, 0.00, 0.00, 0.00, 3.40, 0.00, 0.17, 0.00, 0.00, 1.00, 0.00, 1.00, 1.00, 1.00, 1.00, 1.00, 1.00, 0.00, 0.00, 0.00, 0.00, 1.00, 1.00, 0.00, 1.00
3276,  0,  54.583,  0.98,  1, 0.00, 0.00, 1.38, 0.00, 4.01, 2.38, 0.45, 3.05, 3.86, 1.73, 0.00, 0.00, 0.00, 0.00, 3.49, 0.00, 0.22, 0.00, 0.00, 1.00, 0.00, 1.00, 1.00, 1.00, 1.00, 1.00, 1.00, 0.00, 0.00, 0.00, 0.00, 1.00, 1.00, 0.00, 1.00
3277,  0,  54.600,  0.98,  1, 0.00, 0.00, 1.44, 0.00, 3.95, 2.54, 0.37, 3.08, 3.87, 1.60, 0.01, 0.04, 0.00, 0.00, 3.71, 0.00, 0.24, 0.00, 0.00, 1.00, 0.00, 1.00, 1.00, 1.00, 1.00, 1.00, 1.00, 0.00, 0.00, 0.00, 0.00, 1.00, 1.00, 0.00, 1.00
3278,  0,  54.617,  0.98,  1, 0.00, 0.00, 1.41, 0.00, 3.94, 2.85, 0.36, 3.11, 3.89, 1.34, 0.01, 0.08, 0.00, 0.00, 3.79, 0.00, 0.22, 0.00, 0.00, 1.00, 0.00, 1.00, 1.00, 1.00, 1.00, 1.00, 1.00, 0.00, 0.00, 0.00, 0.00, 1.00, 1.00, 0.00, 1.00
3279,  0,  54.633,  0.98,  1, 0.00, 0.00, 1.35, 0.00, 4.05, 2.86, 0.49, 3.07, 3.82, 1.53, 0.01, 0.07, 0.00, 0.00, 3.75, 0.00, 0.20, 0.00, 0.00, 1.00, 0.00, 1.00, 1.00, 1.00, 1.00, 1.00, 1.00, 0.00, 0.00, 0.00, 0.00, 1.00, 1.00, 0.00, 1.00
3280,  0,  54.650,  0.98,  1, 0.00, 0.00, 1.28, 0.00, 4.10, 2.74, 0.56, 3.10, 3.78, 1.70, 0.00, 0.04, 0.00, 0.00, 3.68, 0.00, 0.35, 0.00, 0.00, 1.00, 0.00, 1.00, 1.00, 1.00, 1.00, 1.00, 1.00, 0.00, 0.00, 0.00, 0.00, 1.00, 1.00, 0.00, 1.00
3281,  0,  54.667,  0.98,  1, 0.00, 0.00, 1.33, 0.00, 4.15, 2.53, 0.58, 3.13, 3.72, 1.82, 0.00, 0.00, 0.01, 0.00, 3.64, 0.00, 0.47, 0.00, 0.00, 1.00, 0.00, 1.00, 1.00, 1.00, 1.00, 1.00, 1.00, 0.00, 0.00, 0.00, 0.00, 1.00, 1.00, 0.00, 1.00
3282,  0,  54.683,  0.98,  1, 0.00, 0.00, 1.47, 0.00, 4.11, 2.52, 0.57, 3.07, 3.74, 1.72, 0.00, 0.00, 0.01, 0.00, 3.64, 0.00, 0.59, 0.00, 0.00, 1.00, 0.00, 1.00, 1.00, 1.00, 1.00, 1.00, 1.00, 0.00, 0.00, 0.00, 0.00, 1.00, 1.00, 0.00, 1.00
3283,  0,  54.700,  0.98,  1, 0.00, 0.00, 1.43, 0.00, 4.11, 2.44, 0.55, 2.97, 3.72, 1.60, 0.00, 0.04, 0.01, 0.00, 3.70, 0.08, 0.53, 0.00, 0.00, 1.00, 0.00, 1.00, 1.00, 1.00, 1.00, 1.00, 1.00, 0.00, 0.00, 0.00, 0.00, 1.00, 1.00, 0.00, 1.00
3284,  0,  54.717,  0.98,  1, 0.00, 0.00, 1.42, 0.00, 4.09, 2.32, 0.50, 2.93, 3.76, 1.62, 0.00, 0.05, 0.00, 0.00, 3.73, 0.15, 0.49, 0.00, 0.00, 1.00, 0.00, 1.00, 1.00, 1.00, 1.00, 1.00, 1.00, 0.00, 0.00, 0.00, 0.00, 1.00, 1.00, 0.00, 1.00
3285,  0,  54.733,  0.98,  1, 0.00, 0.00, 1.31, 0.00, 4.08, 2.49, 0.38, 2.98, 3.77, 1.70, 0.00, 0.06, 0.00, 0.00, 3.75, 0.24, 0.41, 0.00, 0.00, 1.00, 0.00, 1.00, 1.00, 1.00, 1.00, 1.00, 1.00, 0.00, 0.00, 0.00, 0.00, 1.00, 1.00, 0.00, 1.00
3286,  0,  54.750,  0.98,  1, 0.00, 0.00, 1.29, 0.00, 4.04, 2.46, 0.41, 3.06, 3.83, 1.82, 0.00, 0.02, 0.00, 0.00, 3.84, 0.17, 0.36, 0.00, 0.00, 1.00, 0.00, 1.00, 1.00, 1.00, 1.00, 1.00, 1.00, 0.00, 0.00, 0.00, 0.00, 1.00, 1.00, 0.00, 1.00
3287,  0,  54.767,  0.98,  1, 0.00, 0.00, 1.34, 0.00, 4.06, 2.66, 0.49, 3.10, 3.87, 1.90, 0.00, 0.04, 0.00, 0.00, 3.78, 0.20, 0.37, 0.00, 0.00, 1.00, 0.00, 1.00, 1.00, 1.00, 1.00, 1.00, 1.00, 0.00, 0.00, 0.00, 0.00, 1.00, 1.00, 0.00, 1.00
3288,  0,  54.783,  0.98,  1, 0.00, 0.00, 1.36, 0.00, 4.02, 2.32, 0.45, 2.98, 3.84, 1.89, 0.00, 0.04, 0.00, 0.00, 3.85, 0.17, 0.43, 0.00, 0.00, 1.00, 0.00, 1.00, 1.00, 1.00, 1.00, 1.00, 1.00, 0.00, 0.00, 0.00, 0.00, 1.00, 1.00, 0.00, 1.00
3289,  0,  54.800,  0.98,  1, 0.00, 0.00, 1.45, 0.00, 4.07, 2.27, 0.38, 2.86, 3.78, 1.83, 0.00, 0.05, 0.00, 0.00, 3.83, 0.16, 0.45, 0.00, 0.00, 1.00, 0.00, 1.00, 1.00, 1.00, 1.00, 1.00, 1.00, 0.00, 0.00, 0.00, 0.00, 1.00, 1.00, 0.00, 1.00
3290,  0,  54.817,  0.98,  1, 0.00, 0.00, 1.37, 0.10, 4.04, 2.23, 0.32, 2.75, 3.79, 1.82, 0.00, 0.02, 0.00, 0.00, 3.88, 0.06, 0.49, 0.00, 0.00, 1.00, 0.00, 1.00, 1.00, 1.00, 1.00, 1.00, 1.00, 0.00, 0.00, 0.00, 0.00, 1.00, 1.00, 0.00, 1.00
3291,  0,  54.833,  0.98,  1, 0.00, 0.00, 1.34, 0.10, 4.06, 2.42, 0.40, 2.84, 3.82, 1.80, 0.00, 0.02, 0.07, 0.00, 3.74, 0.02, 0.39, 0.00, 0.00, 1.00, 0.00, 1.00, 1.00, 1.00, 1.00, 1.00, 1.00, 0.00, 0.00, 0.00, 0.00, 1.00, 1.00, 0.00, 1.00
3292,  0,  54.850,  0.98,  1, 0.00, 0.00, 1.41, 0.10, 3.98, 2.34, 0.53, 2.89, 3.81, 1.89, 0.00, 0.01, 0.07, 0.00, 3.78, 0.07, 0.43, 0.00, 0.00, 1.00, 0.00, 1.00, 1.00, 1.00, 1.00, 1.00, 1.00, 0.00, 0.00, 0.00, 0.00, 1.00, 1.00, 0.00, 1.00
3293,  0,  54.867,  0.98,  1, 0.00, 0.00, 1.41, 0.00, 4.00, 2.35, 0.58, 2.92, 3.73, 1.87, 0.00, 0.01, 0.07, 0.00, 3.83, 0.07, 0.40, 0.00, 0.00, 1.00, 0.00, 1.00, 1.00, 1.00, 1.00, 1.00, 1.00, 0.00, 0.00, 0.00, 0.00, 1.00, 1.00, 0.00, 1.00
3294,  0,  54.883,  0.98,  1, 0.00, 0.00, 1.44, 0.02, 4.07, 2.44, 0.62, 2.84, 3.75, 1.77, 0.00, 0.00, 0.00, 0.00, 3.99, 0.10, 0.43, 0.00, 0.00, 1.00, 0.00, 1.00, 1.00, 1.00, 1.00, 1.00, 1.00, 0.00, 0.00, 0.00, 0.00, 1.00, 1.00, 0.00, 1.00
3295,  0,  54.900,  0.98,  1, 0.00, 0.00, 1.29, 0.02, 4.15, 2.69, 0.54, 2.92, 3.80, 1.74, 0.00, 0.00, 0.00, 0.00, 3.94, 0.05, 0.44, 0.00, 0.00, 1.00, 0.00, 1.00, 1.00, 1.00, 1.00, 1.00, 1.00, 0.00, 0.00, 0.00, 0.00, 1.00, 1.00, 0.00, 1.00
3296,  0,  54.917,  0.98,  1, 0.00, 0.00, 1.22, 0.02, 4.10, 2.57, 0.50, 2.92, 3.81, 1.71, 0.00, 0.00, 0.00, 0.00, 3.89, 0.05, 0.42, 0.00, 0.00, 1.00, 0.00, 1.00, 1.00, 1.00, 1.00, 1.00, 1.00, 0.00, 0.00, 0.00, 0.00, 1.00, 1.00, 0.00, 1.00
3297,  0,  54.933,  0.98,  1, 0.00, 0.00, 1.30, 0.00, 4.08, 2.44, 0.45, 3.00, 3.79, 1.73, 0.00, 0.00, 0.00, 0.00, 3.87, 0.05, 0.51, 0.00, 0.00, 1.00, 0.00, 1.00, 1.00, 1.00, 1.00, 1.00, 1.00, 0.00, 0.00, 0.00, 0.00, 1.00, 1.00, 0.00, 1.00
3298,  0,  54.950,  0.98,  1, 0.00, 0.00, 1.31, 0.00, 4.01, 2.23, 0.40, 2.97, 3.82, 1.67, 0.00, 0.07, 0.00, 0.00, 3.82, 0.15, 0.33, 0.00, 0.00, 0.00, 0.00, 1.00, 1.00, 1.00, 1.00, 1.00, 1.00, 0.00, 0.00, 0.00, 0.00, 1.00, 1.00, 0.00, 1.00
3299,  0,  54.967,  0.98,  1, 0.00, 0.00, 1.31, 0.07, 4.05, 2.24, 0.38, 2.92, 3.84, 1.67, 0.00, 0.07, 0.00, 0.00, 3.85, 0.15, 0.38, 0.00, 0.00, 0.00, 0.00, 1.00, 1.00, 1.00, 1.00, 1.00, 1.00, 0.00, 0.00, 0.00, 0.00, 1.00, 1.00, 0.00, 1.00
3300,  0,  54.983,  0.98,  1, 0.00, 0.00, 1.14, 0.07, 4.02, 2.07, 0.40, 2.89, 3.86, 1.78, 0.00, 0.07, 0.00, 0.00, 3.83, 0.09, 0.34, 0.00, 0.00, 1.00, 0.00, 1.00, 1.00, 1.00, 1.00, 1.00, 1.00, 0.00, 0.00, 0.00, 0.00, 1.00, 1.00, 0.00, 1.00
3301,  0,  55.000,  0.98,  1, 0.00, 0.00, 1.12, 0.07, 4.09, 2.17, 0.50, 2.88, 3.80, 1.84, 0.00, 0.00, 0.00, 0.00, 3.87, 0.00, 0.50, 0.00, 0.00, 1.00, 0.00, 1.00, 1.00, 1.00, 1.00, 1.00, 1.00, 0.00, 0.00, 0.00, 0.00, 1.00, 1.00, 0.00, 1.00
3302,  0,  55.017,  0.98,  1, 0.00, 0.00, 1.26, 0.00, 4.17, 2.33, 0.64, 2.96, 3.82, 1.88, 0.00, 0.00, 0.00, 0.00, 3.81, 0.01, 0.46, 0.00, 0.00, 1.00, 0.00, 1.00, 1.00, 1.00, 1.00, 1.00, 1.00, 0.00, 0.00, 0.00, 0.00, 1.00, 1.00, 0.00, 1.00
3303,  0,  55.033,  0.98,  1, 0.00, 0.00, 1.33, 0.07, 4.17, 2.58, 0.62, 2.89, 3.86, 1.89, 0.00, 0.00, 0.00, 0.00, 3.85, 0.01, 0.59, 0.00, 0.00, 1.00, 0.00, 1.00, 1.00, 1.00, 1.00, 1.00, 1.00, 0.00, 0.00, 0.00, 0.00, 1.00, 1.00, 0.00, 1.00
3304,  0,  55.050,  0.98,  1, 0.00, 0.00, 1.51, 0.07, 4.24, 2.83, 0.66, 2.82, 3.94, 1.92, 0.00, 0.00, 0.00, 0.00, 3.80, 0.01, 0.51, 0.00, 0.00, 1.00, 0.00, 1.00, 1.00, 1.00, 1.00, 1.00, 1.00, 0.00, 0.00, 0.00, 0.00, 1.00, 1.00, 0.00, 1.00
3305,  0,  55.067,  0.98,  1, 0.00, 0.00, 1.47, 0.07, 4.20, 2.87, 0.56, 2.76, 3.89, 1.85, 0.00, 0.00, 0.00, 0.00, 3.96, 0.00, 0.65, 0.00, 0.00, 1.00, 0.00, 1.00, 1.00, 1.00, 1.00, 1.00, 1.00, 0.00, 0.00, 0.00, 0.00, 1.00, 1.00, 0.00, 1.00
3306,  0,  55.083,  0.98,  1, 0.00, 0.00, 1.45, 0.00, 4.20, 3.04, 0.63, 2.93, 3.88, 1.82, 0.00, 0.00, 0.00, 0.00, 3.71, 0.00, 0.61, 0.00, 0.00, 1.00, 0.00, 1.00, 1.00, 1.00, 1.00, 1.00, 1.00, 0.00, 0.00, 0.00, 0.00, 1.00, 1.00, 0.00, 1.00
3307,  0,  55.100,  0.98,  1, 0.00, 0.00, 1.25, 0.00, 4.14, 2.87, 0.54, 3.06, 3.87, 1.85, 0.00, 0.00, 0.00, 0.00, 3.72, 0.00, 0.64, 0.00, 0.00, 1.00, 0.00, 1.00, 1.00, 1.00, 1.00, 1.00, 1.00, 0.00, 0.00, 0.00, 0.00, 1.00, 1.00, 0.00, 1.00
3308,  0,  55.117,  0.98,  1, 0.00, 0.00, 1.18, 0.00, 4.11, 2.72, 0.49, 3.12, 3.93, 2.04, 0.00, 0.04, 0.00, 0.00, 3.51, 0.00, 0.54, 0.00, 0.00, 0.00, 0.00, 1.00, 1.00, 1.00, 1.00, 1.00, 1.00, 0.00, 0.00, 0.00, 0.00, 1.00, 1.00, 0.00, 1.00
3309,  0,  55.133,  0.98,  1, 0.00, 0.00, 1.21, 0.08, 4.14, 2.38, 0.37, 3.03, 3.97, 2.17, 0.00, 0.04, 0.00, 0.00, 3.59, 0.00, 0.43, 0.00, 0.00, 0.00, 0.00, 1.00, 1.00, 1.00, 1.00, 1.00, 1.00, 0.00, 0.00, 0.00, 0.00, 1.00, 1.00, 0.00, 1.00
3310,  0,  55.150,  0.98,  1, 0.00, 0.00, 1.19, 0.08, 4.09, 2.32, 0.42, 3.04, 3.94, 2.10, 0.00, 0.04, 0.00, 0.00, 3.67, 0.00, 0.35, 0.00, 0.00, 0.00, 0.00, 1.00, 1.00, 1.00, 1.00, 1.00, 1.00, 0.00, 0.00, 0.00, 0.00, 1.00, 1.00, 0.00, 1.00
3311,  0,  55.167,  0.98,  1, 0.00, 0.00, 1.28, 0.08, 4.09, 2.39, 0.41, 3.04, 3.94, 2.05, 0.00, 0.00, 0.00, 0.00, 3.86, 0.00, 0.27, 0.00, 0.00, 1.00, 0.00, 1.00, 1.00, 1.00, 1.00, 1.00, 1.00, 0.00, 0.00, 0.00, 0.00, 1.00, 1.00, 0.00, 1.00
3312,  0,  55.183,  0.98,  1, 0.00, 0.00, 1.58, 0.00, 4.08, 2.43, 0.48, 3.01, 3.86, 1.86, 0.00, 0.00, 0.00, 0.00, 3.85, 0.10, 0.30, 0.00, 0.00, 1.00, 0.00, 1.00, 1.00, 1.00, 1.00, 1.00, 1.00, 0.00, 0.00, 0.00, 0.00, 1.00, 1.00, 0.00, 1.00
3313,  0,  55.200,  0.98,  1, 0.00, 0.00, 1.71, 0.00, 4.07, 2.24, 0.44, 2.90, 3.87, 1.97, 0.00, 0.03, 0.00, 0.00, 3.79, 0.22, 0.24, 0.00, 0.00, 1.00, 0.00, 1.00, 1.00, 1.00, 1.00, 1.00, 1.00, 0.00, 0.00, 0.00, 0.00, 1.00, 1.00, 0.00, 1.00
3314,  0,  55.217,  0.98,  1, 0.00, 0.00, 1.65, 0.00, 4.09, 2.12, 0.43, 3.02, 3.91, 1.82, 0.00, 0.03, 0.00, 0.00, 3.75, 0.22, 0.39, 0.00, 0.00, 1.00, 0.00, 1.00, 1.00, 1.00, 1.00, 1.00, 1.00, 0.00, 0.00, 0.00, 0.00, 1.00, 1.00, 0.00, 1.00
3315,  0,  55.233,  0.98,  1, 0.00, 0.00, 1.32, 0.00, 4.01, 2.12, 0.44, 3.13, 3.97, 1.82, 0.03, 0.03, 0.00, 0.00, 3.86, 0.12, 0.26, 0.00, 0.00, 1.00, 0.00, 1.00, 1.00, 1.00, 1.00, 1.00, 1.00, 0.00, 0.00, 0.00, 0.00, 1.00, 1.00, 0.00, 1.00
3316,  0,  55.250,  0.98,  1, 0.00, 0.00, 1.14, 0.00, 3.96, 2.19, 0.33, 3.16, 4.00, 1.75, 0.12, 0.00, 0.00, 0.00, 3.93, 0.08, 0.26, 0.00, 0.00, 0.00, 0.00, 1.00, 1.00, 1.00, 1.00, 1.00, 1.00, 0.00, 0.00, 0.00, 0.00, 1.00, 1.00, 0.00, 1.00
3317,  0,  55.267,  0.98,  1, 0.00, 0.00, 1.22, 0.00, 3.87, 1.87, 0.29, 3.03, 4.01, 1.80, 0.12, 0.06, 0.00, 0.00, 3.77, 0.21, 0.25, 0.00, 0.00, 0.00, 0.00, 1.00, 1.00, 1.00, 1.00, 1.00, 1.00, 0.00, 0.00, 0.00, 0.00, 1.00, 1.00, 0.00, 1.00
3318,  0,  55.283,  0.98,  1, 0.00, 0.00, 1.02, 0.00, 3.82, 1.66, 0.18, 2.94, 3.99, 1.86, 0.09, 0.06, 0.00, 0.00, 3.87, 0.21, 0.55, 0.00, 0.00, 0.00, 0.00, 1.00, 1.00, 1.00, 1.00, 1.00, 1.00, 0.00, 0.00, 0.00, 0.00, 1.00, 1.00, 0.00, 1.00
3319,  0,  55.300,  0.98,  1, 0.00, 0.00, 1.01, 0.00, 3.78, 1.33, 0.15, 2.96, 4.02, 1.76, 0.00, 0.07, 0.00, 0.00, 3.89, 0.13, 0.87, 0.00, 0.00, 0.00, 0.00, 1.00, 1.00, 1.00, 1.00, 1.00, 1.00, 0.00, 0.00, 0.00, 0.00, 1.00, 1.00, 0.00, 1.00
3320,  0,  55.317,  0.98,  1, 0.00, 0.00, 0.74, 0.00, 3.76, 1.32, 0.10, 2.97, 4.06, 1.77, 0.00, 0.00, 0.00, 0.00, 4.04, 0.03, 1.01, 0.00, 0.00, 0.00, 0.00, 1.00, 1.00, 1.00, 1.00, 1.00, 1.00, 0.00, 0.00, 0.00, 0.00, 1.00, 1.00, 0.00, 1.00
3321,  0,  55.333,  0.98,  1, 0.00, 0.00, 0.85, 0.00, 3.74, 0.88, 0.09, 2.96, 4.09, 1.89, 0.01, 0.00, 0.00, 0.00, 3.87, 0.03, 1.00, 0.00, 0.00, 0.00, 0.00, 1.00, 1.00, 1.00, 1.00, 1.00, 1.00, 0.00, 0.00, 0.00, 0.00, 1.00, 1.00, 0.00, 1.00
3322,  0,  55.350,  0.98,  1, 0.00, 0.00, 0.91, 0.00, 3.85, 0.98, 0.17, 2.98, 4.05, 1.96, 0.01, 0.00, 0.00, 0.00, 3.86, 0.07, 0.88, 0.00, 0.00, 0.00, 0.00, 1.00, 1.00, 1.00, 1.00, 1.00, 1.00, 0.00, 0.00, 0.00, 0.00, 1.00, 1.00, 0.00, 1.00
3323,  0,  55.367,  0.98,  1, 0.00, 0.00, 1.06, 0.00, 3.91, 0.99, 0.26, 3.05, 4.03, 1.87, 0.01, 0.00, 0.00, 0.00, 3.97, 0.03, 0.59, 0.00, 0.00, 0.00, 0.00, 1.00, 1.00, 1.00, 1.00, 1.00, 1.00, 0.00, 0.00, 0.00, 0.00, 1.00, 1.00, 0.00, 1.00
3324,  0,  55.383,  0.98,  1, 0.00, 0.00, 1.23, 0.01, 4.06, 1.58, 0.27, 3.08, 3.96, 1.81, 0.01, 0.00, 0.00, 0.00, 4.06, 0.03, 0.39, 0.00, 0.00, 0.00, 0.00, 1.00, 1.00, 1.00, 1.00, 1.00, 1.00, 0.00, 0.00, 0.00, 0.00, 1.00, 1.00, 0.00, 1.00
3325,  0,  55.400,  0.98,  1, 0.00, 0.00, 1.46, 0.01, 4.05, 1.90, 0.39, 3.04, 3.91, 1.66, 0.01, 0.00, 0.00, 0.00, 4.07, 0.00, 0.32, 0.00, 0.00, 0.00, 0.00, 1.00, 1.00, 1.00, 1.00, 1.00, 1.00, 0.00, 0.00, 0.00, 0.00, 1.00, 1.00, 0.00, 1.00
3326,  0,  55.417,  0.98,  1, 0.00, 0.00, 1.62, 0.01, 4.12, 2.29, 0.54, 3.02, 3.80, 1.89, 0.01, 0.00, 0.00, 0.00, 3.83, 0.00, 0.25, 0.00, 0.00, 1.00, 0.00, 1.00, 1.00, 1.00, 1.00, 1.00, 1.00, 0.00, 0.00, 0.00, 0.00, 1.00, 1.00, 0.00, 1.00
3327,  0,  55.433,  0.98,  1, 0.00, 0.00, 1.57, 0.00, 4.09, 2.14, 0.56, 2.98, 3.80, 1.68, 0.00, 0.00, 0.00, 0.00, 3.77, 0.00, 0.14, 0.00, 0.00, 1.00, 0.00, 1.00, 1.00, 1.00, 1.00, 1.00, 1.00, 0.00, 0.00, 0.00, 0.00, 1.00, 1.00, 0.00, 1.00
3328,  0,  55.450,  0.98,  1, 0.00, 0.00, 1.57, 0.00, 4.14, 2.25, 0.53, 3.08, 3.87, 1.61, 0.12, 0.00, 0.00, 0.04, 3.69, 0.02, 0.08, 0.00, 0.00, 1.00, 0.00, 1.00, 1.00, 1.00, 1.00, 1.00, 1.00, 0.00, 0.00, 0.00, 0.00, 1.00, 1.00, 0.00, 1.00
3329,  0,  55.467,  0.98,  1, 0.00, 0.00, 1.72, 0.00, 4.18, 2.21, 0.45, 3.06, 3.89, 1.50, 0.12, 0.00, 0.00, 0.04, 3.84, 0.02, 0.08, 0.00, 0.00, 1.00, 0.00, 1.00, 1.00, 1.00, 1.00, 1.00, 1.00, 0.00, 0.00, 0.00, 0.00, 1.00, 1.00, 0.00, 1.00
3330,  0,  55.483,  0.98,  1, 0.00, 0.00, 1.98, 0.00, 4.28, 2.34, 0.57, 3.13, 3.86, 1.58, 0.12, 0.00, 0.00, 0.04, 3.86, 0.02, 0.08, 0.00, 0.00, 1.00, 0.00, 1.00, 1.00, 1.00, 1.00, 1.00, 1.00, 0.00, 0.00, 0.00, 0.00, 1.00, 1.00, 0.00, 1.00
3331,  0,  55.500,  0.98,  1, 0.00, 0.00, 1.87, 0.05, 4.33, 2.26, 0.62, 3.15, 3.86, 1.86, 0.03, 0.00, 0.00, 0.00, 3.81, 0.00, 0.00, 0.00, 0.00, 1.00, 0.00, 1.00, 1.00, 1.00, 1.00, 1.00, 1.00, 0.00, 0.00, 0.00, 0.00, 1.00, 1.00, 0.00, 1.00
3332,  0,  55.517,  0.98,  1, 0.00, 0.00, 1.54, 0.05, 4.28, 2.32, 0.73, 3.16, 3.89, 1.91, 0.08, 0.00, 0.00, 0.00, 3.78, 0.00, 0.00, 0.00, 0.00, 1.00, 0.00, 1.00, 1.00, 1.00, 1.00, 1.00, 1.00, 0.00, 0.00, 0.00, 0.00, 1.00, 1.00, 0.00, 1.00
3333,  0,  55.533,  0.98,  1, 0.00, 0.00, 1.39, 0.05, 4.23, 2.57, 0.72, 3.14, 3.87, 2.00, 0.12, 0.00, 0.00, 0.01, 3.64, 0.00, 0.00, 0.00, 0.00, 1.00, 0.00, 1.00, 1.00, 1.00, 1.00, 1.00, 1.00, 0.00, 0.00, 0.00, 0.00, 1.00, 1.00, 0.00, 1.00
3334,  0,  55.550,  0.98,  1, 0.00, 0.00, 1.39, 0.00, 4.25, 2.91, 0.80, 3.14, 3.87, 1.86, 0.09, 0.00, 0.00, 0.01, 3.64, 0.00, 0.00, 0.00, 0.00, 1.00, 0.00, 1.00, 1.00, 1.00, 1.00, 1.00, 1.00, 0.00, 0.00, 0.00, 0.00, 1.00, 1.00, 0.00, 1.00
3335,  0,  55.567,  0.98,  1, 0.00, 0.00, 1.63, 0.00, 4.31, 2.74, 0.79, 3.17, 3.89, 1.86, 0.06, 0.00, 0.00, 0.01, 3.65, 0.00, 0.00, 0.00, 0.00, 1.00, 0.00, 1.00, 1.00, 1.00, 1.00, 1.00, 1.00, 0.00, 0.00, 0.00, 0.00, 1.00, 1.00, 0.00, 0.00
3336,  0,  55.583,  0.98,  1, 0.00, 0.00, 1.75, 0.00, 4.34, 2.68, 0.89, 3.27, 3.93, 1.66, 0.01, 0.00, 0.00, 0.00, 3.84, 0.00, 0.00, 0.00, 0.00, 1.00, 0.00, 1.00, 1.00, 1.00, 1.00, 1.00, 1.00, 0.00, 0.00, 0.00, 0.00, 1.00, 1.00, 0.00, 0.00
3337,  0,  55.600,  0.98,  1, 0.00, 0.00, 1.88, 0.00, 4.28, 2.44, 0.76, 3.15, 3.87, 1.60, 0.01, 0.00, 0.00, 0.06, 3.88, 0.00, 0.00, 0.00, 0.00, 1.00, 0.00, 1.00, 1.00, 1.00, 1.00, 1.00, 1.00, 0.00, 0.00, 0.00, 0.00, 1.00, 1.00, 0.00, 0.00
3338,  0,  55.617,  0.98,  1, 0.00, 0.00, 1.84, 0.16, 4.27, 2.19, 0.70, 3.18, 3.85, 1.62, 0.00, 0.00, 0.00, 0.11, 3.80, 0.00, 0.00, 0.00, 0.00, 1.00, 0.00, 1.00, 1.00, 1.00, 1.00, 1.00, 1.00, 0.00, 0.00, 0.00, 0.00, 1.00, 1.00, 0.00, 0.00
3339,  0,  55.633,  0.98,  1, 0.00, 0.00, 1.73, 0.16, 4.30, 2.06, 0.59, 3.22, 3.84, 1.67, 0.00, 0.02, 0.00, 0.17, 3.67, 0.02, 0.00, 0.00, 0.00, 1.00, 0.00, 1.00, 1.00, 1.00, 1.00, 1.00, 1.00, 0.00, 0.00, 0.00, 0.00, 1.00, 1.00, 0.00, 0.00
3340,  0,  55.650,  0.98,  1, 0.00, 0.00, 1.61, 0.16, 4.37, 1.94, 0.63, 3.28, 3.86, 1.70, 0.00, 0.02, 0.00, 0.16, 3.67, 0.09, 0.00, 0.00, 0.00, 1.00, 0.00, 1.00, 1.00, 1.00, 1.00, 1.00, 1.00, 0.00, 0.00, 0.00, 0.00, 1.00, 1.00, 0.00, 0.00
3341,  0,  55.667,  0.98,  1, 0.00, 0.00, 1.78, 0.00, 4.41, 2.37, 0.68, 3.33, 3.82, 1.58, 0.09, 0.05, 0.00, 0.13, 3.64, 0.09, 0.00, 0.00, 0.00, 1.00, 0.00, 1.00, 1.00, 1.00, 1.00, 1.00, 1.00, 0.00, 0.00, 0.00, 0.00, 1.00, 1.00, 0.00, 0.00
3342,  0,  55.683,  0.98,  1, 0.00, 0.00, 1.86, 0.00, 4.32, 2.45, 0.77, 3.10, 3.84, 1.60, 0.10, 0.03, 0.00, 0.08, 3.58, 0.07, 0.00, 0.00, 0.00, 1.00, 0.00, 1.00, 1.00, 1.00, 1.00, 1.00, 1.00, 0.00, 0.00, 0.00, 0.00, 1.00, 1.00, 0.00, 0.00
3343,  0,  55.700,  0.98,  1, 0.00, 0.00, 2.01, 0.00, 4.28, 2.49, 0.72, 3.10, 3.86, 1.65, 0.13, 0.03, 0.00, 0.06, 3.61, 0.00, 0.00, 0.00, 0.00, 1.00, 0.00, 1.00, 1.00, 1.00, 1.00, 1.00, 1.00, 0.00, 0.00, 0.00, 0.00, 1.00, 1.00, 0.00, 0.00
3344,  0,  55.717,  0.98,  1, 0.00, 0.00, 1.98, 0.05, 4.25, 2.58, 0.72, 2.94, 3.83, 1.69, 0.04, 0.00, 0.00, 0.11, 3.67, 0.00, 0.00, 0.00, 0.00, 1.00, 0.00, 1.00, 1.00, 1.00, 1.00, 1.00, 1.00, 0.00, 0.00, 0.00, 0.00, 1.00, 1.00, 0.00, 0.00
3345,  0,  55.733,  0.98,  1, 0.00, 0.00, 2.06, 0.06, 4.31, 2.75, 0.64, 3.00, 3.80, 1.85, 0.03, 0.00, 0.00, 0.18, 3.84, 0.10, 0.00, 0.00, 0.00, 1.00, 0.00, 1.00, 1.00, 1.00, 1.00, 1.00, 1.00, 0.00, 0.00, 0.00, 0.00, 1.00, 1.00, 0.00, 0.00
3346,  0,  55.750,  0.98,  1, 0.00, 0.00, 2.01, 0.10, 4.31, 2.91, 0.72, 3.10, 3.75, 1.84, 0.00, 0.00, 0.00, 0.19, 3.82, 0.10, 0.00, 0.00, 0.00, 1.00, 0.00, 1.00, 1.00, 1.00, 1.00, 1.00, 1.00, 0.00, 0.00, 0.00, 0.00, 1.00, 1.00, 0.00, 0.00
3347,  0,  55.767,  0.98,  1, 0.00, 0.00, 1.85, 0.07, 4.32, 2.90, 0.68, 3.18, 3.87, 1.93, 0.00, 0.00, 0.00, 0.12, 3.85, 0.10, 0.00, 0.00, 0.00, 1.00, 0.00, 1.00, 1.00, 1.00, 1.00, 1.00, 1.00, 0.00, 0.00, 0.00, 0.00, 1.00, 1.00, 0.00, 0.00
3348,  0,  55.783,  0.98,  1, 0.00, 0.00, 1.66, 0.11, 4.24, 2.51, 0.61, 3.15, 3.90, 1.91, 0.00, 0.00, 0.00, 0.09, 3.82, 0.00, 0.00, 0.00, 0.00, 1.00, 0.00, 1.00, 1.00, 1.00, 1.00, 1.00, 1.00, 0.00, 0.00, 0.00, 0.00, 1.00, 1.00, 0.00, 0.00
3349,  0,  55.800,  0.98,  1, 0.00, 0.00, 1.64, 0.15, 4.26, 2.36, 0.61, 3.01, 3.93, 1.99, 0.00, 0.00, 0.00, 0.11, 3.74, 0.00, 0.00, 0.00, 0.00, 1.00, 0.00, 1.00, 1.00, 1.00, 1.00, 1.00, 1.00, 0.00, 0.00, 0.00, 0.00, 1.00, 1.00, 0.00, 0.00
3350,  0,  55.817,  0.98,  1, 0.00, 0.00, 1.71, 0.12, 4.21, 2.26, 0.59, 2.92, 3.81, 1.86, 0.00, 0.01, 0.00, 0.19, 3.71, 0.02, 0.00, 0.00, 0.00, 1.00, 0.00, 1.00, 1.00, 1.00, 1.00, 1.00, 1.00, 0.00, 0.00, 0.00, 0.00, 1.00, 1.00, 0.00, 0.00
3351,  0,  55.833,  0.98,  1, 0.00, 0.00, 1.90, 0.07, 4.25, 2.76, 0.63, 2.98, 3.77, 1.77, 0.00, 0.01, 0.00, 0.20, 3.70, 0.12, 0.00, 0.00, 0.00, 1.00, 0.00, 1.00, 1.00, 1.00, 1.00, 1.00, 1.00, 0.00, 0.00, 0.00, 0.00, 1.00, 1.00, 0.00, 0.00
3352,  0,  55.850,  0.98,  1, 0.00, 0.00, 1.86, 0.07, 4.22, 2.98, 0.63, 2.99, 3.79, 1.70, 0.03, 0.01, 0.00, 0.14, 3.69, 0.12, 0.00, 0.00, 0.00, 1.00, 0.00, 1.00, 1.00, 1.00, 1.00, 1.00, 1.00, 0.00, 0.00, 0.00, 0.00, 1.00, 1.00, 0.00, 0.00
3353,  0,  55.867,  0.98,  1, 0.00, 0.00, 1.88, 0.14, 4.19, 2.91, 0.69, 3.01, 3.80, 1.82, 0.03, 0.00, 0.00, 0.16, 3.75, 0.09, 0.00, 0.00, 0.00, 1.00, 0.00, 1.00, 1.00, 1.00, 1.00, 1.00, 1.00, 0.00, 0.00, 0.00, 0.00, 1.00, 1.00, 0.00, 0.00
3354,  0,  55.883,  0.98,  1, 0.00, 0.00, 1.84, 0.14, 4.16, 2.60, 0.72, 2.98, 3.79, 1.96, 0.04, 0.03, 0.00, 0.18, 3.75, 0.00, 0.01, 0.00, 0.00, 1.00, 0.00, 1.00, 1.00, 1.00, 1.00, 1.00, 1.00, 0.00, 0.00, 0.00, 0.00, 1.00, 1.00, 0.00, 1.00
3355,  0,  55.900,  0.98,  1, 0.00, 0.00, 1.71, 0.08, 4.16, 2.33, 0.72, 3.06, 3.81, 1.97, 0.01, 0.03, 0.00, 0.17, 3.84, 0.05, 0.01, 0.00, 0.00, 1.00, 0.00, 1.00, 1.00, 1.00, 1.00, 1.00, 1.00, 0.00, 0.00, 0.00, 0.00, 1.00, 1.00, 0.00, 1.00
3356,  0,  55.917,  0.98,  1, 0.00, 0.00, 1.60, 0.00, 4.24, 2.50, 0.74, 3.16, 3.88, 1.91, 0.01, 0.03, 0.00, 0.08, 3.80, 0.07, 0.01, 0.00, 0.00, 1.00, 0.00, 1.00, 1.00, 1.00, 1.00, 1.00, 1.00, 0.00, 0.00, 0.00, 0.00, 1.00, 1.00, 0.00, 1.00
3357,  0,  55.933,  0.98,  1, 0.00, 0.00, 1.58, 0.00, 4.30, 2.47, 0.63, 3.08, 4.00, 1.74, 0.01, 0.00, 0.00, 0.00, 3.83, 0.07, 0.04, 0.00, 0.00, 1.00, 0.00, 1.00, 1.00, 1.00, 1.00, 1.00, 1.00, 0.00, 0.00, 0.00, 0.00, 1.00, 1.00, 0.00, 1.00
3358,  0,  55.950,  0.98,  1, 0.00, 0.00, 1.57, 0.00, 4.21, 2.28, 0.45, 2.93, 4.04, 1.86, 0.01, 0.00, 0.00, 0.00, 3.89, 0.02, 0.04, 0.00, 0.00, 1.00, 0.00, 1.00, 1.00, 1.00, 1.00, 1.00, 1.00, 0.00, 0.00, 0.00, 0.00, 1.00, 1.00, 0.00, 1.00
3359,  0,  55.967,  0.98,  1, 0.00, 0.00, 1.47, 0.00, 4.04, 1.80, 0.34, 2.90, 4.03, 1.89, 0.01, 0.00, 0.00, 0.00, 3.82, 0.00, 0.20, 0.00, 0.00, 1.00, 0.00, 1.00, 1.00, 1.00, 1.00, 1.00, 1.00, 0.00, 0.00, 0.00, 0.00, 1.00, 1.00, 0.00, 1.00
3360,  0,  55.983,  0.98,  1, 0.00, 0.00, 1.25, 0.00, 3.82, 1.37, 0.28, 3.00, 3.99, 1.99, 0.05, 0.00, 0.00, 0.00, 3.89, 0.00, 0.34, 0.00, 0.00, 1.00, 0.00, 1.00, 1.00, 1.00, 1.00, 1.00, 1.00, 0.00, 0.00, 0.00, 0.00, 1.00, 1.00, 0.00, 1.00
3361,  0,  56.000,  0.98,  1, 0.00, 0.00, 1.15, 0.00, 3.75, 1.23, 0.27, 2.96, 3.92, 1.95, 0.05, 0.00, 0.00, 0.00, 3.80, 0.00, 0.67, 0.00, 0.00, 1.00, 0.00, 1.00, 1.00, 1.00, 1.00, 1.00, 1.00, 0.00, 0.00, 0.00, 0.00, 1.00, 1.00, 0.00, 1.00
3362,  0,  56.017,  0.98,  1, 0.00, 0.00, 1.10, 0.00, 3.69, 1.07, 0.12, 2.94, 3.96, 1.95, 0.06, 0.00, 0.00, 0.00, 3.85, 0.00, 0.87, 0.00, 0.00, 0.00, 0.00, 1.00, 1.00, 1.00, 1.00, 1.00, 1.00, 0.00, 0.00, 0.00, 0.00, 1.00, 1.00, 0.00, 1.00
3363,  0,  56.033,  0.98,  1, 0.00, 0.00, 1.10, 0.00, 3.76, 1.21, 0.19, 2.93, 3.93, 2.04, 0.02, 0.03, 0.00, 0.00, 3.76, 0.00, 0.98, 0.00, 0.00, 0.00, 0.00, 1.00, 1.00, 1.00, 1.00, 1.00, 1.00, 0.00, 0.00, 0.00, 0.00, 1.00, 1.00, 0.00, 1.00
3364,  0,  56.050,  0.98,  1, 0.00, 0.00, 1.16, 0.00, 3.78, 1.42, 0.18, 3.08, 3.98, 2.12, 0.02, 0.03, 0.00, 0.00, 3.75, 0.00, 1.11, 0.00, 0.00, 0.00, 0.00, 1.00, 1.00, 1.00, 1.00, 1.00, 1.00, 0.00, 0.00, 0.00, 0.00, 1.00, 1.00, 0.00, 1.00
3365,  0,  56.067,  0.98,  1, 0.00, 0.00, 1.18, 0.00, 3.80, 1.52, 0.19, 3.00, 3.90, 2.16, 0.08, 0.03, 0.00, 0.00, 3.83, 0.00, 0.92, 0.00, 0.00, 0.00, 0.00, 1.00, 1.00, 1.00, 1.00, 1.00, 1.00, 0.00, 0.00, 0.00, 0.00, 1.00, 1.00, 0.00, 1.00
3366,  0,  56.083,  0.98,  1, 0.00, 0.00, 1.09, 0.00, 3.76, 1.36, 0.08, 2.98, 3.93, 2.15, 0.11, 0.00, 0.00, 0.00, 3.86, 0.00, 0.99, 0.00, 0.00, 0.00, 0.00, 1.00, 1.00, 1.00, 1.00, 1.00, 1.00, 0.00, 0.00, 0.00, 0.00, 1.00, 1.00, 0.00, 1.00
3367,  0,  56.100,  0.98,  1, 0.00, 0.00, 1.01, 0.00, 3.67, 0.91, 0.03, 3.01, 3.93, 2.01, 0.11, 0.00, 0.00, 0.00, 4.01, 0.00, 0.84, 0.00, 0.00, 0.00, 0.00, 1.00, 1.00, 1.00, 1.00, 1.00, 1.00, 0.00, 0.00, 0.00, 0.00, 1.00, 1.00, 0.00, 1.00
3368,  0,  56.117,  0.98,  1, 0.00, 0.00, 0.95, 0.00, 3.63, 0.69, 0.00, 3.07, 3.93, 1.95, 0.03, 0.00, 0.00, 0.00, 3.98, 0.00, 1.15, 0.00, 0.00, 0.00, 0.00, 1.00, 1.00, 1.00, 1.00, 1.00, 1.00, 0.00, 0.00, 0.00, 0.00, 1.00, 1.00, 0.00, 1.00
3369,  0,  56.133,  0.98,  1, 0.00, 0.00, 0.81, 0.00, 3.64, 0.65, 0.00, 3.16, 3.97, 2.01, 0.00, 0.03, 0.00, 0.00, 4.09, 0.00, 1.27, 0.00, 0.00, 0.00, 0.00, 1.00, 1.00, 1.00, 1.00, 1.00, 1.00, 0.00, 0.00, 0.00, 0.00, 1.00, 1.00, 0.00, 1.00
3370,  0,  56.150,  0.98,  1, 0.00, 0.00, 0.71, 0.00, 3.67, 0.78, 0.02, 3.07, 3.97, 2.08, 0.03, 0.03, 0.00, 0.00, 3.99, 0.07, 1.26, 0.00, 0.00, 0.00, 0.00, 1.00, 1.00, 1.00, 1.00, 1.00, 1.00, 0.00, 0.00, 0.00, 0.00, 1.00, 1.00, 0.00, 1.00
3371,  0,  56.167,  0.98,  1, 0.00, 0.00, 0.62, 0.00, 3.72, 1.08, 0.02, 3.08, 4.04, 2.05, 0.03, 0.04, 0.00, 0.00, 3.91, 0.14, 1.26, 0.00, 0.00, 0.00, 0.00, 1.00, 1.00, 1.00, 1.00, 1.00, 1.00, 0.00, 0.00, 0.00, 0.00, 1.00, 1.00, 0.00, 1.00
3372,  0,  56.183,  0.98,  1, 0.00, 0.00, 0.71, 0.00, 3.68, 1.19, 0.03, 2.99, 3.98, 1.96, 0.03, 0.01, 0.00, 0.00, 3.84, 0.22, 1.08, 0.00, 0.00, 0.00, 0.00, 1.00, 1.00, 1.00, 1.00, 1.00, 1.00, 0.00, 0.00, 0.00, 0.00, 1.00, 1.00, 0.00, 1.00
3373,  0,  56.200,  0.98,  1, 0.00, 0.00, 0.86, 0.00, 3.69, 1.36, 0.08, 3.00, 3.93, 2.00, 0.00, 0.01, 0.00, 0.00, 3.97, 0.25, 1.16, 0.00, 0.00, 0.00, 0.00, 1.00, 1.00, 1.00, 1.00, 1.00, 1.00, 0.00, 0.00, 0.00, 0.00, 1.00, 1.00, 0.00, 1.00
3374,  0,  56.217,  0.98,  1, 0.00, 0.00, 0.95, 0.00, 3.73, 1.38, 0.08, 2.99, 3.94, 2.04, 0.03, 0.00, 0.00, 0.00, 3.98, 0.19, 1.12, 0.00, 0.00, 0.00, 0.00, 1.00, 1.00, 1.00, 1.00, 1.00, 1.00, 0.00, 0.00, 0.00, 0.00, 1.00, 1.00, 0.00, 1.00
3375,  0,  56.233,  0.98,  1, 0.00, 0.00, 0.97, 0.00, 3.77, 1.74, 0.13, 2.95, 3.92, 1.98, 0.03, 0.00, 0.00, 0.00, 3.96, 0.13, 1.12, 0.00, 0.00, 0.00, 0.00, 1.00, 1.00, 1.00, 1.00, 1.00, 1.00, 0.00, 0.00, 0.00, 0.00, 1.00, 1.00, 0.00, 1.00
3376,  0,  56.250,  0.98,  1, 0.00, 0.00, 0.90, 0.00, 3.86, 2.01, 0.12, 2.92, 3.92, 1.95, 0.03, 0.00, 0.00, 0.00, 3.91, 0.12, 1.04, 0.00, 0.00, 0.00, 0.00, 1.00, 1.00, 1.00, 1.00, 1.00, 1.00, 0.00, 0.00, 0.00, 0.00, 1.00, 1.00, 0.00, 1.00
3377,  0,  56.267,  0.98,  1, 0.00, 0.00, 0.85, 0.00, 3.88, 2.28, 0.21, 2.93, 3.89, 1.90, 0.00, 0.00, 0.00, 0.00, 4.04, 0.12, 0.85, 0.00, 0.00, 0.00, 0.00, 1.00, 1.00, 1.00, 1.00, 1.00, 1.00, 0.00, 0.00, 0.00, 0.00, 1.00, 1.00, 0.00, 1.00
3378,  0,  56.283,  0.98,  1, 0.00, 0.00, 1.04, 0.00, 3.96, 2.23, 0.24, 2.96, 3.90, 2.06, 0.00, 0.00, 0.00, 0.00, 4.09, 0.09, 0.61, 0.00, 0.00, 0.00, 0.00, 1.00, 1.00, 1.00, 1.00, 1.00, 1.00, 0.00, 0.00, 0.00, 0.00, 1.00, 1.00, 0.00, 1.00
3379,  0,  56.300,  0.98,  1, 0.00, 0.00, 1.19, 0.00, 3.99, 2.29, 0.29, 3.02, 3.93, 2.05, 0.00, 0.00, 0.00, 0.00, 4.06, 0.00, 0.65, 0.00, 0.00, 0.00, 0.00, 1.00, 1.00, 1.00, 1.00, 1.00, 1.00, 0.00, 0.00, 0.00, 0.00, 1.00, 1.00, 0.00, 1.00
3380,  0,  56.317,  0.98,  1, 0.00, 0.00, 1.31, 0.00, 4.04, 2.44, 0.35, 3.10, 3.85, 2.16, 0.00, 0.03, 0.00, 0.00, 3.95, 0.09, 0.62, 0.00, 0.00, 0.00, 0.00, 1.00, 1.00, 1.00, 1.00, 1.00, 1.00, 0.00, 0.00, 0.00, 0.00, 1.00, 1.00, 0.00, 1.00
3381,  0,  56.333,  0.98,  1, 0.00, 0.00, 1.33, 0.00, 4.05, 2.70, 0.39, 3.12, 3.87, 2.07, 0.00, 0.03, 0.00, 0.00, 3.92, 0.25, 0.67, 0.00, 0.00, 0.00, 0.00, 1.00, 1.00, 1.00, 1.00, 1.00, 1.00, 0.00, 0.00, 0.00, 0.00, 1.00, 1.00, 0.00, 1.00
3382,  0,  56.350,  0.98,  1, 0.00, 0.00, 1.29, 0.00, 4.04, 2.81, 0.40, 3.16, 3.84, 2.07, 0.00, 0.03, 0.00, 0.00, 3.94, 0.25, 0.34, 0.00, 0.00, 0.00, 0.00, 1.00, 1.00, 1.00, 1.00, 1.00, 1.00, 0.00, 0.00, 0.00, 0.00, 1.00, 1.00, 0.00, 1.00
3383,  0,  56.367,  0.98,  1, 0.00, 0.00, 1.37, 0.00, 4.05, 3.00, 0.31, 3.04, 3.89, 1.96, 0.00, 0.00, 0.00, 0.00, 4.00, 0.27, 0.37, 0.00, 0.00, 0.00, 0.00, 1.00, 1.00, 1.00, 1.00, 1.00, 1.00, 0.00, 0.00, 0.00, 0.00, 1.00, 1.00, 0.00, 1.00
3384,  0,  56.383,  0.98,  1, 0.00, 0.00, 1.28, 0.00, 4.04, 2.88, 0.25, 3.02, 3.81, 1.89, 0.00, 0.09, 0.00, 0.00, 4.06, 0.11, 0.31, 0.00, 0.00, 0.00, 0.00, 1.00, 1.00, 1.00, 1.00, 1.00, 1.00, 0.00, 0.00, 0.00, 0.00, 1.00, 1.00, 0.00, 1.00
3385,  0,  56.400,  0.98,  1, 0.00, 0.00, 1.31, 0.00, 4.10, 2.91, 0.31, 3.01, 3.83, 1.83, 0.00, 0.09, 0.00, 0.00, 4.02, 0.11, 0.37, 0.00, 0.00, 0.00, 0.00, 1.00, 1.00, 1.00, 1.00, 1.00, 1.00, 0.00, 0.00, 0.00, 0.00, 1.00, 1.00, 0.00, 1.00
3386,  0,  56.417,  0.98,  1, 0.00, 0.00, 1.27, 0.00, 4.16, 2.73, 0.38, 2.96, 3.80, 1.93, 0.00, 0.09, 0.00, 0.00, 3.90, 0.00, 0.14, 0.00, 0.00, 0.00, 0.00, 1.00, 1.00, 1.00, 1.00, 1.00, 1.00, 0.00, 0.00, 0.00, 0.00, 1.00, 1.00, 0.00, 1.00
3387,  0,  56.433,  0.98,  1, 0.00, 0.00, 1.37, 0.00, 4.16, 2.64, 0.41, 3.00, 3.87, 1.87, 0.00, 0.00, 0.00, 0.00, 3.84, 0.03, 0.46, 0.00, 0.00, 0.00, 0.00, 1.00, 1.00, 1.00, 1.00, 1.00, 1.00, 0.00, 0.00, 0.00, 0.00, 1.00, 1.00, 0.00, 1.00
3388,  0,  56.450,  0.98,  1, 0.00, 0.00, 1.36, 0.00, 4.17, 2.50, 0.37, 3.06, 3.86, 1.94, 0.00, 0.00, 0.00, 0.00, 3.85, 0.03, 0.46, 0.00, 0.00, 0.00, 0.00, 1.00, 1.00, 1.00, 1.00, 1.00, 1.00, 0.00, 0.00, 0.00, 0.00, 1.00, 1.00, 0.00, 1.00
3389,  0,  56.467,  0.98,  1, 0.00, 0.00, 1.35, 0.00, 4.16, 2.46, 0.36, 3.14, 3.91, 2.06, 0.00, 0.05, 0.00, 0.00, 3.99, 0.13, 0.52, 0.00, 0.00, 0.00, 0.00, 1.00, 1.00, 1.00, 1.00, 1.00, 1.00, 0.00, 0.00, 0.00, 0.00, 1.00, 1.00, 0.00, 1.00
3390,  0,  56.483,  0.98,  1, 0.00, 0.00, 1.20, 0.00, 4.22, 2.76, 0.30, 3.10, 3.89, 2.05, 0.00, 0.05, 0.00, 0.00, 3.88, 0.12, 0.47, 0.00, 0.00, 0.00, 0.00, 1.00, 1.00, 1.00, 1.00, 1.00, 1.00, 0.00, 0.00, 0.00, 0.00, 1.00, 1.00, 0.00, 1.00
3391,  0,  56.500,  0.98,  1, 0.00, 0.00, 1.20, 0.00, 4.16, 2.88, 0.26, 3.01, 3.88, 1.88, 0.00, 0.05, 0.00, 0.00, 3.86, 0.14, 0.59, 0.00, 0.00, 0.00, 0.00, 1.00, 1.00, 1.00, 1.00, 1.00, 1.00, 0.00, 0.00, 0.00, 0.00, 1.00, 1.00, 0.00, 1.00
3392,  0,  56.517,  0.98,  1, 0.00, 0.00, 1.06, 0.02, 4.09, 2.89, 0.19, 2.94, 3.82, 1.57, 0.00, 0.00, 0.00, 0.00, 3.88, 0.04, 0.80, 0.00, 0.00, 0.00, 0.00, 1.00, 1.00, 1.00, 1.00, 1.00, 1.00, 0.00, 0.00, 0.00, 0.00, 1.00, 1.00, 0.00, 1.00
3393,  0,  56.533,  0.98,  1, 0.00, 0.00, 1.22, 0.08, 4.11, 2.85, 0.32, 2.97, 3.78, 1.67, 0.00, 0.00, 0.00, 0.00, 3.90, 0.04, 0.54, 0.00, 0.00, 0.00, 0.00, 1.00, 1.00, 1.00, 1.00, 1.00, 1.00, 0.00, 0.00, 0.00, 0.00, 1.00, 1.00, 0.00, 1.00
3394,  0,  56.550,  0.98,  1, 0.00, 0.00, 1.24, 0.13, 4.15, 3.02, 0.31, 2.99, 3.76, 1.72, 0.00, 0.00, 0.00, 0.00, 3.81, 0.17, 0.60, 0.00, 0.00, 0.00, 0.00, 1.00, 1.00, 1.00, 1.00, 1.00, 1.00, 0.00, 0.00, 0.00, 0.00, 1.00, 1.00, 0.00, 1.00
3395,  0,  56.567,  0.98,  1, 0.00, 0.00, 1.24, 0.11, 4.27, 3.10, 0.36, 3.02, 3.81, 1.82, 0.00, 0.00, 0.00, 0.00, 3.81, 0.17, 0.49, 0.00, 0.00, 0.00, 0.00, 1.00, 1.00, 1.00, 1.00, 1.00, 1.00, 0.00, 0.00, 0.00, 0.00, 1.00, 1.00, 0.00, 1.00
3396,  0,  56.583,  0.98,  1, 0.00, 0.00, 1.06, 0.07, 4.23, 3.17, 0.34, 2.93, 3.82, 1.84, 0.00, 0.00, 0.00, 0.00, 3.88, 0.14, 0.71, 0.00, 0.00, 0.00, 0.00, 1.00, 1.00, 1.00, 1.00, 1.00, 1.00, 0.00, 0.00, 0.00, 0.00, 1.00, 1.00, 0.00, 1.00
3397,  0,  56.600,  0.98,  1, 0.00, 0.00, 1.03, 0.03, 4.18, 3.07, 0.36, 2.89, 3.80, 1.94, 0.00, 0.00, 0.00, 0.00, 4.05, 0.00, 0.50, 0.00, 0.00, 0.00, 0.00, 1.00, 1.00, 1.00, 1.00, 1.00, 1.00, 0.00, 0.00, 0.00, 0.00, 1.00, 1.00, 0.00, 1.00
3398,  0,  56.617,  0.98,  1, 0.00, 0.00, 1.08, 0.03, 4.15, 3.20, 0.38, 2.92, 3.77, 2.06, 0.00, 0.00, 0.00, 0.00, 3.98, 0.10, 0.38, 0.00, 0.00, 0.00, 0.00, 1.00, 1.00, 1.00, 1.00, 1.00, 1.00, 0.00, 0.00, 0.00, 0.00, 1.00, 1.00, 0.00, 1.00
3399,  0,  56.633,  0.98,  1, 0.00, 0.00, 1.10, 0.00, 4.11, 2.98, 0.34, 2.96, 3.76, 2.04, 0.00, 0.00, 0.00, 0.00, 3.87, 0.10, 0.09, 0.00, 0.00, 0.00, 0.00, 1.00, 1.00, 1.00, 1.00, 1.00, 1.00, 0.00, 0.00, 0.00, 0.00, 1.00, 1.00, 0.00, 1.00
3400,  0,  56.650,  0.98,  1, 0.00, 0.00, 1.09, 0.00, 4.14, 3.20, 0.34, 3.00, 3.77, 2.06, 0.00, 0.00, 0.00, 0.00, 3.73, 0.15, 0.10, 0.00, 0.00, 0.00, 0.00, 1.00, 1.00, 1.00, 1.00, 1.00, 1.00, 0.00, 0.00, 0.00, 0.00, 1.00, 1.00, 0.00, 1.00
3401,  0,  56.667,  0.98,  1, 0.00, 0.00, 1.07, 0.00, 4.06, 2.90, 0.30, 2.98, 3.78, 2.05, 0.00, 0.00, 0.00, 0.00, 3.75, 0.05, 0.14, 0.00, 0.00, 0.00, 0.00, 1.00, 1.00, 1.00, 1.00, 1.00, 1.00, 0.00, 0.00, 0.00, 0.00, 1.00, 1.00, 0.00, 1.00
3402,  0,  56.683,  0.98,  1, 0.00, 0.00, 1.17, 0.02, 4.08, 3.01, 0.24, 2.94, 3.84, 2.00, 0.02, 0.00, 0.00, 0.00, 3.83, 0.10, 0.17, 0.00, 0.00, 0.00, 0.00, 1.00, 1.00, 1.00, 1.00, 1.00, 1.00, 0.00, 0.00, 0.00, 0.00, 1.00, 1.00, 0.00, 1.00
3403,  0,  56.700,  0.98,  1, 0.00, 0.00, 1.11, 0.02, 4.11, 2.70, 0.18, 2.99, 3.92, 2.09, 0.02, 0.00, 0.00, 0.00, 3.92, 0.22, 0.22, 0.00, 0.00, 0.00, 0.00, 1.00, 1.00, 1.00, 1.00, 1.00, 1.00, 0.00, 0.00, 0.00, 0.00, 1.00, 1.00, 0.00, 1.00
3404,  0,  56.717,  0.98,  1, 0.00, 0.00, 1.11, 0.02, 4.18, 2.67, 0.24, 3.05, 3.94, 2.04, 0.02, 0.00, 0.00, 0.00, 3.97, 0.22, 0.15, 0.00, 0.00, 0.00, 0.00, 1.00, 1.00, 1.00, 1.00, 1.00, 1.00, 0.00, 0.00, 0.00, 0.00, 1.00, 1.00, 0.00, 1.00
3405,  0,  56.733,  0.98,  1, 0.00, 0.00, 1.07, 0.00, 4.17, 2.61, 0.30, 3.04, 3.91, 2.07, 0.00, 0.00, 0.00, 0.00, 3.93, 0.31, 0.13, 0.00, 0.00, 0.00, 0.00, 1.00, 1.00, 1.00, 1.00, 1.00, 1.00, 0.00, 0.00, 0.00, 0.00, 1.00, 1.00, 0.00, 1.00
3406,  0,  56.750,  0.98,  1, 0.00, 0.00, 1.01, 0.00, 4.14, 2.59, 0.27, 2.99, 3.86, 1.80, 0.00, 0.00, 0.00, 0.00, 4.02, 0.15, 0.10, 0.00, 0.00, 0.00, 0.00, 1.00, 1.00, 1.00, 1.00, 1.00, 1.00, 0.00, 0.00, 0.00, 0.00, 1.00, 1.00, 0.00, 1.00
3407,  0,  56.767,  0.98,  1, 0.00, 0.00, 0.95, 0.00, 4.11, 2.80, 0.19, 2.90, 3.88, 1.72, 0.00, 0.00, 0.00, 0.00, 4.00, 0.26, 0.10, 0.00, 0.00, 0.00, 0.00, 1.00, 1.00, 1.00, 1.00, 1.00, 1.00, 0.00, 0.00, 0.00, 0.00, 1.00, 1.00, 0.00, 1.00
3408,  0,  56.783,  0.98,  1, 0.00, 0.00, 1.00, 0.00, 4.14, 2.80, 0.21, 2.98, 3.89, 1.75, 0.00, 0.00, 0.00, 0.00, 4.03, 0.27, 0.08, 0.00, 0.00, 0.00, 0.00, 1.00, 1.00, 1.00, 1.00, 1.00, 1.00, 0.00, 0.00, 0.00, 0.00, 1.00, 1.00, 0.00, 1.00
3409,  0,  56.800,  0.98,  1, 0.00, 0.00, 1.06, 0.00, 4.13, 2.73, 0.24, 2.85, 3.89, 1.92, 0.00, 0.00, 0.00, 0.00, 3.96, 0.25, 0.00, 0.00, 0.00, 0.00, 0.00, 1.00, 1.00, 1.00, 1.00, 1.00, 1.00, 0.00, 0.00, 0.00, 0.00, 1.00, 1.00, 0.00, 1.00
3410,  0,  56.817,  0.98,  1, 0.00, 0.00, 1.15, 0.00, 4.16, 2.57, 0.25, 2.95, 3.88, 1.95, 0.00, 0.00, 0.00, 0.00, 4.00, 0.29, 0.03, 0.00, 0.00, 0.00, 0.00, 1.00, 1.00, 1.00, 1.00, 1.00, 1.00, 0.00, 0.00, 0.00, 0.00, 1.00, 1.00, 0.00, 1.00
3411,  0,  56.833,  0.98,  1, 0.00, 0.00, 1.06, 0.00, 4.20, 2.59, 0.24, 2.98, 3.85, 1.83, 0.00, 0.00, 0.00, 0.00, 4.01, 0.24, 0.03, 0.00, 0.00, 0.00, 0.00, 1.00, 1.00, 1.00, 1.00, 1.00, 1.00, 0.00, 0.00, 0.00, 0.00, 1.00, 1.00, 0.00, 1.00
3412,  0,  56.850,  0.98,  1, 0.00, 0.00, 1.15, 0.00, 4.20, 2.65, 0.28, 3.17, 3.88, 1.75, 0.00, 0.00, 0.00, 0.00, 4.03, 0.29, 0.03, 0.00, 0.00, 0.00, 0.00, 1.00, 1.00, 1.00, 1.00, 1.00, 1.00, 0.00, 0.00, 0.00, 0.00, 1.00, 1.00, 0.00, 1.00
3413,  0,  56.867,  0.98,  1, 0.00, 0.00, 1.03, 0.00, 4.17, 2.83, 0.22, 3.17, 3.92, 1.68, 0.00, 0.00, 0.00, 0.00, 4.02, 0.19, 0.00, 0.00, 0.00, 0.00, 0.00, 1.00, 1.00, 1.00, 1.00, 1.00, 1.00, 0.00, 0.00, 0.00, 0.00, 1.00, 1.00, 0.00, 1.00
3414,  0,  56.883,  0.98,  1, 0.00, 0.00, 1.09, 0.00, 4.15, 2.98, 0.16, 3.11, 3.97, 1.75, 0.00, 0.00, 0.00, 0.00, 4.11, 0.12, 0.00, 0.00, 0.00, 0.00, 0.00, 1.00, 1.00, 1.00, 1.00, 1.00, 1.00, 0.00, 0.00, 0.00, 0.00, 1.00, 1.00, 0.00, 1.00
3415,  0,  56.900,  0.98,  1, 0.00, 0.00, 1.04, 0.00, 4.18, 2.74, 0.13, 3.09, 3.95, 1.80, 0.00, 0.00, 0.00, 0.00, 4.08, 0.24, 0.00, 0.00, 0.00, 0.00, 0.00, 1.00, 1.00, 1.00, 1.00, 1.00, 1.00, 0.00, 0.00, 0.00, 0.00, 1.00, 1.00, 0.00, 1.00
3416,  0,  56.917,  0.98,  1, 0.00, 0.00, 1.26, 0.00, 4.21, 2.65, 0.20, 3.05, 3.91, 1.83, 0.00, 0.00, 0.00, 0.00, 4.04, 0.28, 0.04, 0.00, 0.00, 0.00, 0.00, 1.00, 1.00, 1.00, 1.00, 1.00, 1.00, 0.00, 0.00, 0.00, 0.00, 1.00, 1.00, 0.00, 1.00
3417,  0,  56.933,  0.98,  1, 0.00, 0.00, 1.32, 0.00, 4.22, 2.53, 0.33, 3.05, 3.91, 1.87, 0.00, 0.00, 0.00, 0.00, 3.96, 0.27, 0.09, 0.00, 0.00, 0.00, 0.00, 1.00, 1.00, 1.00, 1.00, 1.00, 1.00, 0.00, 0.00, 0.00, 0.00, 1.00, 1.00, 0.00, 1.00
3418,  0,  56.950,  0.98,  1, 0.00, 0.00, 1.52, 0.00, 4.30, 2.88, 0.39, 3.08, 3.97, 1.82, 0.00, 0.00, 0.00, 0.00, 3.85, 0.12, 0.09, 0.00, 0.00, 0.00, 0.00, 1.00, 1.00, 1.00, 1.00, 1.00, 1.00, 0.00, 0.00, 0.00, 0.00, 1.00, 1.00, 0.00, 0.00
3419,  0,  56.967,  0.98,  1, 0.00, 0.00, 1.34, 0.00, 4.31, 2.93, 0.40, 3.07, 3.99, 1.92, 0.00, 0.00, 0.00, 0.00, 3.79, 0.13, 0.11, 0.00, 0.00, 0.00, 0.00, 1.00, 1.00, 1.00, 1.00, 1.00, 1.00, 0.00, 0.00, 0.00, 0.00, 1.00, 1.00, 0.00, 0.00
3420,  0,  56.983,  0.98,  1, 0.00, 0.00, 1.11, 0.00, 4.28, 2.90, 0.30, 3.09, 4.03, 1.90, 0.00, 0.00, 0.00, 0.00, 3.69, 0.12, 0.11, 0.00, 0.00, 0.00, 0.00, 1.00, 1.00, 1.00, 1.00, 1.00, 1.00, 0.00, 0.00, 0.00, 0.00, 1.00, 1.00, 0.00, 0.00
3421,  0,  57.000,  0.98,  1, 0.00, 0.00, 0.95, 0.00, 4.26, 2.87, 0.20, 3.11, 4.01, 2.06, 0.00, 0.02, 0.00, 0.00, 3.72, 0.16, 0.11, 0.00, 0.00, 0.00, 0.00, 1.00, 1.00, 1.00, 1.00, 1.00, 1.00, 0.00, 0.00, 0.00, 0.00, 1.00, 1.00, 0.00, 0.00
3422,  0,  57.017,  0.98,  1, 0.00, 0.00, 1.14, 0.00, 4.25, 2.87, 0.21, 3.16, 4.03, 1.97, 0.00, 0.02, 0.00, 0.00, 3.75, 0.13, 0.06, 0.00, 0.00, 0.00, 0.00, 1.00, 1.00, 1.00, 1.00, 1.00, 1.00, 0.00, 0.00, 0.00, 0.00, 1.00, 1.00, 0.00, 0.00
3423,  0,  57.033,  0.98,  1, 0.00, 0.00, 1.29, 0.00, 4.25, 2.90, 0.26, 3.19, 4.04, 1.98, 0.00, 0.02, 0.00, 0.00, 3.83, 0.28, 0.00, 0.00, 0.00, 0.00, 0.00, 1.00, 1.00, 1.00, 1.00, 1.00, 1.00, 0.00, 0.00, 0.00, 0.00, 1.00, 1.00, 0.00, 0.00
3424,  0,  57.050,  0.98,  1, 0.00, 0.00, 1.30, 0.00, 4.19, 2.90, 0.26, 3.24, 4.02, 1.81, 0.00, 0.00, 0.00, 0.00, 3.86, 0.23, 0.01, 0.00, 0.00, 0.00, 0.00, 1.00, 1.00, 1.00, 1.00, 1.00, 1.00, 0.00, 0.00, 0.00, 0.00, 1.00, 1.00, 0.00, 0.00
3425,  0,  57.067,  0.98,  1, 0.00, 0.00, 1.12, 0.00, 4.16, 2.91, 0.22, 3.23, 3.99, 1.84, 0.04, 0.00, 0.00, 0.00, 3.85, 0.16, 0.01, 0.00, 0.00, 0.00, 0.00, 1.00, 1.00, 1.00, 1.00, 1.00, 1.00, 0.00, 0.00, 0.00, 0.00, 1.00, 1.00, 0.00, 0.00
3426,  0,  57.083,  0.98,  1, 0.00, 0.00, 0.99, 0.00, 4.13, 2.78, 0.09, 3.20, 3.94, 1.69, 0.04, 0.00, 0.00, 0.00, 3.84, 0.08, 0.01, 0.00, 0.00, 0.00, 0.00, 1.00, 1.00, 1.00, 1.00, 1.00, 1.00, 0.00, 0.00, 0.00, 0.00, 1.00, 1.00, 0.00, 0.00
3427,  0,  57.100,  0.98,  1, 0.00, 0.00, 1.05, 0.00, 4.17, 2.86, 0.18, 3.22, 3.95, 1.74, 0.04, 0.00, 0.00, 0.00, 3.93, 0.08, 0.04, 0.00, 0.00, 0.00, 0.00, 1.00, 1.00, 1.00, 1.00, 1.00, 1.00, 0.00, 0.00, 0.00, 0.00, 1.00, 1.00, 0.00, 0.00
3428,  0,  57.117,  0.98,  1, 0.00, 0.00, 1.07, 0.00, 4.13, 2.82, 0.18, 3.18, 3.94, 1.79, 0.03, 0.00, 0.00, 0.00, 3.92, 0.12, 0.04, 0.00, 0.00, 0.00, 0.00, 1.00, 1.00, 1.00, 1.00, 1.00, 1.00, 0.00, 0.00, 0.00, 0.00, 1.00, 1.00, 0.00, 0.00
3429,  0,  57.133,  0.98,  1, 0.00, 0.00, 1.31, 0.00, 4.16, 2.97, 0.23, 3.14, 3.93, 2.01, 0.03, 0.02, 0.00, 0.00, 3.87, 0.16, 0.04, 0.00, 0.00, 0.00, 0.00, 1.00, 1.00, 1.00, 1.00, 1.00, 1.00, 0.00, 0.00, 0.00, 0.00, 1.00, 1.00, 0.00, 0.00
3430,  0,  57.150,  0.98,  1, 0.00, 0.00, 1.30, 0.02, 4.17, 2.95, 0.27, 3.09, 3.96, 1.96, 0.03, 0.02, 0.00, 0.00, 3.79, 0.16, 0.06, 0.00, 0.00, 0.00, 0.00, 1.00, 1.00, 1.00, 1.00, 1.00, 1.00, 0.00, 0.00, 0.00, 0.00, 1.00, 1.00, 0.00, 0.00
3431,  0,  57.167,  0.98,  1, 0.00, 0.00, 1.38, 0.02, 4.21, 2.99, 0.26, 3.12, 3.94, 1.89, 0.00, 0.02, 0.00, 0.00, 3.82, 0.29, 0.06, 0.00, 0.00, 0.00, 0.00, 1.00, 1.00, 1.00, 1.00, 1.00, 1.00, 0.00, 0.00, 0.00, 0.00, 1.00, 1.00, 0.00, 0.00
3432,  0,  57.183,  0.98,  1, 0.00, 0.00, 1.33, 0.02, 4.22, 2.98, 0.33, 3.09, 3.93, 1.94, 0.00, 0.00, 0.00, 0.00, 3.87, 0.30, 0.05, 0.00, 0.00, 0.00, 0.00, 1.00, 1.00, 1.00, 1.00, 1.00, 1.00, 0.00, 0.00, 0.00, 0.00, 1.00, 1.00, 0.00, 0.00
3433,  0,  57.200,  0.98,  1, 0.00, 0.00, 1.18, 0.00, 4.19, 3.03, 0.29, 3.02, 3.86, 2.07, 0.00, 0.04, 0.00, 0.00, 3.88, 0.33, 0.00, 0.00, 0.00, 0.00, 0.00, 1.00, 1.00, 1.00, 1.00, 1.00, 1.00, 0.00, 0.00, 0.00, 0.00, 1.00, 1.00, 0.00, 0.00
3434,  0,  57.217,  0.98,  1, 0.00, 0.00, 1.10, 0.00, 4.24, 3.01, 0.31, 2.96, 3.91, 2.17, 0.00, 0.04, 0.00, 0.00, 3.83, 0.16, 0.01, 0.00, 0.00, 0.00, 0.00, 1.00, 1.00, 1.00, 1.00, 1.00, 1.00, 0.00, 0.00, 0.00, 0.00, 1.00, 1.00, 0.00, 0.00
3435,  0,  57.233,  0.98,  1, 0.00, 0.00, 1.23, 0.00, 4.21, 2.77, 0.19, 2.99, 3.94, 2.00, 0.00, 0.07, 0.00, 0.00, 3.75, 0.12, 0.03, 0.00, 0.00, 0.00, 0.00, 1.00, 1.00, 1.00, 1.00, 1.00, 1.00, 0.00, 0.00, 0.00, 0.00, 1.00, 1.00, 0.00, 0.00
3436,  0,  57.250,  0.98,  1, 0.00, 0.00, 1.30, 0.00, 4.25, 2.85, 0.21, 2.99, 4.02, 1.94, 0.00, 0.03, 0.00, 0.00, 3.73, 0.17, 0.03, 0.00, 0.00, 0.00, 0.00, 1.00, 1.00, 1.00, 1.00, 1.00, 1.00, 0.00, 0.00, 0.00, 0.00, 1.00, 1.00, 0.00, 0.00
3437,  0,  57.267,  0.98,  1, 0.00, 0.00, 1.31, 0.00, 4.23, 2.73, 0.21, 3.12, 4.02, 1.90, 0.00, 0.03, 0.00, 0.00, 3.85, 0.21, 0.03, 0.00, 0.00, 0.00, 0.00, 1.00, 1.00, 1.00, 1.00, 1.00, 1.00, 0.00, 0.00, 0.00, 0.00, 1.00, 1.00, 0.00, 0.00
3438,  0,  57.283,  0.98,  1, 0.00, 0.00, 0.99, 0.00, 4.28, 2.99, 0.32, 3.05, 4.05, 1.94, 0.00, 0.00, 0.00, 0.00, 3.89, 0.13, 0.07, 0.00, 0.00, 0.00, 0.00, 1.00, 1.00, 1.00, 1.00, 1.00, 1.00, 0.00, 0.00, 0.00, 0.00, 1.00, 1.00, 0.00, 0.00
3439,  0,  57.300,  0.98,  1, 0.00, 0.00, 1.05, 0.03, 4.27, 2.92, 0.33, 3.07, 4.00, 2.00, 0.00, 0.00, 0.00, 0.00, 3.95, 0.16, 0.07, 0.00, 0.00, 0.00, 0.00, 1.00, 1.00, 1.00, 1.00, 1.00, 1.00, 0.00, 0.00, 0.00, 0.00, 1.00, 1.00, 0.00, 0.00
3440,  0,  57.317,  0.98,  1, 0.00, 0.00, 1.04, 0.07, 4.18, 3.05, 0.34, 2.95, 3.95, 1.89, 0.00, 0.00, 0.00, 0.00, 3.87, 0.12, 0.07, 0.00, 0.00, 0.00, 0.00, 1.00, 1.00, 1.00, 1.00, 1.00, 1.00, 0.00, 0.00, 0.00, 0.00, 1.00, 1.00, 0.00, 0.00
3441,  0,  57.333,  0.98,  1, 0.00, 0.00, 1.06, 0.07, 4.14, 2.83, 0.26, 3.03, 3.93, 1.83, 0.00, 0.00, 0.00, 0.00, 3.94, 0.17, 0.00, 0.00, 0.00, 0.00, 0.00, 1.00, 1.00, 1.00, 1.00, 1.00, 1.00, 0.00, 0.00, 0.00, 0.00, 1.00, 1.00, 0.00, 0.00
3442,  0,  57.350,  0.98,  1, 0.00, 0.00, 1.03, 0.05, 4.12, 2.78, 0.25, 3.00, 3.91, 1.76, 0.00, 0.00, 0.00, 0.00, 3.86, 0.15, 0.00, 0.00, 0.00, 0.00, 0.00, 1.00, 1.00, 1.00, 1.00, 1.00, 1.00, 0.00, 0.00, 0.00, 0.00, 1.00, 1.00, 0.00, 0.00
3443,  0,  57.367,  0.98,  1, 0.00, 0.00, 1.05, 0.00, 4.17, 2.95, 0.23, 3.13, 3.93, 1.84, 0.00, 0.03, 0.02, 0.00, 4.01, 0.22, 0.00, 0.00, 0.00, 0.00, 0.00, 1.00, 1.00, 1.00, 1.00, 1.00, 1.00, 0.00, 0.00, 0.00, 0.00, 1.00, 1.00, 0.00, 0.00
3444,  0,  57.383,  0.98,  1, 0.00, 0.00, 1.05, 0.00, 4.15, 3.06, 0.24, 3.20, 3.92, 1.98, 0.00, 0.05, 0.02, 0.00, 4.08, 0.23, 0.00, 0.00, 0.00, 0.00, 0.00, 1.00, 1.00, 1.00, 1.00, 1.00, 1.00, 0.00, 0.00, 0.00, 0.00, 1.00, 1.00, 0.00, 0.00
3445,  0,  57.400,  0.98,  1, 0.00, 0.00, 1.03, 0.00, 4.10, 2.98, 0.24, 3.24, 3.93, 1.88, 0.00, 0.05, 0.02, 0.00, 4.13, 0.29, 0.00, 0.00, 0.00, 0.00, 0.00, 1.00, 1.00, 1.00, 1.00, 1.00, 1.00, 0.00, 0.00, 0.00, 0.00, 1.00, 1.00, 0.00, 0.00
3446,  0,  57.417,  0.98,  1, 0.00, 0.00, 1.08, 0.00, 4.14, 2.64, 0.23, 3.13, 3.95, 1.81, 0.00, 0.01, 0.00, 0.00, 4.04, 0.29, 0.00, 0.00, 0.00, 0.00, 0.00, 1.00, 1.00, 1.00, 1.00, 1.00, 1.00, 0.00, 0.00, 0.00, 0.00, 1.00, 1.00, 0.00, 0.00
3447,  0,  57.433,  0.98,  1, 0.00, 0.00, 1.25, 0.11, 4.12, 2.62, 0.28, 3.05, 3.91, 1.69, 0.09, 0.03, 0.00, 0.00, 3.93, 0.34, 0.00, 0.00, 0.00, 0.00, 0.00, 1.00, 1.00, 1.00, 1.00, 1.00, 1.00, 0.00, 0.00, 0.00, 0.00, 1.00, 1.00, 0.00, 0.00
3448,  0,  57.450,  0.98,  1, 0.00, 0.00, 1.17, 0.11, 4.15, 2.60, 0.23, 2.99, 3.93, 1.76, 0.09, 0.04, 0.00, 0.00, 3.91, 0.20, 0.00, 0.00, 0.00, 0.00, 0.00, 1.00, 1.00, 1.00, 1.00, 1.00, 1.00, 0.00, 0.00, 0.00, 0.00, 1.00, 1.00, 0.00, 0.00
3449,  0,  57.467,  0.98,  1, 0.00, 0.00, 1.05, 0.11, 4.11, 2.77, 0.26, 3.10, 3.93, 1.93, 0.09, 0.04, 0.00, 0.00, 4.09, 0.28, 0.00, 0.00, 0.00, 0.00, 0.00, 1.00, 1.00, 1.00, 1.00, 1.00, 1.00, 0.00, 0.00, 0.00, 0.00, 1.00, 1.00, 0.00, 0.00
3450,  0,  57.483,  0.98,  1, 0.00, 0.00, 0.96, 0.00, 4.17, 2.84, 0.23, 3.08, 3.99, 1.90, 0.00, 0.00, 0.00, 0.00, 4.07, 0.33, 0.00, 0.00, 0.00, 0.00, 0.00, 1.00, 1.00, 1.00, 1.00, 1.00, 1.00, 0.00, 0.00, 0.00, 0.00, 1.00, 1.00, 0.00, 0.00
3451,  0,  57.500,  0.98,  1, 0.00, 0.00, 1.02, 0.00, 4.17, 2.95, 0.25, 3.23, 3.97, 1.91, 0.00, 0.00, 0.00, 0.00, 4.03, 0.39, 0.00, 0.00, 0.00, 0.00, 0.00, 1.00, 1.00, 1.00, 1.00, 1.00, 1.00, 0.00, 0.00, 0.00, 0.00, 1.00, 1.00, 0.00, 0.00
3452,  0,  57.517,  0.98,  1, 0.00, 0.00, 1.01, 0.00, 4.19, 3.00, 0.30, 3.09, 3.99, 1.77, 0.00, 0.00, 0.00, 0.00, 3.92, 0.34, 0.00, 0.00, 0.00, 0.00, 0.00, 1.00, 1.00, 1.00, 1.00, 1.00, 1.00, 0.00, 0.00, 0.00, 0.00, 1.00, 1.00, 0.00, 0.00
3453,  0,  57.533,  0.98,  1, 0.00, 0.00, 1.04, 0.00, 4.21, 3.07, 0.35, 3.10, 4.00, 1.74, 0.00, 0.00, 0.00, 0.00, 3.96, 0.31, 0.00, 0.00, 0.00, 0.00, 0.00, 1.00, 1.00, 1.00, 1.00, 1.00, 1.00, 0.00, 0.00, 0.00, 0.00, 1.00, 1.00, 0.00, 0.00
3454,  0,  57.550,  0.98,  1, 0.00, 0.00, 1.20, 0.00, 4.22, 3.01, 0.50, 2.98, 4.02, 1.80, 0.00, 0.00, 0.00, 0.00, 4.05, 0.30, 0.00, 0.00, 0.00, 0.00, 0.00, 1.00, 1.00, 1.00, 1.00, 1.00, 1.00, 0.00, 0.00, 0.00, 0.00, 1.00, 1.00, 0.00, 0.00
3455,  0,  57.567,  0.98,  1, 0.00, 0.00, 1.37, 0.00, 4.24, 3.14, 0.41, 3.04, 3.99, 1.77, 0.00, 0.00, 0.00, 0.00, 4.04, 0.39, 0.00, 0.00, 0.00, 0.00, 0.00, 1.00, 1.00, 1.00, 1.00, 1.00, 1.00, 0.00, 0.00, 0.00, 0.00, 1.00, 1.00, 0.00, 0.00
3456,  0,  57.583,  0.98,  1, 0.00, 0.00, 1.33, 0.06, 4.27, 2.89, 0.37, 3.16, 3.94, 1.85, 0.00, 0.00, 0.00, 0.00, 3.98, 0.31, 0.00, 0.00, 0.00, 0.00, 0.00, 1.00, 1.00, 1.00, 1.00, 1.00, 1.00, 0.00, 0.00, 0.00, 0.00, 1.00, 1.00, 0.00, 0.00
3457,  0,  57.600,  0.98,  1, 0.00, 0.00, 1.38, 0.06, 4.28, 2.96, 0.21, 3.17, 3.89, 1.73, 0.00, 0.00, 0.00, 0.00, 3.99, 0.32, 0.00, 0.00, 0.00, 0.00, 0.00, 1.00, 1.00, 1.00, 1.00, 1.00, 1.00, 0.00, 0.00, 0.00, 0.00, 1.00, 1.00, 0.00, 0.00
3458,  0,  57.617,  0.98,  1, 0.00, 0.00, 1.30, 0.08, 4.33, 2.80, 0.30, 3.16, 3.91, 1.90, 0.00, 0.00, 0.00, 0.00, 3.99, 0.20, 0.05, 0.00, 0.00, 0.00, 0.00, 1.00, 1.00, 1.00, 1.00, 1.00, 1.00, 0.00, 0.00, 0.00, 0.00, 1.00, 1.00, 0.00, 0.00
3459,  0,  57.633,  0.98,  1, 0.00, 0.00, 1.36, 0.01, 4.28, 2.83, 0.27, 3.09, 3.97, 1.92, 0.03, 0.00, 0.00, 0.00, 4.06, 0.22, 0.05, 0.00, 0.00, 0.00, 0.00, 1.00, 1.00, 1.00, 1.00, 1.00, 1.00, 0.00, 0.00, 0.00, 0.00, 1.00, 1.00, 0.00, 0.00
3460,  0,  57.650,  0.98,  1, 0.00, 0.00, 1.10, 0.04, 4.20, 2.64, 0.22, 3.11, 4.00, 1.87, 0.03, 0.03, 0.00, 0.00, 4.02, 0.15, 0.11, 0.00, 0.00, 0.00, 0.00, 1.00, 1.00, 1.00, 1.00, 1.00, 1.00, 0.00, 0.00, 0.00, 0.00, 1.00, 1.00, 0.00, 0.00
3461,  0,  57.667,  0.98,  1, 0.00, 0.00, 1.11, 0.03, 4.13, 2.66, 0.21, 3.00, 3.98, 1.67, 0.03, 0.03, 0.00, 0.00, 4.04, 0.13, 0.06, 0.00, 0.00, 0.00, 0.00, 1.00, 1.00, 1.00, 1.00, 1.00, 1.00, 0.00, 0.00, 0.00, 0.00, 1.00, 1.00, 0.00, 0.00
3462,  0,  57.683,  0.98,  1, 0.00, 0.00, 0.98, 0.03, 4.13, 2.75, 0.26, 3.03, 3.97, 1.67, 0.00, 0.10, 0.00, 0.00, 4.05, 0.25, 0.11, 0.00, 0.00, 0.00, 0.00, 1.00, 1.00, 1.00, 1.00, 1.00, 1.00, 0.00, 0.00, 0.00, 0.00, 1.00, 1.00, 0.00, 0.00
3463,  0,  57.700,  0.98,  1, 0.00, 0.00, 1.02, 0.00, 4.17, 2.64, 0.34, 3.01, 3.94, 1.75, 0.00, 0.06, 0.00, 0.00, 4.06, 0.46, 0.04, 0.00, 0.00, 0.00, 0.00, 1.00, 1.00, 1.00, 1.00, 1.00, 1.00, 0.00, 0.00, 0.00, 0.00, 1.00, 1.00, 0.00, 0.00
3464,  0,  57.717,  0.98,  1, 0.00, 0.00, 1.02, 0.05, 4.23, 2.71, 0.30, 3.11, 3.95, 1.87, 0.00, 0.06, 0.00, 0.00, 4.03, 0.60, 0.13, 0.00, 0.00, 0.00, 0.00, 1.00, 1.00, 1.00, 1.00, 1.00, 1.00, 0.00, 0.00, 0.00, 0.00, 1.00, 1.00, 0.00, 1.00
3465,  0,  57.733,  0.98,  1, 0.00, 0.00, 1.11, 0.11, 4.22, 2.72, 0.26, 3.01, 3.92, 1.82, 0.00, 0.00, 0.00, 0.00, 4.11, 0.58, 0.14, 0.00, 0.00, 0.00, 0.00, 1.00, 1.00, 1.00, 1.00, 1.00, 1.00, 0.00, 0.00, 0.00, 0.00, 1.00, 1.00, 0.00, 1.00
3466,  0,  57.750,  0.98,  1, 0.00, 0.00, 1.38, 0.11, 4.25, 2.93, 0.22, 2.92, 3.96, 1.86, 0.00, 0.06, 0.00, 0.00, 4.08, 0.42, 0.14, 0.00, 0.00, 0.00, 0.00, 1.00, 1.00, 1.00, 1.00, 1.00, 1.00, 0.00, 0.00, 0.00, 0.00, 1.00, 1.00, 0.00, 1.00
3467,  0,  57.767,  0.98,  1, 0.00, 0.00, 1.32, 0.06, 4.22, 2.80, 0.21, 2.85, 3.98, 1.74, 0.02, 0.06, 0.00, 0.00, 4.03, 0.28, 0.34, 0.00, 0.00, 0.00, 0.00, 1.00, 1.00, 1.00, 1.00, 1.00, 1.00, 0.00, 0.00, 0.00, 0.00, 1.00, 1.00, 0.00, 1.00
3468,  0,  57.783,  0.98,  1, 0.00, 0.00, 1.30, 0.00, 4.24, 2.62, 0.18, 2.96, 4.02, 1.80, 0.02, 0.06, 0.00, 0.00, 4.05, 0.30, 0.41, 0.00, 0.00, 0.00, 0.00, 1.00, 1.00, 1.00, 1.00, 1.00, 1.00, 0.00, 0.00, 0.00, 0.00, 1.00, 1.00, 0.00, 1.00
3469,  0,  57.800,  0.98,  1, 0.00, 0.00, 1.17, 0.00, 4.23, 2.67, 0.17, 2.92, 3.99, 1.75, 0.02, 0.00, 0.00, 0.00, 4.10, 0.35, 0.65, 0.00, 0.00, 0.00, 0.00, 1.00, 1.00, 1.00, 1.00, 1.00, 1.00, 0.00, 0.00, 0.00, 0.00, 1.00, 1.00, 0.00, 1.00
3470,  0,  57.817,  0.98,  1, 0.00, 0.00, 1.28, 0.00, 4.24, 2.70, 0.20, 2.99, 3.96, 1.83, 0.04, 0.00, 0.00, 0.00, 4.06, 0.41, 0.65, 0.00, 0.00, 0.00, 0.00, 1.00, 1.00, 1.00, 1.00, 1.00, 1.00, 0.00, 0.00, 0.00, 0.00, 1.00, 1.00, 0.00, 1.00
3471,  0,  57.833,  0.98,  1, 0.00, 0.00, 1.40, 0.00, 4.22, 2.73, 0.26, 2.93, 3.93, 1.91, 0.04, 0.04, 0.00, 0.00, 3.89, 0.27, 0.61, 0.00, 0.00, 0.00, 0.00, 1.00, 1.00, 1.00, 1.00, 1.00, 1.00, 0.00, 0.00, 0.00, 0.00, 1.00, 1.00, 0.00, 1.00
3472,  0,  57.850,  0.98,  1, 0.00, 0.00, 1.31, 0.00, 4.23, 2.64, 0.28, 2.94, 3.95, 1.95, 0.04, 0.05, 0.00, 0.00, 3.85, 0.41, 0.53, 0.00, 0.00, 0.00, 0.00, 1.00, 1.00, 1.00, 1.00, 1.00, 1.00, 0.00, 0.00, 0.00, 0.00, 1.00, 1.00, 0.00, 1.00
3473,  0,  57.867,  0.98,  1, 0.00, 0.00, 1.28, 0.00, 4.19, 2.64, 0.19, 2.88, 3.88, 1.94, 0.00, 0.05, 0.00, 0.00, 3.95, 0.45, 0.42, 0.00, 0.00, 0.00, 0.00, 1.00, 1.00, 1.00, 1.00, 1.00, 1.00, 0.00, 0.00, 0.00, 0.00, 1.00, 1.00, 0.00, 1.00
3474,  0,  57.883,  0.98,  1, 0.00, 0.00, 1.20, 0.00, 4.24, 2.55, 0.16, 2.87, 3.87, 1.83, 0.00, 0.02, 0.00, 0.00, 4.03, 0.41, 0.34, 0.00, 0.00, 0.00, 0.00, 1.00, 1.00, 1.00, 1.00, 1.00, 1.00, 0.00, 0.00, 0.00, 0.00, 1.00, 1.00, 0.00, 1.00
3475,  0,  57.900,  0.98,  1, 0.00, 0.00, 1.25, 0.00, 4.21, 2.53, 0.18, 2.82, 3.86, 1.86, 0.00, 0.00, 0.00, 0.00, 4.03, 0.30, 0.42, 0.00, 0.00, 0.00, 0.00, 1.00, 1.00, 1.00, 1.00, 1.00, 1.00, 0.00, 0.00, 0.00, 0.00, 1.00, 1.00, 0.00, 1.00
3476,  0,  57.917,  0.98,  1, 0.00, 0.00, 1.17, 0.00, 4.20, 2.50, 0.23, 2.75, 3.92, 1.87, 0.00, 0.06, 0.00, 0.00, 4.07, 0.31, 0.43, 0.00, 0.00, 0.00, 0.00, 1.00, 1.00, 1.00, 1.00, 1.00, 1.00, 0.00, 0.00, 0.00, 0.00, 1.00, 1.00, 0.00, 1.00
3477,  0,  57.933,  0.98,  1, 0.00, 0.00, 1.23, 0.00, 4.17, 2.70, 0.31, 2.72, 3.92, 1.82, 0.00, 0.06, 0.00, 0.00, 3.97, 0.54, 0.43, 0.00, 0.00, 0.00, 0.00, 1.00, 1.00, 1.00, 1.00, 1.00, 1.00, 0.00, 0.00, 0.00, 0.00, 1.00, 1.00, 0.00, 1.00
3478,  0,  57.950,  0.98,  1, 0.00, 0.00, 1.07, 0.00, 4.14, 2.76, 0.30, 2.74, 3.91, 1.87, 0.00, 0.09, 0.00, 0.00, 3.88, 0.60, 0.21, 0.00, 0.00, 0.00, 0.00, 1.00, 1.00, 1.00, 1.00, 1.00, 1.00, 0.00, 0.00, 0.00, 0.00, 1.00, 1.00, 0.00, 1.00
3479,  0,  57.967,  0.98,  1, 0.00, 0.00, 1.10, 0.02, 4.18, 2.93, 0.34, 2.75, 3.92, 1.87, 0.00, 0.03, 0.00, 0.00, 3.87, 0.68, 0.29, 0.00, 0.00, 0.00, 0.00, 1.00, 1.00, 1.00, 1.00, 1.00, 1.00, 0.00, 0.00, 0.00, 0.00, 1.00, 1.00, 0.00, 1.00
3480,  0,  57.983,  0.98,  1, 0.00, 0.00, 1.02, 0.02, 4.25, 3.03, 0.34, 2.77, 3.89, 1.91, 0.00, 0.03, 0.00, 0.00, 4.01, 0.60, 0.44, 0.00, 0.00, 0.00, 0.00, 1.00, 1.00, 1.00, 1.00, 1.00, 1.00, 0.00, 0.00, 0.00, 0.00, 1.00, 1.00, 0.00, 1.00
3481,  0,  58.000,  0.98,  1, 0.00, 0.00, 1.03, 0.02, 4.33, 3.00, 0.24, 2.87, 3.90, 1.87, 0.00, 0.00, 0.00, 0.00, 4.26, 0.58, 0.44, 0.00, 0.00, 0.00, 0.00, 1.00, 1.00, 1.00, 1.00, 1.00, 1.00, 0.00, 0.00, 0.00, 0.00, 1.00, 1.00, 0.00, 1.00
3482,  0,  58.017,  0.98,  1, 0.00, 0.00, 1.04, 0.00, 4.36, 2.78, 0.27, 3.02, 3.92, 1.98, 0.00, 0.00, 0.00, 0.00, 4.25, 0.58, 0.23, 0.00, 0.00, 0.00, 0.00, 1.00, 1.00, 1.00, 1.00, 1.00, 1.00, 0.00, 0.00, 0.00, 0.00, 1.00, 1.00, 0.00, 1.00
3483,  0,  58.033,  0.98,  1, 0.00, 0.00, 0.99, 0.00, 4.28, 2.86, 0.27, 3.01, 3.87, 2.01, 0.00, 0.00, 0.00, 0.00, 4.26, 0.49, 0.13, 0.00, 0.00, 0.00, 0.00, 1.00, 1.00, 1.00, 1.00, 1.00, 1.00, 0.00, 0.00, 0.00, 0.00, 1.00, 1.00, 0.00, 1.00
3484,  0,  58.050,  0.98,  1, 0.00, 0.00, 1.17, 0.00, 4.26, 2.91, 0.35, 3.03, 3.88, 2.05, 0.00, 0.00, 0.00, 0.00, 4.19, 0.55, 0.16, 0.00, 0.00, 0.00, 0.00, 1.00, 1.00, 1.00, 1.00, 1.00, 1.00, 0.00, 0.00, 0.00, 0.00, 1.00, 1.00, 0.00, 1.00
3485,  0,  58.067,  0.98,  1, 0.00, 0.00, 1.22, 0.00, 4.24, 3.17, 0.37, 2.92, 3.81, 2.09, 0.00, 0.00, 0.00, 0.00, 4.26, 0.47, 0.21, 0.00, 0.00, 0.00, 0.00, 1.00, 1.00, 1.00, 1.00, 1.00, 1.00, 0.00, 0.00, 0.00, 0.00, 1.00, 1.00, 0.00, 1.00
3486,  0,  58.083,  0.98,  1, 0.00, 0.00, 1.34, 0.00, 4.24, 2.91, 0.26, 2.95, 3.90, 2.10, 0.00, 0.00, 0.00, 0.00, 4.19, 0.56, 0.39, 0.00, 0.00, 0.00, 0.00, 1.00, 1.00, 1.00, 1.00, 1.00, 1.00, 0.00, 0.00, 0.00, 0.00, 1.00, 1.00, 0.00, 1.00
3487,  0,  58.100,  0.98,  1, 0.00, 0.00, 1.26, 0.05, 4.28, 2.81, 0.30, 2.99, 3.91, 2.20, 0.00, 0.08, 0.00, 0.00, 4.15, 0.48, 0.46, 0.00, 0.00, 0.00, 0.00, 1.00, 1.00, 1.00, 1.00, 1.00, 1.00, 0.00, 0.00, 0.00, 0.00, 1.00, 1.00, 0.00, 1.00
3488,  0,  58.117,  0.98,  1, 0.00, 0.00, 1.21, 0.06, 4.27, 2.62, 0.23, 2.90, 3.91, 2.28, 0.00, 0.10, 0.00, 0.00, 4.02, 0.48, 0.41, 0.00, 0.00, 0.00, 0.00, 1.00, 1.00, 1.00, 1.00, 1.00, 1.00, 0.00, 0.00, 0.00, 0.00, 1.00, 1.00, 0.00, 1.00
3489,  0,  58.133,  0.98,  1, 0.00, 0.00, 1.18, 0.06, 4.23, 2.66, 0.36, 2.90, 3.82, 2.31, 0.02, 0.17, 0.00, 0.00, 4.07, 0.45, 0.31, 0.00, 0.00, 0.00, 0.00, 1.00, 1.00, 1.00, 1.00, 1.00, 1.00, 0.00, 0.00, 0.00, 0.00, 1.00, 1.00, 0.00, 1.00
3490,  0,  58.150,  0.98,  1, 0.00, 0.00, 1.16, 0.02, 4.20, 2.76, 0.41, 2.79, 3.82, 2.13, 0.02, 0.09, 0.00, 0.00, 4.12, 0.41, 0.38, 0.00, 0.00, 0.00, 0.00, 1.00, 1.00, 1.00, 1.00, 1.00, 1.00, 0.00, 0.00, 0.00, 0.00, 1.00, 1.00, 0.00, 1.00
3491,  0,  58.167,  0.98,  1, 0.00, 0.00, 1.05, 0.00, 4.19, 2.55, 0.40, 2.93, 3.84, 1.98, 0.02, 0.13, 0.00, 0.00, 4.15, 0.46, 0.56, 0.00, 0.00, 0.00, 0.00, 1.00, 1.00, 1.00, 1.00, 1.00, 1.00, 0.00, 0.00, 0.00, 0.00, 1.00, 1.00, 0.00, 1.00
3492,  0,  58.183,  0.98,  1, 0.00, 0.00, 1.07, 0.00, 4.21, 2.56, 0.34, 2.89, 3.91, 1.90, 0.00, 0.15, 0.00, 0.00, 4.05, 0.39, 0.46, 0.00, 0.00, 0.00, 0.00, 1.00, 1.00, 1.00, 1.00, 1.00, 1.00, 0.00, 0.00, 0.00, 0.00, 1.00, 1.00, 0.00, 1.00
3493,  0,  58.200,  0.98,  1, 0.00, 0.00, 1.12, 0.00, 4.19, 2.55, 0.31, 2.93, 3.91, 1.92, 0.00, 0.15, 0.00, 0.00, 4.10, 0.43, 0.45, 0.00, 0.00, 0.00, 0.00, 1.00, 1.00, 1.00, 1.00, 1.00, 1.00, 0.00, 0.00, 0.00, 0.00, 1.00, 1.00, 0.00, 1.00
3494,  0,  58.217,  0.98,  1, 0.00, 0.00, 1.23, 0.00, 4.19, 2.81, 0.31, 2.91, 3.96, 1.86, 0.00, 0.08, 0.00, 0.00, 4.24, 0.40, 0.27, 0.00, 0.00, 0.00, 0.00, 1.00, 1.00, 1.00, 1.00, 1.00, 1.00, 0.00, 0.00, 0.00, 0.00, 1.00, 1.00, 0.00, 1.00
3495,  0,  58.233,  0.98,  1, 0.00, 0.00, 1.19, 0.00, 4.21, 2.79, 0.27, 2.82, 3.93, 1.72, 0.00, 0.00, 0.00, 0.00, 4.35, 0.34, 0.43, 0.00, 0.00, 0.00, 0.00, 1.00, 1.00, 1.00, 1.00, 1.00, 1.00, 0.00, 0.00, 0.00, 0.00, 1.00, 1.00, 0.00, 1.00
3496,  0,  58.250,  0.98,  1, 0.00, 0.00, 1.22, 0.02, 4.27, 2.75, 0.27, 2.84, 3.91, 1.76, 0.00, 0.00, 0.00, 0.00, 4.33, 0.40, 0.35, 0.00, 0.00, 0.00, 0.00, 1.00, 1.00, 1.00, 1.00, 1.00, 1.00, 0.00, 0.00, 0.00, 0.00, 1.00, 1.00, 0.00, 1.00
3497,  0,  58.267,  0.98,  1, 0.00, 0.00, 1.33, 0.02, 4.31, 2.53, 0.31, 2.82, 3.88, 1.69, 0.00, 0.00, 0.00, 0.00, 4.32, 0.30, 0.43, 0.00, 0.00, 0.00, 0.00, 1.00, 1.00, 1.00, 1.00, 1.00, 1.00, 0.00, 0.00, 0.00, 0.00, 1.00, 1.00, 0.00, 1.00
3498,  0,  58.283,  0.98,  1, 0.00, 0.00, 1.43, 0.02, 4.30, 2.59, 0.34, 2.97, 3.86, 1.93, 0.00, 0.08, 0.00, 0.00, 4.22, 0.50, 0.33, 0.00, 0.00, 0.00, 0.00, 1.00, 1.00, 1.00, 1.00, 1.00, 1.00, 0.00, 0.00, 0.00, 0.00, 1.00, 1.00, 0.00, 1.00
3499,  0,  58.300,  0.98,  1, 0.00, 0.00, 1.44, 0.00, 4.24, 2.65, 0.32, 3.10, 3.89, 1.83, 0.00, 0.08, 0.00, 0.00, 4.04, 0.43, 0.26, 0.00, 0.00, 0.00, 0.00, 1.00, 1.00, 1.00, 1.00, 1.00, 1.00, 0.00, 0.00, 0.00, 0.00, 1.00, 1.00, 0.00, 1.00
3500,  0,  58.317,  0.98,  1, 0.00, 0.00, 1.32, 0.00, 4.27, 2.77, 0.31, 3.18, 3.94, 1.86, 0.00, 0.08, 0.00, 0.00, 3.99, 0.56, 0.24, 0.00, 0.00, 0.00, 0.00, 1.00, 1.00, 1.00, 1.00, 1.00, 1.00, 0.00, 0.00, 0.00, 0.00, 1.00, 1.00, 0.00, 1.00
3501,  0,  58.333,  0.98,  1, 0.00, 0.00, 1.29, 0.00, 4.39, 2.75, 0.40, 3.18, 4.04, 1.80, 0.00, 0.00, 0.00, 0.00, 4.05, 0.33, 0.15, 0.00, 0.00, 0.00, 0.00, 1.00, 1.00, 1.00, 1.00, 1.00, 1.00, 0.00, 0.00, 0.00, 0.00, 1.00, 1.00, 0.00, 1.00
3502,  0,  58.350,  0.98,  1, 0.00, 0.00, 1.28, 0.00, 4.37, 2.75, 0.47, 3.11, 3.99, 1.91, 0.00, 0.00, 0.00, 0.00, 4.08, 0.26, 0.23, 0.00, 0.00, 1.00, 0.00, 1.00, 1.00, 1.00, 1.00, 1.00, 1.00, 0.00, 0.00, 0.00, 0.00, 1.00, 1.00, 0.00, 1.00
3503,  0,  58.367,  0.98,  1, 0.00, 0.00, 1.46, 0.00, 4.32, 2.84, 0.53, 3.14, 3.95, 1.95, 0.00, 0.00, 0.00, 0.00, 4.14, 0.20, 0.17, 0.00, 0.00, 0.00, 0.00, 1.00, 1.00, 1.00, 1.00, 1.00, 1.00, 0.00, 0.00, 0.00, 0.00, 1.00, 1.00, 0.00, 1.00
3504,  0,  58.383,  0.98,  1, 0.00, 0.00, 1.51, 0.00, 4.29, 2.76, 0.53, 3.24, 3.91, 1.81, 0.07, 0.00, 0.00, 0.00, 4.14, 0.33, 0.15, 0.00, 0.00, 1.00, 0.00, 1.00, 1.00, 1.00, 1.00, 1.00, 1.00, 0.00, 0.00, 0.00, 0.00, 1.00, 1.00, 0.00, 1.00
3505,  0,  58.400,  0.98,  1, 0.00, 0.00, 1.56, 0.00, 4.34, 2.70, 0.40, 3.23, 3.97, 1.77, 0.09, 0.00, 0.00, 0.00, 4.14, 0.35, 0.10, 0.00, 0.00, 1.00, 0.00, 1.00, 1.00, 1.00, 1.00, 1.00, 1.00, 0.00, 0.00, 0.00, 0.00, 1.00, 1.00, 0.00, 1.00
3506,  0,  58.417,  0.98,  1, 0.00, 0.00, 1.49, 0.00, 4.28, 2.46, 0.46, 3.05, 3.89, 1.73, 0.09, 0.01, 0.00, 0.00, 4.00, 0.26, 0.06, 0.00, 0.00, 0.00, 0.00, 1.00, 1.00, 1.00, 1.00, 1.00, 1.00, 0.00, 0.00, 0.00, 0.00, 1.00, 1.00, 0.00, 1.00
3507,  0,  58.433,  0.98,  1, 0.00, 0.00, 1.40, 0.00, 4.24, 2.30, 0.39, 2.89, 3.88, 1.76, 0.02, 0.01, 0.00, 0.00, 3.96, 0.13, 0.10, 0.00, 0.00, 0.00, 0.00, 1.00, 1.00, 1.00, 1.00, 1.00, 1.00, 0.00, 0.00, 0.00, 0.00, 1.00, 1.00, 0.00, 1.00
3508,  0,  58.450,  0.98,  1, 0.00, 0.00, 1.31, 0.00, 4.20, 2.34, 0.50, 2.95, 3.90, 1.67, 0.01, 0.01, 0.00, 0.00, 3.97, 0.21, 0.05, 0.00, 0.00, 0.00, 0.00, 1.00, 1.00, 1.00, 1.00, 1.00, 1.00, 0.00, 0.00, 0.00, 0.00, 1.00, 1.00, 0.00, 1.00
3509,  0,  58.467,  0.98,  1, 0.00, 0.00, 1.24, 0.00, 4.22, 2.37, 0.36, 3.03, 3.95, 1.60, 0.01, 0.00, 0.00, 0.00, 4.07, 0.29, 0.05, 0.00, 0.00, 0.00, 0.00, 1.00, 1.00, 1.00, 1.00, 1.00, 1.00, 0.00, 0.00, 0.00, 0.00, 1.00, 1.00, 0.00, 1.00
3510,  0,  58.483,  0.98,  1, 0.00, 0.00, 1.32, 0.00, 4.23, 2.61, 0.41, 3.13, 4.02, 1.55, 0.01, 0.06, 0.00, 0.00, 3.94, 0.36, 0.06, 0.00, 0.00, 1.00, 0.00, 1.00, 1.00, 1.00, 1.00, 1.00, 1.00, 0.00, 0.00, 0.00, 0.00, 1.00, 1.00, 0.00, 1.00
3511,  0,  58.500,  0.98,  1, 0.00, 0.00, 1.55, 0.00, 4.30, 2.54, 0.35, 3.01, 3.96, 1.49, 0.00, 0.06, 0.00, 0.00, 4.01, 0.32, 0.17, 0.00, 0.00, 1.00, 0.00, 1.00, 1.00, 1.00, 1.00, 1.00, 1.00, 0.00, 0.00, 0.00, 0.00, 1.00, 1.00, 0.00, 1.00
3512,  0,  58.517,  0.98,  1, 0.00, 0.00, 1.80, 0.00, 4.35, 2.65, 0.44, 3.08, 3.99, 1.61, 0.07, 0.06, 0.00, 0.00, 3.85, 0.20, 0.17, 0.00, 0.00, 1.00, 0.00, 1.00, 1.00, 1.00, 1.00, 1.00, 1.00, 0.00, 0.00, 0.00, 0.00, 1.00, 1.00, 0.00, 1.00
3513,  0,  58.533,  0.98,  1, 0.00, 0.00, 1.83, 0.05, 4.32, 2.71, 0.46, 3.09, 3.95, 1.71, 0.08, 0.00, 0.00, 0.00, 3.93, 0.19, 0.11, 0.00, 0.00, 1.00, 0.00, 1.00, 1.00, 1.00, 1.00, 1.00, 1.00, 0.00, 0.00, 0.00, 0.00, 1.00, 1.00, 0.00, 1.00
3514,  0,  58.550,  0.98,  1, 0.00, 0.00, 1.83, 0.07, 4.31, 2.65, 0.57, 3.14, 3.99, 1.82, 0.08, 0.01, 0.00, 0.00, 3.64, 0.08, 0.00, 0.00, 0.00, 1.00, 0.00, 1.00, 1.00, 1.00, 1.00, 1.00, 1.00, 0.00, 0.00, 0.00, 0.00, 1.00, 1.00, 0.00, 1.00
3515,  0,  58.567,  0.98,  1, 0.00, 0.00, 1.64, 0.07, 4.32, 2.69, 0.60, 3.16, 3.93, 1.84, 0.13, 0.03, 0.00, 0.00, 3.64, 0.07, 0.03, 0.00, 0.00, 1.00, 0.00, 1.00, 1.00, 1.00, 1.00, 1.00, 1.00, 0.00, 0.00, 0.00, 0.00, 1.00, 1.00, 0.00, 1.00
3516,  0,  58.583,  0.98,  1, 0.00, 0.00, 1.72, 0.02, 4.32, 2.69, 0.63, 3.13, 3.90, 1.77, 0.12, 0.03, 0.00, 0.00, 3.59, 0.09, 0.03, 0.00, 0.00, 1.00, 0.00, 1.00, 1.00, 1.00, 1.00, 1.00, 1.00, 0.00, 0.00, 0.00, 0.00, 1.00, 1.00, 0.00, 0.00
3517,  0,  58.600,  0.98,  1, 0.00, 0.00, 1.54, 0.00, 4.26, 2.63, 0.63, 3.18, 3.89, 1.84, 0.12, 0.02, 0.00, 0.00, 3.80, 0.19, 0.03, 0.00, 0.00, 1.00, 0.00, 1.00, 1.00, 1.00, 1.00, 1.00, 1.00, 0.00, 0.00, 0.00, 0.00, 1.00, 1.00, 0.00, 1.00
3518,  0,  58.617,  0.98,  1, 0.00, 0.00, 1.53, 0.00, 4.25, 2.43, 0.54, 3.29, 3.88, 1.81, 0.06, 0.06, 0.00, 0.00, 3.95, 0.27, 0.18, 0.00, 0.00, 1.00, 0.00, 1.00, 1.00, 1.00, 1.00, 1.00, 1.00, 0.00, 0.00, 0.00, 0.00, 1.00, 1.00, 0.00, 1.00
3519,  0,  58.633,  0.98,  1, 0.00, 0.00, 1.45, 0.00, 4.27, 2.18, 0.58, 3.29, 3.89, 1.89, 0.06, 0.06, 0.00, 0.00, 3.98, 0.20, 0.18, 0.00, 0.00, 1.00, 0.00, 1.00, 1.00, 1.00, 1.00, 1.00, 1.00, 0.00, 0.00, 0.00, 0.00, 1.00, 1.00, 0.00, 1.00
3520,  0,  58.650,  0.98,  1, 0.00, 0.00, 1.57, 0.00, 4.35, 2.34, 0.56, 3.25, 3.85, 1.72, 0.06, 0.06, 0.00, 0.00, 3.97, 0.13, 0.18, 0.00, 0.00, 1.00, 0.00, 1.00, 1.00, 1.00, 1.00, 1.00, 1.00, 0.00, 0.00, 0.00, 0.00, 1.00, 1.00, 0.00, 1.00
3521,  0,  58.667,  0.98,  1, 0.00, 0.00, 1.55, 0.00, 4.34, 2.28, 0.70, 3.18, 3.94, 1.73, 0.00, 0.00, 0.00, 0.00, 3.82, 0.03, 0.02, 0.00, 0.00, 0.00, 0.00, 1.00, 1.00, 1.00, 1.00, 1.00, 1.00, 0.00, 0.00, 0.00, 0.00, 1.00, 1.00, 0.00, 0.00
3522,  0,  58.683,  0.98,  1, 0.00, 0.00, 1.63, 0.04, 4.35, 2.47, 0.67, 3.27, 3.99, 1.76, 0.00, 0.04, 0.00, 0.05, 3.65, 0.12, 0.02, 0.00, 0.00, 0.00, 0.00, 1.00, 1.00, 1.00, 1.00, 1.00, 1.00, 0.00, 0.00, 0.00, 0.00, 1.00, 1.00, 0.00, 0.00
3523,  0,  58.700,  0.98,  1, 0.00, 0.00, 1.55, 0.04, 4.35, 2.53, 0.68, 3.34, 4.03, 1.80, 0.01, 0.04, 0.00, 0.05, 3.58, 0.27, 0.02, 0.00, 0.00, 1.00, 0.00, 1.00, 1.00, 1.00, 1.00, 1.00, 1.00, 0.00, 0.00, 0.00, 0.00, 1.00, 1.00, 0.00, 0.00
3524,  0,  58.717,  0.98,  1, 0.00, 0.00, 1.66, 0.11, 4.38, 2.77, 0.63, 3.36, 4.00, 1.69, 0.01, 0.04, 0.00, 0.07, 3.56, 0.39, 0.00, 0.00, 0.00, 1.00, 0.00, 1.00, 1.00, 1.00, 1.00, 1.00, 1.00, 0.00, 0.00, 0.00, 0.00, 1.00, 1.00, 0.00, 0.00
3525,  0,  58.733,  0.98,  1, 0.00, 0.00, 1.61, 0.17, 4.41, 2.80, 0.64, 3.46, 3.97, 1.51, 0.06, 0.00, 0.00, 0.08, 3.64, 0.29, 0.00, 0.00, 0.00, 1.00, 0.00, 1.00, 1.00, 1.00, 1.00, 1.00, 1.00, 0.00, 0.00, 0.00, 0.00, 1.00, 1.00, 0.00, 0.00
3526,  0,  58.750,  0.98,  1, 0.00, 0.00, 1.61, 0.17, 4.50, 2.74, 0.59, 3.34, 4.00, 1.48, 0.04, 0.11, 0.00, 0.13, 3.51, 0.17, 0.00, 0.00, 0.00, 1.00, 0.00, 1.00, 1.00, 1.00, 1.00, 1.00, 1.00, 0.00, 0.00, 0.00, 0.00, 1.00, 1.00, 0.00, 0.00
3527,  0,  58.767,  0.98,  1, 0.00, 0.00, 1.59, 0.11, 4.43, 2.50, 0.54, 3.32, 3.97, 1.46, 0.15, 0.11, 0.00, 0.15, 3.47, 0.10, 0.00, 0.00, 0.00, 0.00, 0.00, 1.00, 1.00, 1.00, 1.00, 1.00, 1.00, 0.00, 0.00, 0.00, 0.00, 1.00, 1.00, 0.00, 0.00
3528,  0,  58.783,  0.98,  1, 0.00, 0.00, 1.45, 0.00, 4.38, 2.30, 0.55, 3.19, 3.94, 1.65, 0.11, 0.11, 0.00, 0.14, 3.54, 0.14, 0.00, 0.00, 0.00, 1.00, 0.00, 1.00, 1.00, 1.00, 1.00, 1.00, 1.00, 0.00, 0.00, 0.00, 0.00, 1.00, 1.00, 0.00, 0.00
3529,  0,  58.800,  0.98,  1, 0.00, 0.00, 1.49, 0.00, 4.24, 2.13, 0.52, 3.22, 3.93, 1.67, 0.11, 0.00, 0.00, 0.12, 3.75, 0.30, 0.00, 0.00, 0.00, 0.00, 0.00, 1.00, 1.00, 1.00, 1.00, 1.00, 1.00, 0.00, 0.00, 0.00, 0.00, 1.00, 1.00, 0.00, 0.00
3530,  0,  58.817,  0.98,  1, 0.00, 0.00, 1.57, 0.00, 4.26, 2.22, 0.50, 3.21, 3.98, 1.68, 0.00, 0.00, 0.00, 0.13, 3.86, 0.29, 0.00, 0.00, 0.00, 0.00, 0.00, 1.00, 1.00, 1.00, 1.00, 1.00, 1.00, 0.00, 0.00, 0.00, 0.00, 1.00, 1.00, 0.00, 0.00
3531,  0,  58.833,  0.98,  1, 0.00, 0.00, 1.56, 0.00, 4.24, 2.28, 0.39, 3.22, 3.99, 1.51, 0.00, 0.00, 0.00, 0.17, 3.82, 0.28, 0.00, 0.00, 0.00, 1.00, 0.00, 1.00, 1.00, 1.00, 1.00, 1.00, 1.00, 0.00, 0.00, 0.00, 0.00, 1.00, 1.00, 0.00, 0.00
3532,  0,  58.850,  0.98,  1, 0.00, 0.00, 1.63, 0.01, 4.25, 2.28, 0.36, 3.22, 3.92, 1.46, 0.00, 0.02, 0.00, 0.24, 3.67, 0.08, 0.00, 0.00, 0.00, 1.00, 0.00, 1.00, 1.00, 1.00, 1.00, 1.00, 1.00, 0.00, 0.00, 0.00, 0.00, 1.00, 1.00, 0.00, 0.00
3533,  0,  58.867,  0.98,  1, 0.00, 0.00, 1.54, 0.04, 4.25, 2.39, 0.39, 3.28, 3.91, 1.62, 0.00, 0.02, 0.00, 0.22, 3.57, 0.14, 0.00, 0.00, 0.00, 1.00, 0.00, 1.00, 1.00, 1.00, 1.00, 1.00, 1.00, 0.00, 0.00, 0.00, 0.00, 1.00, 1.00, 0.00, 0.00
3534,  0,  58.883,  0.98,  1, 0.00, 0.00, 1.56, 0.15, 4.23, 2.43, 0.48, 3.28, 3.88, 1.77, 0.00, 0.02, 0.00, 0.18, 3.58, 0.19, 0.00, 0.00, 0.00, 1.00, 0.00, 1.00, 1.00, 1.00, 1.00, 1.00, 1.00, 0.00, 0.00, 0.00, 0.00, 1.00, 1.00, 0.00, 0.00
3535,  0,  58.900,  0.98,  1, 0.00, 0.00, 1.58, 0.14, 4.26, 2.59, 0.47, 3.34, 3.91, 1.85, 0.00, 0.06, 0.00, 0.18, 3.64, 0.35, 0.00, 0.00, 0.00, 1.00, 0.00, 1.00, 1.00, 1.00, 1.00, 1.00, 1.00, 0.00, 0.00, 0.00, 0.00, 1.00, 1.00, 0.00, 0.00
3536,  0,  58.917,  0.98,  1, 0.00, 0.00, 1.44, 0.14, 4.30, 2.41, 0.43, 3.30, 3.87, 1.95, 0.00, 0.06, 0.00, 0.22, 3.63, 0.35, 0.00, 0.00, 0.00, 1.00, 0.00, 1.00, 1.00, 1.00, 1.00, 1.00, 1.00, 0.00, 0.00, 0.00, 0.00, 1.00, 1.00, 0.00, 0.00
3537,  0,  58.933,  0.98,  1, 0.00, 0.00, 1.60, 0.13, 4.35, 2.38, 0.38, 3.27, 3.93, 1.84, 0.00, 0.16, 0.00, 0.25, 3.70, 0.36, 0.00, 0.00, 0.00, 1.00, 0.00, 1.00, 1.00, 1.00, 1.00, 1.00, 1.00, 0.00, 0.00, 0.00, 0.00, 1.00, 1.00, 0.00, 0.00
3538,  0,  58.950,  0.98,  1, 0.00, 0.00, 1.38, 0.22, 4.33, 2.16, 0.38, 3.30, 3.94, 1.81, 0.00, 0.10, 0.00, 0.24, 3.78, 0.25, 0.00, 0.00, 0.00, 0.00, 0.00, 1.00, 1.00, 1.00, 1.00, 1.00, 1.00, 0.00, 0.00, 0.00, 0.00, 1.00, 1.00, 0.00, 0.00
3539,  0,  58.967,  0.98,  1, 0.00, 0.00, 1.50, 0.19, 4.27, 2.30, 0.31, 3.22, 3.96, 1.76, 0.00, 0.10, 0.00, 0.17, 3.95, 0.24, 0.00, 0.00, 0.00, 0.00, 0.00, 1.00, 1.00, 1.00, 1.00, 1.00, 1.00, 0.00, 0.00, 0.00, 0.00, 1.00, 1.00, 0.00, 0.00
3540,  0,  58.983,  0.98,  1, 0.00, 0.00, 1.45, 0.08, 4.19, 2.14, 0.34, 3.20, 4.01, 1.75, 0.00, 0.00, 0.00, 0.09, 3.89, 0.15, 0.04, 0.00, 0.00, 0.00, 0.00, 1.00, 1.00, 1.00, 1.00, 1.00, 1.00, 0.00, 0.00, 0.00, 0.00, 1.00, 1.00, 0.00, 1.00
3541,  0,  59.000,  0.98,  1, 0.00, 0.00, 1.49, 0.00, 4.12, 2.21, 0.39, 3.14, 4.04, 1.87, 0.00, 0.00, 0.00, 0.00, 3.89, 0.17, 0.26, 0.00, 0.00, 0.00, 0.00, 1.00, 1.00, 1.00, 1.00, 1.00, 1.00, 0.00, 0.00, 0.00, 0.00, 1.00, 1.00, 0.00, 1.00
3542,  0,  59.017,  0.98,  1, 0.00, 0.00, 1.38, 0.00, 4.00, 1.80, 0.31, 3.29, 4.08, 1.77, 0.00, 0.05, 0.00, 0.00, 3.92, 0.34, 0.42, 0.00, 0.00, 0.00, 0.00, 1.00, 1.00, 1.00, 1.00, 1.00, 1.00, 0.00, 0.00, 0.00, 0.00, 1.00, 1.00, 0.00, 1.00
3543,  0,  59.033,  0.98,  1, 0.00, 0.00, 1.27, 0.00, 3.97, 1.97, 0.25, 3.29, 4.07, 1.83, 0.00, 0.05, 0.00, 0.00, 4.00, 0.54, 0.51, 0.00, 0.00, 0.00, 0.00, 1.00, 1.00, 1.00, 1.00, 1.00, 1.00, 0.00, 0.00, 0.00, 0.00, 1.00, 1.00, 0.00, 1.00
3544,  0,  59.050,  0.98,  1, 0.00, 0.00, 1.14, 0.00, 4.02, 1.83, 0.12, 3.37, 4.09, 1.73, 0.00, 0.05, 0.00, 0.00, 4.02, 0.55, 0.42, 0.00, 0.00, 0.00, 0.00, 1.00, 1.00, 1.00, 1.00, 1.00, 1.00, 0.00, 0.00, 0.00, 0.00, 1.00, 1.00, 0.00, 1.00
3545,  0,  59.067,  0.98,  1, 0.00, 0.00, 1.12, 0.00, 4.08, 2.11, 0.18, 3.28, 4.12, 1.68, 0.00, 0.00, 0.00, 0.00, 3.99, 0.41, 0.26, 0.00, 0.00, 0.00, 0.00, 1.00, 1.00, 1.00, 1.00, 1.00, 1.00, 0.00, 0.00, 0.00, 0.00, 1.00, 1.00, 0.00, 1.00
3546,  0,  59.083,  0.98,  1, 0.00, 0.00, 1.14, 0.00, 4.12, 2.15, 0.19, 3.35, 4.15, 1.69, 0.00, 0.00, 0.00, 0.00, 3.96, 0.30, 0.13, 0.00, 0.00, 0.00, 0.00, 1.00, 1.00, 1.00, 1.00, 1.00, 1.00, 0.00, 0.00, 0.00, 0.00, 1.00, 1.00, 0.00, 1.00
3547,  0,  59.100,  0.98,  1, 0.00, 0.00, 1.22, 0.00, 4.08, 2.25, 0.22, 3.30, 4.13, 1.71, 0.00, 0.00, 0.00, 0.00, 3.82, 0.31, 0.01, 0.00, 0.00, 0.00, 0.00, 1.00, 1.00, 1.00, 1.00, 1.00, 1.00, 0.00, 0.00, 0.00, 0.00, 1.00, 1.00, 0.00, 1.00
3548,  0,  59.117,  0.98,  1, 0.00, 0.00, 1.21, 0.00, 4.12, 2.33, 0.25, 3.35, 4.12, 1.83, 0.03, 0.00, 0.00, 0.00, 3.74, 0.29, 0.00, 0.00, 0.00, 0.00, 0.00, 1.00, 1.00, 1.00, 1.00, 1.00, 1.00, 0.00, 0.00, 0.00, 0.00, 1.00, 1.00, 0.00, 1.00
3549,  0,  59.133,  0.98,  1, 0.00, 0.00, 1.17, 0.03, 4.10, 2.41, 0.22, 3.39, 4.10, 1.80, 0.03, 0.00, 0.00, 0.00, 3.81, 0.27, 0.00, 0.00, 0.00, 0.00, 0.00, 1.00, 1.00, 1.00, 1.00, 1.00, 1.00, 0.00, 0.00, 0.00, 0.00, 1.00, 1.00, 0.00, 1.00
3550,  0,  59.150,  0.98,  1, 0.00, 0.00, 1.15, 0.03, 4.08, 2.51, 0.18, 3.26, 4.10, 1.84, 0.08, 0.00, 0.00, 0.00, 3.99, 0.29, 0.00, 0.00, 0.00, 0.00, 0.00, 1.00, 1.00, 1.00, 1.00, 1.00, 1.00, 0.00, 0.00, 0.00, 0.00, 1.00, 1.00, 0.00, 0.00
3551,  0,  59.167,  0.98,  1, 0.00, 0.00, 1.19, 0.09, 4.06, 2.76, 0.16, 3.16, 4.09, 1.64, 0.05, 0.00, 0.00, 0.00, 3.90, 0.25, 0.00, 0.00, 0.00, 0.00, 0.00, 1.00, 1.00, 1.00, 1.00, 1.00, 1.00, 0.00, 0.00, 0.00, 0.00, 1.00, 1.00, 0.00, 0.00
3552,  0,  59.183,  0.98,  1, 0.00, 0.00, 1.11, 0.06, 4.05, 2.76, 0.09, 3.06, 4.06, 1.64, 0.04, 0.00, 0.00, 0.00, 3.78, 0.26, 0.00, 0.00, 0.00, 0.00, 0.00, 1.00, 1.00, 1.00, 1.00, 1.00, 1.00, 0.00, 0.00, 0.00, 0.00, 1.00, 1.00, 0.00, 0.00
3553,  0,  59.200,  0.98,  1, 0.00, 0.00, 1.23, 0.06, 4.06, 2.90, 0.09, 3.16, 4.10, 1.45, 0.00, 0.00, 0.00, 0.00, 3.75, 0.15, 0.00, 0.00, 0.00, 0.00, 0.00, 1.00, 1.00, 1.00, 1.00, 1.00, 1.00, 0.00, 0.00, 0.00, 0.00, 1.00, 1.00, 0.00, 0.00
3554,  0,  59.217,  0.98,  1, 0.00, 0.00, 1.13, 0.00, 4.01, 2.84, 0.03, 3.17, 4.11, 1.52, 0.02, 0.00, 0.00, 0.00, 3.87, 0.22, 0.00, 0.00, 0.00, 0.00, 0.00, 1.00, 1.00, 1.00, 1.00, 1.00, 1.00, 0.00, 0.00, 0.00, 0.00, 1.00, 1.00, 0.00, 0.00
3555,  0,  59.233,  0.98,  1, 0.00, 0.00, 1.13, 0.00, 3.97, 2.86, 0.05, 3.15, 4.13, 1.64, 0.02, 0.00, 0.00, 0.00, 3.93, 0.28, 0.00, 0.00, 0.00, 0.00, 0.00, 1.00, 1.00, 1.00, 1.00, 1.00, 1.00, 0.00, 0.00, 0.00, 0.00, 1.00, 1.00, 0.00, 0.00
3556,  0,  59.250,  0.98,  1, 0.00, 0.00, 1.02, 0.04, 4.04, 2.74, 0.12, 3.18, 4.11, 1.87, 0.02, 0.03, 0.00, 0.00, 3.97, 0.42, 0.00, 0.00, 0.00, 0.00, 0.00, 1.00, 1.00, 1.00, 1.00, 1.00, 1.00, 0.00, 0.00, 0.00, 0.00, 1.00, 1.00, 0.00, 0.00
3557,  0,  59.267,  0.98,  1, 0.00, 0.00, 1.09, 0.04, 4.08, 2.65, 0.15, 3.14, 4.06, 1.88, 0.00, 0.03, 0.00, 0.00, 3.90, 0.31, 0.00, 0.00, 0.00, 0.00, 0.00, 1.00, 1.00, 1.00, 1.00, 1.00, 1.00, 0.00, 0.00, 0.00, 0.00, 1.00, 1.00, 0.00, 0.00
3558,  0,  59.283,  0.98,  1, 0.00, 0.00, 1.08, 0.08, 4.13, 2.56, 0.10, 3.14, 4.02, 1.73, 0.00, 0.03, 0.00, 0.00, 3.92, 0.15, 0.00, 0.00, 0.00, 0.00, 0.00, 1.00, 1.00, 1.00, 1.00, 1.00, 1.00, 0.00, 0.00, 0.00, 0.00, 1.00, 1.00, 0.00, 0.00
3559,  0,  59.300,  0.98,  1, 0.00, 0.00, 1.10, 0.05, 4.15, 2.78, 0.13, 3.08, 4.00, 1.73, 0.00, 0.07, 0.00, 0.00, 3.82, 0.25, 0.00, 0.00, 0.00, 0.00, 0.00, 1.00, 1.00, 1.00, 1.00, 1.00, 1.00, 0.00, 0.00, 0.00, 0.00, 1.00, 1.00, 0.00, 0.00
3560,  0,  59.317,  0.98,  1, 0.00, 0.00, 1.16, 0.05, 4.18, 2.92, 0.20, 3.08, 3.97, 1.75, 0.00, 0.07, 0.00, 0.00, 3.82, 0.37, 0.00, 0.00, 0.00, 0.00, 0.00, 1.00, 1.00, 1.00, 1.00, 1.00, 1.00, 0.00, 0.00, 0.00, 0.00, 1.00, 1.00, 0.00, 0.00
3561,  0,  59.333,  0.98,  1, 0.00, 0.00, 1.29, 0.00, 4.24, 3.22, 0.34, 3.09, 3.94, 1.78, 0.00, 0.07, 0.00, 0.00, 3.87, 0.54, 0.00, 0.00, 0.00, 0.00, 0.00, 1.00, 1.00, 1.00, 1.00, 1.00, 1.00, 0.00, 0.00, 0.00, 0.00, 1.00, 1.00, 0.00, 0.00
3562,  0,  59.350,  0.98,  1, 0.00, 0.00, 1.35, 0.00, 4.23, 3.21, 0.45, 3.14, 3.97, 1.72, 0.00, 0.02, 0.00, 0.00, 3.81, 0.34, 0.00, 0.00, 0.00, 0.00, 0.00, 1.00, 1.00, 1.00, 1.00, 1.00, 1.00, 0.00, 0.00, 0.00, 0.00, 1.00, 1.00, 0.00, 0.00
3563,  0,  59.367,  0.98,  1, 0.00, 0.00, 1.20, 0.00, 4.26, 3.10, 0.55, 3.28, 3.98, 1.70, 0.00, 0.02, 0.00, 0.00, 3.76, 0.25, 0.00, 0.00, 0.00, 0.00, 0.00, 1.00, 1.00, 1.00, 1.00, 1.00, 1.00, 0.00, 0.00, 0.00, 0.00, 1.00, 1.00, 0.00, 0.00
3564,  0,  59.383,  0.98,  1, 0.00, 0.00, 1.24, 0.09, 4.19, 2.96, 0.52, 3.25, 3.97, 1.67, 0.09, 0.09, 0.00, 0.00, 3.66, 0.20, 0.00, 0.00, 0.00, 0.00, 0.00, 1.00, 1.00, 1.00, 1.00, 1.00, 1.00, 0.00, 0.00, 0.00, 0.00, 1.00, 1.00, 0.00, 0.00
3565,  0,  59.400,  0.98,  1, 0.00, 0.00, 1.08, 0.09, 4.18, 2.88, 0.44, 3.18, 3.95, 1.66, 0.09, 0.08, 0.00, 0.00, 3.74, 0.32, 0.00, 0.00, 0.00, 0.00, 0.00, 1.00, 1.00, 1.00, 1.00, 1.00, 1.00, 0.00, 0.00, 0.00, 0.00, 1.00, 1.00, 0.00, 0.00
3566,  0,  59.417,  0.98,  1, 0.00, 0.00, 1.13, 0.09, 4.11, 2.90, 0.39, 3.12, 3.94, 1.74, 0.13, 0.08, 0.00, 0.00, 3.76, 0.42, 0.00, 0.00, 0.00, 0.00, 0.00, 1.00, 1.00, 1.00, 1.00, 1.00, 1.00, 0.00, 0.00, 0.00, 0.00, 1.00, 1.00, 0.00, 0.00
3567,  0,  59.433,  0.98,  1, 0.00, 0.00, 0.96, 0.00, 4.14, 2.70, 0.39, 3.12, 3.96, 1.75, 0.04, 0.10, 0.00, 0.00, 3.68, 0.42, 0.00, 0.00, 0.00, 0.00, 0.00, 1.00, 1.00, 1.00, 1.00, 1.00, 1.00, 0.00, 0.00, 0.00, 0.00, 1.00, 1.00, 0.00, 0.00
3568,  0,  59.450,  0.98,  1, 0.00, 0.00, 1.25, 0.00, 4.17, 2.78, 0.34, 3.11, 3.95, 1.61, 0.04, 0.09, 0.00, 0.00, 3.65, 0.38, 0.00, 0.00, 0.00, 0.00, 0.00, 1.00, 1.00, 1.00, 1.00, 1.00, 1.00, 0.00, 0.00, 0.00, 0.00, 1.00, 1.00, 0.00, 0.00
3569,  0,  59.467,  0.98,  1, 0.00, 0.00, 1.26, 0.00, 4.22, 2.71, 0.36, 3.10, 4.00, 1.68, 0.01, 0.10, 0.00, 0.00, 3.72, 0.49, 0.00, 0.00, 0.00, 0.00, 0.00, 1.00, 1.00, 1.00, 1.00, 1.00, 1.00, 0.00, 0.00, 0.00, 0.00, 1.00, 1.00, 0.00, 0.00
3570,  0,  59.483,  0.98,  1, 0.00, 0.00, 1.48, 0.00, 4.29, 2.86, 0.37, 3.13, 3.99, 1.62, 0.05, 0.01, 0.00, 0.00, 3.83, 0.39, 0.00, 0.00, 0.00, 0.00, 0.00, 1.00, 1.00, 1.00, 1.00, 1.00, 1.00, 0.00, 0.00, 0.00, 0.00, 1.00, 1.00, 0.00, 0.00
3571,  0,  59.500,  0.98,  1, 0.00, 0.00, 1.43, 0.00, 4.30, 2.79, 0.46, 3.04, 3.99, 1.72, 0.05, 0.01, 0.00, 0.00, 3.84, 0.35, 0.00, 0.00, 0.00, 0.00, 0.00, 1.00, 1.00, 1.00, 1.00, 1.00, 1.00, 0.00, 0.00, 0.00, 0.00, 1.00, 1.00, 0.00, 0.00
3572,  0,  59.517,  0.98,  1, 0.00, 0.00, 1.47, 0.00, 4.33, 2.71, 0.32, 3.11, 3.97, 1.58, 0.04, 0.01, 0.00, 0.00, 3.90, 0.30, 0.00, 0.00, 0.00, 0.00, 0.00, 1.00, 1.00, 1.00, 1.00, 1.00, 1.00, 0.00, 0.00, 0.00, 0.00, 1.00, 1.00, 0.00, 0.00
3573,  0,  59.533,  0.98,  1, 0.00, 0.00, 1.35, 0.16, 4.23, 2.54, 0.28, 3.12, 4.00, 1.71, 0.00, 0.10, 0.00, 0.00, 3.80, 0.40, 0.00, 0.00, 0.00, 0.00, 0.00, 1.00, 1.00, 1.00, 1.00, 1.00, 1.00, 0.00, 0.00, 0.00, 0.00, 1.00, 1.00, 0.00, 0.00
3574,  0,  59.550,  0.98,  1, 0.00, 0.00, 1.31, 0.17, 4.17, 2.47, 0.21, 3.27, 4.03, 1.72, 0.09, 0.10, 0.00, 0.00, 3.77, 0.54, 0.00, 0.00, 0.00, 0.00, 0.00, 1.00, 1.00, 1.00, 1.00, 1.00, 1.00, 0.00, 0.00, 0.00, 0.00, 1.00, 1.00, 0.00, 0.00
3575,  0,  59.567,  0.98,  1, 0.00, 0.00, 1.43, 0.17, 4.13, 2.39, 0.30, 3.20, 4.01, 1.70, 0.09, 0.09, 0.00, 0.00, 3.69, 0.39, 0.00, 0.00, 0.00, 0.00, 0.00, 1.00, 1.00, 1.00, 1.00, 1.00, 1.00, 0.00, 0.00, 0.00, 0.00, 1.00, 1.00, 0.00, 0.00
3576,  0,  59.583,  0.98,  1, 0.00, 0.00, 1.43, 0.01, 4.22, 2.40, 0.40, 3.19, 4.01, 1.80, 0.09, 0.00, 0.00, 0.00, 3.84, 0.40, 0.00, 0.00, 0.00, 0.00, 0.00, 1.00, 1.00, 1.00, 1.00, 1.00, 1.00, 0.00, 0.00, 0.00, 0.00, 1.00, 1.00, 0.00, 0.00
3577,  0,  59.600,  0.98,  1, 0.00, 0.00, 1.35, 0.00, 4.28, 2.07, 0.37, 3.17, 4.00, 1.79, 0.00, 0.07, 0.00, 0.00, 3.78, 0.24, 0.06, 0.00, 0.00, 0.00, 0.00, 1.00, 1.00, 1.00, 1.00, 1.00, 1.00, 0.00, 0.00, 0.00, 0.00, 1.00, 1.00, 0.00, 1.00
3578,  0,  59.617,  0.98,  1, 0.00, 0.00, 1.30, 0.00, 4.30, 2.41, 0.42, 3.20, 4.06, 1.80, 0.00, 0.07, 0.00, 0.00, 3.85, 0.23, 0.23, 0.00, 0.00, 0.00, 0.00, 1.00, 1.00, 1.00, 1.00, 1.00, 1.00, 0.00, 0.00, 0.00, 0.00, 1.00, 1.00, 0.00, 1.00
3579,  0,  59.633,  0.98,  1, 0.00, 0.00, 1.29, 0.00, 4.23, 2.49, 0.34, 3.14, 4.09, 1.71, 0.00, 0.07, 0.00, 0.00, 3.73, 0.25, 0.40, 0.00, 0.00, 0.00, 0.00, 1.00, 1.00, 1.00, 1.00, 1.00, 1.00, 0.00, 0.00, 0.00, 0.00, 1.00, 1.00, 0.00, 1.00
3580,  0,  59.650,  0.98,  1, 0.00, 0.00, 1.40, 0.00, 4.16, 2.57, 0.40, 3.19, 4.08, 1.70, 0.02, 0.00, 0.00, 0.00, 3.84, 0.28, 0.39, 0.00, 0.00, 0.00, 0.00, 1.00, 1.00, 1.00, 1.00, 1.00, 1.00, 0.00, 0.00, 0.00, 0.00, 1.00, 1.00, 0.00, 1.00
3581,  0,  59.667,  0.98,  1, 0.00, 0.00, 1.37, 0.00, 4.13, 2.31, 0.36, 3.17, 4.06, 1.88, 0.02, 0.00, 0.00, 0.00, 3.75, 0.47, 0.22, 0.00, 0.00, 0.00, 0.00, 1.00, 1.00, 1.00, 1.00, 1.00, 1.00, 0.00, 0.00, 0.00, 0.00, 1.00, 1.00, 0.00, 1.00
3582,  0,  59.683,  0.98,  1, 0.00, 0.00, 1.49, 0.00, 4.17, 2.24, 0.30, 3.18, 3.99, 1.89, 0.02, 0.00, 0.00, 0.00, 3.89, 0.34, 0.17, 0.00, 0.00, 0.00, 0.00, 1.00, 1.00, 1.00, 1.00, 1.00, 1.00, 0.00, 0.00, 0.00, 0.00, 1.00, 1.00, 0.00, 1.00
3583,  0,  59.700,  0.98,  1, 0.00, 0.00, 1.45, 0.00, 4.24, 2.51, 0.34, 3.10, 3.99, 1.80, 0.00, 0.00, 0.00, 0.00, 3.94, 0.35, 0.15, 0.00, 0.00, 0.00, 0.00, 1.00, 1.00, 1.00, 1.00, 1.00, 1.00, 0.00, 0.00, 0.00, 0.00, 1.00, 1.00, 0.00, 1.00
3584,  0,  59.717,  0.98,  1, 0.00, 0.00, 1.33, 0.00, 4.25, 2.34, 0.34, 3.11, 3.98, 1.78, 0.00, 0.00, 0.00, 0.00, 3.97, 0.24, 0.18, 0.00, 0.00, 0.00, 0.00, 1.00, 1.00, 1.00, 1.00, 1.00, 1.00, 0.00, 0.00, 0.00, 0.00, 1.00, 1.00, 0.00, 1.00
3585,  0,  59.733,  0.98,  1, 0.00, 0.00, 1.20, 0.00, 4.21, 2.09, 0.33, 3.20, 4.05, 1.70, 0.10, 0.00, 0.00, 0.00, 3.91, 0.29, 0.18, 0.00, 0.00, 0.00, 0.00, 1.00, 1.00, 1.00, 1.00, 1.00, 1.00, 0.00, 0.00, 0.00, 0.00, 1.00, 1.00, 0.00, 1.00
3586,  0,  59.750,  0.98,  1, 0.00, 0.00, 1.17, 0.00, 4.18, 1.93, 0.26, 3.28, 4.12, 1.94, 0.10, 0.05, 0.00, 0.00, 3.75, 0.22, 0.24, 0.00, 0.00, 0.00, 0.00, 1.00, 1.00, 1.00, 1.00, 1.00, 1.00, 0.00, 0.00, 0.00, 0.00, 1.00, 1.00, 0.00, 1.00
3587,  0,  59.767,  0.98,  1, 0.00, 0.00, 1.21, 0.00, 4.12, 1.81, 0.17, 3.23, 4.16, 1.82, 0.10, 0.06, 0.00, 0.00, 3.72, 0.15, 0.32, 0.00, 0.00, 0.00, 0.00, 1.00, 1.00, 1.00, 1.00, 1.00, 1.00, 0.00, 0.00, 0.00, 0.00, 1.00, 1.00, 0.00, 1.00
3588,  0,  59.783,  0.98,  1, 0.00, 0.00, 1.17, 0.00, 4.05, 1.75, 0.16, 3.16, 4.17, 1.87, 0.00, 0.06, 0.00, 0.00, 3.62, 0.10, 0.52, 0.00, 0.00, 0.00, 0.00, 1.00, 1.00, 1.00, 1.00, 1.00, 1.00, 0.00, 0.00, 0.00, 0.00, 1.00, 1.00, 0.00, 1.00
3589,  0,  59.800,  0.98,  1, 0.00, 0.00, 1.09, 0.00, 3.96, 1.33, 0.11, 3.25, 4.23, 1.79, 0.04, 0.01, 0.00, 0.00, 3.66, 0.05, 0.74, 0.00, 0.00, 0.00, 0.00, 1.00, 1.00, 1.00, 1.00, 1.00, 1.00, 0.00, 0.00, 0.00, 0.00, 1.00, 1.00, 0.00, 1.00
3590,  0,  59.817,  0.98,  1, 0.00, 0.00, 0.99, 0.00, 3.92, 1.18, 0.07, 3.34, 4.20, 1.90, 0.04, 0.00, 0.00, 0.00, 3.69, 0.00, 0.92, 0.00, 0.00, 0.00, 0.00, 1.00, 1.00, 1.00, 1.00, 1.00, 1.00, 0.00, 0.00, 0.00, 0.00, 1.00, 1.00, 0.00, 1.00
3591,  0,  59.833,  0.98,  1, 0.00, 0.00, 0.91, 0.00, 3.91, 1.11, 0.10, 3.37, 4.12, 2.01, 0.04, 0.02, 0.00, 0.00, 3.79, 0.00, 1.06, 0.00, 0.00, 0.00, 0.00, 1.00, 1.00, 1.00, 1.00, 1.00, 1.00, 0.00, 0.00, 0.00, 0.00, 1.00, 1.00, 0.00, 1.00
3592,  0,  59.850,  0.98,  1, 0.00, 0.00, 1.09, 0.00, 3.94, 1.41, 0.19, 3.33, 4.03, 2.01, 0.00, 0.09, 0.00, 0.00, 3.92, 0.12, 0.91, 0.00, 0.00, 0.00, 0.00, 1.00, 1.00, 1.00, 1.00, 1.00, 1.00, 0.00, 0.00, 0.00, 0.00, 1.00, 1.00, 0.00, 1.00
3593,  0,  59.867,  0.98,  1, 0.00, 0.00, 1.15, 0.00, 4.04, 1.74, 0.29, 3.48, 4.07, 1.91, 0.09, 0.09, 0.00, 0.00, 3.84, 0.13, 0.84, 0.00, 0.00, 0.00, 0.00, 1.00, 1.00, 1.00, 1.00, 1.00, 1.00, 0.00, 0.00, 0.00, 0.00, 1.00, 1.00, 0.00, 1.00
3594,  0,  59.883,  0.98,  1, 0.00, 0.00, 1.39, 0.00, 4.16, 1.96, 0.36, 3.54, 4.14, 1.83, 0.09, 0.19, 0.00, 0.00, 3.82, 0.16, 0.53, 0.00, 0.00, 0.00, 0.00, 1.00, 1.00, 1.00, 1.00, 1.00, 1.00, 0.00, 0.00, 0.00, 0.00, 1.00, 1.00, 0.00, 1.00
3595,  0,  59.900,  0.98,  1, 0.00, 0.00, 1.40, 0.00, 4.25, 2.05, 0.38, 3.51, 4.15, 1.81, 0.10, 0.21, 0.00, 0.00, 3.76, 0.11, 0.53, 0.00, 0.00, 0.00, 0.00, 1.00, 1.00, 1.00, 1.00, 1.00, 1.00, 0.00, 0.00, 0.00, 0.00, 1.00, 1.00, 0.00, 1.00
3596,  0,  59.917,  0.98,  1, 0.00, 0.00, 1.65, 0.00, 4.27, 2.30, 0.36, 3.44, 4.11, 1.83, 0.07, 0.20, 0.00, 0.00, 3.78, 0.10, 0.31, 0.00, 0.00, 0.00, 0.00, 1.00, 1.00, 1.00, 1.00, 1.00, 1.00, 0.00, 0.00, 0.00, 0.00, 1.00, 1.00, 0.00, 1.00
3597,  0,  59.933,  0.98,  1, 0.00, 0.00, 1.58, 0.00, 4.24, 2.55, 0.39, 3.41, 4.05, 1.78, 0.07, 0.09, 0.00, 0.00, 3.72, 0.08, 0.18, 0.00, 0.00, 0.00, 0.00, 1.00, 1.00, 1.00, 1.00, 1.00, 1.00, 0.00, 0.00, 0.00, 0.00, 1.00, 1.00, 0.00, 1.00
3598,  0,  59.950,  0.98,  1, 0.00, 0.00, 1.45, 0.00, 4.15, 2.59, 0.39, 3.45, 4.04, 1.64, 0.08, 0.00, 0.00, 0.00, 3.75, 0.02, 0.00, 0.00, 0.00, 0.00, 0.00, 1.00, 1.00, 1.00, 1.00, 1.00, 1.00, 0.00, 0.00, 0.00, 0.00, 1.00, 1.00, 0.00, 1.00
3599,  0,  59.967,  0.98,  1, 0.00, 0.00, 1.40, 0.00, 4.16, 2.41, 0.44, 3.35, 4.00, 1.53, 0.02, 0.00, 0.00, 0.00, 3.73, 0.07, 0.00, 0.00, 0.00, 0.00, 0.00, 1.00, 1.00, 1.00, 1.00, 1.00, 1.00, 0.00, 0.00, 0.00, 0.00, 1.00, 1.00, 0.00, 1.00
3600,  0,  59.983,  0.98,  1, 0.00, 0.00, 1.27, 0.00, 4.22, 2.36, 0.47, 3.41, 3.99, 1.55, 0.02, 0.00, 0.00, 0.00, 3.67, 0.05, 0.00, 0.00, 0.00, 0.00, 0.00, 1.00, 1.00, 1.00, 1.00, 1.00, 1.00, 0.00, 0.00, 0.00, 0.00, 1.00, 1.00, 0.00, 0.00
3601,  0,  60.000,  0.98,  1, 0.00, 0.00, 1.27, 0.00, 4.26, 2.39, 0.45, 3.26, 3.93, 1.63, 0.04, 0.03, 0.00, 0.00, 3.67, 0.16, 0.00, 0.00, 0.00, 0.00, 0.00, 1.00, 1.00, 1.00, 1.00, 1.00, 1.00, 0.00, 0.00, 0.00, 0.00, 1.00, 1.00, 0.00, 0.00
3602,  0,  60.017,  0.98,  1, 0.00, 0.00, 1.21, 0.00, 4.25, 2.54, 0.45, 3.27, 3.92, 1.58, 0.04, 0.03, 0.00, 0.00, 3.79, 0.10, 0.00, 0.00, 0.00, 0.00, 0.00, 1.00, 1.00, 1.00, 1.00, 1.00, 1.00, 0.00, 0.00, 0.00, 0.00, 1.00, 1.00, 0.00, 0.00
3603,  0,  60.033,  0.98,  1, 0.00, 0.00, 1.23, 0.00, 4.24, 2.60, 0.49, 3.28, 3.95, 1.60, 0.04, 0.03, 0.00, 0.00, 3.91, 0.17, 0.00, 0.00, 0.00, 0.00, 0.00, 1.00, 1.00, 1.00, 1.00, 1.00, 1.00, 0.00, 0.00, 0.00, 0.00, 1.00, 1.00, 0.00, 0.00
3604,  0,  60.050,  0.98,  1, 0.00, 0.00, 1.37, 0.00, 4.34, 2.60, 0.58, 3.33, 3.95, 1.66, 0.03, 0.00, 0.00, 0.00, 3.92, 0.07, 0.00, 0.00, 0.00, 0.00, 0.00, 1.00, 1.00, 1.00, 1.00, 1.00, 1.00, 0.00, 0.00, 0.00, 0.00, 1.00, 1.00, 0.00, 0.00
3605,  0,  60.067,  0.98,  1, 0.00, 0.00, 1.32, 0.00, 4.34, 2.62, 0.63, 3.35, 3.97, 1.68, 0.03, 0.00, 0.00, 0.00, 3.96, 0.18, 0.00, 0.00, 0.00, 0.00, 0.00, 1.00, 1.00, 1.00, 1.00, 1.00, 1.00, 0.00, 0.00, 0.00, 0.00, 1.00, 1.00, 0.00, 0.00
3606,  0,  60.083,  0.98,  1, 0.00, 0.00, 1.27, 0.00, 4.35, 2.71, 0.49, 3.20, 3.96, 1.73, 0.03, 0.07, 0.00, 0.00, 3.98, 0.12, 0.00, 0.00, 0.00, 0.00, 0.00, 1.00, 1.00, 1.00, 1.00, 1.00, 1.00, 0.00, 0.00, 0.00, 0.00, 1.00, 1.00, 0.00, 0.00
3607,  0,  60.100,  0.98,  1, 0.00, 0.00, 1.20, 0.00, 4.33, 2.83, 0.46, 3.25, 4.00, 1.72, 0.00, 0.08, 0.00, 0.00, 4.03, 0.22, 0.00, 0.00, 0.00, 0.00, 0.00, 1.00, 1.00, 1.00, 1.00, 1.00, 1.00, 0.00, 0.00, 0.00, 0.00, 1.00, 1.00, 0.00, 0.00
3608,  0,  60.117,  0.98,  1, 0.00, 0.00, 1.26, 0.00, 4.33, 2.75, 0.40, 3.17, 3.95, 1.77, 0.00, 0.08, 0.00, 0.00, 3.96, 0.24, 0.00, 0.00, 0.00, 0.00, 0.00, 1.00, 1.00, 1.00, 1.00, 1.00, 1.00, 0.00, 0.00, 0.00, 0.00, 1.00, 1.00, 0.00, 0.00
3609,  0,  60.133,  0.98,  1, 0.00, 0.00, 1.45, 0.00, 4.34, 2.63, 0.53, 3.20, 3.88, 1.67, 0.00, 0.09, 0.00, 0.00, 3.90, 0.24, 0.00, 0.00, 0.00, 0.00, 0.00, 1.00, 1.00, 1.00, 1.00, 1.00, 1.00, 0.00, 0.00, 0.00, 0.00, 1.00, 1.00, 0.00, 0.00
3610,  0,  60.150,  0.98,  1, 0.00, 0.00, 1.46, 0.00, 4.37, 2.62, 0.53, 3.21, 3.89, 1.56, 0.00, 0.07, 0.00, 0.00, 3.71, 0.18, 0.00, 0.00, 0.00, 0.00, 0.00, 1.00, 1.00, 1.00, 1.00, 1.00, 1.00, 0.00, 0.00, 0.00, 0.00, 1.00, 1.00, 0.00, 0.00
3611,  0,  60.167,  0.98,  1, 0.00, 0.00, 1.39, 0.00, 4.44, 2.66, 0.46, 3.26, 3.95, 1.56, 0.04, 0.07, 0.00, 0.00, 3.72, 0.04, 0.00, 0.00, 0.00, 0.00, 0.00, 1.00, 1.00, 1.00, 1.00, 1.00, 1.00, 0.00, 0.00, 0.00, 0.00, 1.00, 1.00, 0.00, 0.00
3612,  0,  60.183,  0.98,  1, 0.00, 0.00, 1.33, 0.00, 4.43, 2.87, 0.41, 3.25, 3.99, 1.62, 0.04, 0.00, 0.00, 0.00, 3.75, 0.10, 0.00, 0.00, 0.00, 0.00, 0.00, 1.00, 1.00, 1.00, 1.00, 1.00, 1.00, 0.00, 0.00, 0.00, 0.00, 1.00, 1.00, 0.00, 0.00
3613,  0,  60.200,  0.98,  1, 0.00, 0.00, 1.15, 0.00, 4.36, 2.58, 0.38, 3.27, 3.98, 1.64, 0.04, 0.00, 0.00, 0.00, 3.92, 0.20, 0.00, 0.00, 0.00, 0.00, 0.00, 1.00, 1.00, 1.00, 1.00, 1.00, 1.00, 0.00, 0.00, 0.00, 0.00, 1.00, 1.00, 0.00, 0.00
3614,  0,  60.217,  0.98,  1, 0.00, 0.00, 1.21, 0.00, 4.33, 2.48, 0.45, 3.22, 3.90, 1.69, 0.01, 0.04, 0.00, 0.00, 3.83, 0.20, 0.00, 0.00, 0.00, 0.00, 0.00, 1.00, 1.00, 1.00, 1.00, 1.00, 1.00, 0.00, 0.00, 0.00, 0.00, 1.00, 1.00, 0.00, 0.00
3615,  0,  60.233,  0.98,  1, 0.00, 0.00, 1.32, 0.00, 4.34, 2.28, 0.56, 3.27, 3.87, 1.61, 0.03, 0.04, 0.00, 0.00, 3.82, 0.28, 0.00, 0.00, 0.00, 0.00, 0.00, 1.00, 1.00, 1.00, 1.00, 1.00, 1.00, 0.00, 0.00, 0.00, 0.00, 1.00, 1.00, 0.00, 0.00
3616,  0,  60.250,  0.98,  1, 0.00, 0.00, 1.50, 0.00, 4.36, 2.64, 0.62, 3.26, 3.86, 1.52, 0.03, 0.04, 0.00, 0.00, 3.75, 0.31, 0.00, 0.00, 0.00, 0.00, 0.00, 1.00, 1.00, 1.00, 1.00, 1.00, 1.00, 0.00, 0.00, 0.00, 0.00, 1.00, 1.00, 0.00, 0.00
3617,  0,  60.267,  0.98,  1, 0.00, 0.00, 1.52, 0.00, 4.32, 2.51, 0.65, 3.28, 3.87, 1.48, 0.02, 0.04, 0.00, 0.00, 3.85, 0.40, 0.00, 0.00, 0.00, 0.00, 0.00, 1.00, 1.00, 1.00, 1.00, 1.00, 1.00, 0.00, 0.00, 0.00, 0.00, 1.00, 1.00, 0.00, 0.00
3618,  0,  60.283,  0.98,  1, 0.00, 0.00, 1.51, 0.00, 4.32, 2.59, 0.61, 3.19, 3.93, 1.53, 0.00, 0.04, 0.00, 0.00, 3.81, 0.26, 0.00, 0.00, 0.00, 0.00, 0.00, 1.00, 1.00, 1.00, 1.00, 1.00, 1.00, 0.00, 0.00, 0.00, 0.00, 1.00, 1.00, 0.00, 0.00
3619,  0,  60.300,  0.98,  1, 0.00, 0.00, 1.60, 0.00, 4.30, 2.29, 0.53, 3.13, 3.93, 1.66, 0.00, 0.04, 0.00, 0.00, 3.76, 0.15, 0.00, 0.00, 0.00, 0.00, 0.00, 1.00, 1.00, 1.00, 1.00, 1.00, 1.00, 0.00, 0.00, 0.00, 0.00, 1.00, 1.00, 0.00, 0.00
3620,  0,  60.317,  0.98,  1, 0.00, 0.00, 1.75, 0.06, 4.33, 2.51, 0.55, 3.10, 3.95, 1.77, 0.00, 0.00, 0.00, 0.00, 3.85, 0.14, 0.00, 0.00, 0.00, 0.00, 0.00, 1.00, 1.00, 1.00, 1.00, 1.00, 1.00, 0.00, 0.00, 0.00, 0.00, 1.00, 1.00, 0.00, 0.00
3621,  0,  60.333,  0.98,  1, 0.00, 0.00, 1.48, 0.06, 4.30, 2.46, 0.48, 3.18, 3.93, 1.76, 0.01, 0.00, 0.00, 0.00, 4.03, 0.26, 0.00, 0.00, 0.00, 0.00, 0.00, 1.00, 1.00, 1.00, 1.00, 1.00, 1.00, 0.00, 0.00, 0.00, 0.00, 1.00, 1.00, 0.00, 0.00
3622,  0,  60.350,  0.98,  1, 0.00, 0.00, 1.31, 0.06, 4.28, 2.49, 0.49, 3.25, 3.93, 1.74, 0.01, 0.00, 0.00, 0.00, 4.05, 0.26, 0.00, 0.00, 0.00, 0.00, 0.00, 1.00, 1.00, 1.00, 1.00, 1.00, 1.00, 0.00, 0.00, 0.00, 0.00, 1.00, 1.00, 0.00, 0.00
3623,  0,  60.367,  0.98,  1, 0.00, 0.00, 1.15, 0.00, 4.27, 2.39, 0.44, 3.35, 3.92, 1.69, 0.01, 0.00, 0.00, 0.00, 4.02, 0.26, 0.00, 0.00, 0.00, 0.00, 0.00, 1.00, 1.00, 1.00, 1.00, 1.00, 1.00, 0.00, 0.00, 0.00, 0.00, 1.00, 1.00, 0.00, 0.00
3624,  0,  60.383,  0.98,  1, 0.00, 0.00, 1.33, 0.00, 4.29, 2.38, 0.49, 3.36, 3.93, 1.75, 0.00, 0.00, 0.00, 0.00, 3.85, 0.19, 0.00, 0.00, 0.00, 0.00, 0.00, 1.00, 1.00, 1.00, 1.00, 1.00, 1.00, 0.00, 0.00, 0.00, 0.00, 1.00, 1.00, 0.00, 0.00
3625,  0,  60.400,  0.98,  1, 0.00, 0.00, 1.39, 0.00, 4.27, 2.61, 0.53, 3.37, 3.93, 1.72, 0.00, 0.01, 0.00, 0.00, 3.84, 0.16, 0.00, 0.00, 0.00, 0.00, 0.00, 1.00, 1.00, 1.00, 1.00, 1.00, 1.00, 0.00, 0.00, 0.00, 0.00, 1.00, 1.00, 0.00, 0.00
3626,  0,  60.417,  0.98,  1, 0.00, 0.00, 1.40, 0.00, 4.17, 2.64, 0.54, 3.33, 3.95, 1.67, 0.00, 0.01, 0.00, 0.00, 3.86, 0.29, 0.00, 0.00, 0.00, 0.00, 0.00, 1.00, 1.00, 1.00, 1.00, 1.00, 1.00, 0.00, 0.00, 0.00, 0.00, 1.00, 1.00, 0.00, 0.00
3627,  0,  60.433,  0.98,  1, 0.00, 0.00, 1.31, 0.00, 4.16, 2.54, 0.46, 3.31, 3.92, 1.72, 0.07, 0.01, 0.00, 0.00, 4.03, 0.24, 0.00, 0.00, 0.00, 0.00, 0.00, 1.00, 1.00, 1.00, 1.00, 1.00, 1.00, 0.00, 0.00, 0.00, 0.00, 1.00, 1.00, 0.00, 0.00
3628,  0,  60.450,  0.98,  1, 0.00, 0.00, 1.26, 0.00, 4.23, 2.47, 0.37, 3.26, 3.93, 1.78, 0.10, 0.00, 0.00, 0.00, 4.08, 0.22, 0.00, 0.00, 0.00, 0.00, 0.00, 1.00, 1.00, 1.00, 1.00, 1.00, 1.00, 0.00, 0.00, 0.00, 0.00, 1.00, 1.00, 0.00, 0.00
3629,  0,  60.467,  0.98,  1, 0.00, 0.00, 1.38, 0.00, 4.38, 2.56, 0.33, 3.22, 3.92, 1.88, 0.10, 0.00, 0.00, 0.00, 3.94, 0.00, 0.00, 0.00, 0.00, 0.00, 0.00, 1.00, 1.00, 1.00, 1.00, 1.00, 1.00, 0.00, 0.00, 0.00, 0.00, 1.00, 1.00, 0.00, 0.00
3630,  0,  60.483,  0.98,  1, 0.00, 0.00, 1.44, 0.00, 4.38, 2.67, 0.34, 3.23, 3.92, 1.86, 0.03, 0.00, 0.00, 0.00, 3.90, 0.03, 0.00, 0.00, 0.00, 0.00, 0.00, 1.00, 1.00, 1.00, 1.00, 1.00, 1.00, 0.00, 0.00, 0.00, 0.00, 1.00, 1.00, 0.00, 0.00
3631,  0,  60.500,  0.98,  1, 0.00, 0.00, 1.52, 0.00, 4.30, 2.51, 0.36, 3.32, 3.96, 1.81, 0.01, 0.00, 0.00, 0.00, 3.84, 0.06, 0.00, 0.00, 0.00, 0.00, 0.00, 1.00, 1.00, 1.00, 1.00, 1.00, 1.00, 0.00, 0.00, 0.00, 0.00, 1.00, 1.00, 0.00, 0.00
3632,  0,  60.517,  0.98,  1, 0.00, 0.00, 1.56, 0.00, 4.23, 2.46, 0.48, 3.39, 3.98, 1.87, 0.10, 0.00, 0.00, 0.00, 3.82, 0.28, 0.00, 0.00, 0.00, 0.00, 0.00, 1.00, 1.00, 1.00, 1.00, 1.00, 1.00, 0.00, 0.00, 0.00, 0.00, 1.00, 1.00, 0.00, 0.00
3633,  0,  60.533,  0.98,  1, 0.00, 0.00, 1.55, 0.00, 4.30, 2.35, 0.54, 3.34, 3.95, 1.75, 0.10, 0.00, 0.00, 0.00, 3.80, 0.41, 0.00, 0.00, 0.00, 0.00, 0.00, 1.00, 1.00, 1.00, 1.00, 1.00, 1.00, 0.00, 0.00, 0.00, 0.00, 1.00, 1.00, 0.00, 0.00
3634,  0,  60.550,  0.98,  1, 0.00, 0.00, 1.54, 0.00, 4.35, 2.32, 0.64, 3.33, 3.92, 1.75, 0.10, 0.00, 0.00, 0.00, 3.75, 0.63, 0.00, 0.00, 0.00, 0.00, 0.00, 1.00, 1.00, 1.00, 1.00, 1.00, 1.00, 0.00, 0.00, 0.00, 0.00, 1.00, 1.00, 0.00, 0.00
3635,  0,  60.567,  0.98,  1, 0.00, 0.00, 1.45, 0.00, 4.35, 2.32, 0.59, 3.32, 3.95, 1.64, 0.00, 0.06, 0.00, 0.00, 3.85, 0.51, 0.00, 0.00, 0.00, 0.00, 0.00, 1.00, 1.00, 1.00, 1.00, 1.00, 1.00, 0.00, 0.00, 0.00, 0.00, 1.00, 1.00, 0.00, 0.00
3636,  0,  60.583,  0.98,  1, 0.00, 0.00, 1.50, 0.00, 4.23, 2.45, 0.51, 3.28, 3.96, 1.66, 0.01, 0.06, 0.00, 0.00, 3.81, 0.47, 0.00, 0.00, 0.00, 0.00, 0.00, 1.00, 1.00, 1.00, 1.00, 1.00, 1.00, 0.00, 0.00, 0.00, 0.00, 1.00, 1.00, 0.00, 0.00
3637,  0,  60.600,  0.98,  1, 0.00, 0.00, 1.60, 0.00, 4.25, 2.67, 0.53, 3.09, 3.94, 1.60, 0.01, 0.06, 0.00, 0.00, 3.90, 0.29, 0.00, 0.00, 0.00, 0.00, 0.00, 1.00, 1.00, 1.00, 1.00, 1.00, 1.00, 0.00, 0.00, 0.00, 0.00, 1.00, 1.00, 0.00, 0.00
3638,  0,  60.617,  0.98,  1, 0.00, 0.00, 1.68, 0.00, 4.29, 2.83, 0.51, 3.03, 3.96, 1.53, 0.01, 0.00, 0.00, 0.00, 3.91, 0.19, 0.00, 0.00, 0.00, 0.00, 0.00, 1.00, 1.00, 1.00, 1.00, 1.00, 1.00, 0.00, 0.00, 0.00, 0.00, 1.00, 1.00, 0.00, 0.00
3639,  0,  60.633,  0.98,  1, 0.00, 0.00, 1.71, 0.00, 4.36, 2.65, 0.60, 3.05, 3.96, 1.47, 0.00, 0.00, 0.00, 0.00, 3.87, 0.20, 0.00, 0.00, 0.00, 0.00, 0.00, 1.00, 1.00, 1.00, 1.00, 1.00, 1.00, 0.00, 0.00, 0.00, 0.00, 1.00, 1.00, 0.00, 0.00
3640,  0,  60.650,  0.98,  1, 0.00, 0.00, 1.66, 0.00, 4.32, 2.56, 0.58, 3.11, 3.96, 1.59, 0.01, 0.00, 0.00, 0.00, 4.00, 0.16, 0.00, 0.00, 0.00, 0.00, 0.00, 1.00, 1.00, 1.00, 1.00, 1.00, 1.00, 0.00, 0.00, 0.00, 0.00, 1.00, 1.00, 0.00, 0.00
3641,  0,  60.667,  0.98,  1, 0.00, 0.00, 1.58, 0.00, 4.26, 2.49, 0.50, 3.17, 3.90, 1.59, 0.01, 0.00, 0.00, 0.00, 3.97, 0.32, 0.00, 0.00, 0.00, 1.00, 0.00, 1.00, 1.00, 1.00, 1.00, 1.00, 1.00, 0.00, 0.00, 0.00, 0.00, 1.00, 1.00, 0.00, 0.00
3642,  0,  60.683,  0.98,  1, 0.00, 0.00, 1.54, 0.00, 4.31, 2.70, 0.44, 3.26, 3.90, 1.62, 0.07, 0.00, 0.00, 0.00, 3.94, 0.35, 0.00, 0.00, 0.00, 0.00, 0.00, 1.00, 1.00, 1.00, 1.00, 1.00, 1.00, 0.00, 0.00, 0.00, 0.00, 1.00, 1.00, 0.00, 0.00
3643,  0,  60.700,  0.98,  1, 0.00, 0.00, 1.52, 0.00, 4.29, 2.54, 0.34, 3.34, 3.95, 1.54, 0.09, 0.00, 0.00, 0.00, 3.88, 0.31, 0.00, 0.00, 0.00, 0.00, 0.00, 1.00, 1.00, 1.00, 1.00, 1.00, 1.00, 0.00, 0.00, 0.00, 0.00, 1.00, 1.00, 0.00, 0.00
3644,  0,  60.717,  0.98,  1, 0.00, 0.00, 1.40, 0.00, 4.19, 2.27, 0.29, 3.28, 3.98, 1.52, 0.09, 0.00, 0.00, 0.00, 3.80, 0.16, 0.00, 0.00, 0.00, 0.00, 0.00, 1.00, 1.00, 1.00, 1.00, 1.00, 1.00, 0.00, 0.00, 0.00, 0.00, 1.00, 1.00, 0.00, 0.00
3645,  0,  60.733,  0.98,  1, 0.00, 0.00, 1.31, 0.07, 4.12, 2.13, 0.33, 3.20, 4.04, 1.50, 0.06, 0.00, 0.00, 0.00, 3.78, 0.08, 0.00, 0.00, 0.00, 0.00, 0.00, 1.00, 1.00, 1.00, 1.00, 1.00, 1.00, 0.00, 0.00, 0.00, 0.00, 1.00, 1.00, 0.00, 0.00
3646,  0,  60.750,  0.98,  1, 0.00, 0.00, 1.20, 0.07, 4.14, 2.38, 0.40, 3.14, 4.02, 1.41, 0.03, 0.00, 0.00, 0.00, 3.69, 0.23, 0.00, 0.00, 0.00, 0.00, 0.00, 1.00, 1.00, 1.00, 1.00, 1.00, 1.00, 0.00, 0.00, 0.00, 0.00, 1.00, 1.00, 0.00, 0.00
3647,  0,  60.767,  0.98,  1, 0.00, 0.00, 1.33, 0.07, 4.30, 2.62, 0.49, 3.18, 4.00, 1.43, 0.07, 0.00, 0.00, 0.00, 3.67, 0.28, 0.00, 0.00, 0.00, 0.00, 0.00, 1.00, 1.00, 1.00, 1.00, 1.00, 1.00, 0.00, 0.00, 0.00, 0.00, 1.00, 1.00, 0.00, 0.00
3648,  0,  60.783,  0.98,  1, 0.00, 0.00, 1.30, 0.00, 4.34, 2.61, 0.40, 3.27, 3.94, 1.43, 0.04, 0.00, 0.00, 0.00, 3.70, 0.26, 0.04, 0.00, 0.00, 0.00, 0.00, 1.00, 1.00, 1.00, 1.00, 1.00, 1.00, 0.00, 0.00, 0.00, 0.00, 1.00, 1.00, 0.00, 0.00
3649,  0,  60.800,  0.98,  1, 0.00, 0.00, 1.27, 0.00, 4.27, 2.39, 0.27, 3.26, 4.02, 1.59, 0.06, 0.00, 0.00, 0.00, 3.76, 0.19, 0.32, 0.00, 0.00, 0.00, 0.00, 1.00, 1.00, 1.00, 1.00, 1.00, 1.00, 0.00, 0.00, 0.00, 0.00, 1.00, 1.00, 0.00, 1.00
3650,  0,  60.817,  0.98,  1, 0.00, 0.00, 1.02, 0.00, 4.08, 2.05, 0.17, 3.26, 4.11, 1.60, 0.02, 0.04, 0.00, 0.00, 3.75, 0.15, 0.57, 0.00, 0.00, 0.00, 0.00, 1.00, 1.00, 1.00, 1.00, 1.00, 1.00, 0.00, 0.00, 0.00, 0.00, 1.00, 1.00, 0.00, 1.00
3651,  0,  60.833,  0.98,  1, 0.00, 0.00, 1.01, 0.00, 3.92, 1.64, 0.11, 3.29, 4.20, 1.75, 0.04, 0.04, 0.00, 0.00, 3.76, 0.16, 1.09, 0.00, 0.00, 0.00, 0.00, 1.00, 1.00, 1.00, 1.00, 1.00, 1.00, 0.00, 0.00, 0.00, 0.00, 1.00, 1.00, 0.00, 1.00
3652,  0,  60.850,  0.98,  1, 0.00, 0.00, 1.11, 0.00, 3.83, 1.27, 0.00, 3.48, 4.19, 1.93, 0.04, 0.00, 0.00, 0.00, 3.76, 0.18, 1.68, 0.00, 0.00, 0.00, 0.00, 1.00, 1.00, 1.00, 1.00, 1.00, 1.00, 0.00, 0.00, 0.00, 0.00, 1.00, 1.00, 0.00, 1.00
